0.999999899990 -0.000000000551 0.000000000501 0.000000027328 -0.000000000551 0.999999999993 0.000000000869 0.000000000213 0.000000000501 0.000000000869 0.999999900018 -0.000000007362
0.999989388011 0.001589479416 -0.004309568758 0.961173464153 -0.001586498882 0.999998529296 0.000695220789 0.011432326234 0.004310669902 -0.000688374414 0.999990382693 0.026108772461
0.999984032725 0.002162395539 -0.005203349771 1.924063062626 -0.002169745442 0.999996680485 -0.001407244413 0.017375035804 0.005200291101 0.001418514317 0.999985386790 0.051917580680
0.999997166412 0.002173732667 -0.000893896421 2.887166664257 -0.002176316474 0.999993478678 -0.002898248159 0.031138830931 0.000887591160 0.002900187816 0.999995354910 0.093686784886
0.999983559128 0.001346814745 0.005555736591 3.847506931871 -0.001322425323 0.999989485678 -0.004391475043 0.044142828473 -0.005561593729 0.004384058739 0.999974855194 0.137241612514
0.999989092544 -0.000050890565 0.004661156918 4.805338569412 0.000091904672 0.999961307279 -0.008799568360 0.052014700709 -0.004660526920 0.008799906303 0.999950300177 0.174287944073
0.999997969782 -0.001111885447 0.001611325858 5.737230308906 0.001130390236 0.999932885396 -0.011529826249 0.062622943978 -0.001598398307 0.011531629579 0.999932144822 0.205970363349
0.999997068465 -0.001920623713 -0.001458246751 6.674299435008 0.001902854756 0.999925125406 -0.012089469643 0.073238191373 0.001481358659 0.012086666207 0.999925806129 0.223738335135
0.999993985944 -0.002717931726 -0.002111151420 7.603809865411 0.002693574513 0.999930754971 -0.011455358152 0.086968238950 0.002142140857 0.011449604678 0.999932059085 0.247734164901
0.999993192664 -0.003659895826 0.000194315667 8.533132382763 0.003661778447 0.999935093099 -0.010786950481 0.098687131356 -0.000154823109 0.010787583546 0.999941714237 0.269482681539
0.999985510802 -0.004364536569 0.003121652620 9.463595330921 0.004397709833 0.999933063963 -0.010700558415 0.111357444678 -0.003074741087 0.010714133827 0.999937825235 0.287556209444
0.999975687009 -0.005366891609 0.004432031530 10.386636454926 0.005414706981 0.999926460115 -0.010848402524 0.124555644086 -0.004373484249 0.010872137076 0.999931252876 0.302744139599
0.999969017468 -0.005988527490 0.005097695237 11.337145275919 0.006051354095 0.999904792495 -0.012399823576 0.138938760833 -0.005022953157 0.012430291627 0.999910090037 0.321100056337
0.999963380995 -0.006947821028 0.004989646576 12.220850305728 0.007010015452 0.999896548786 -0.012557606565 0.151294367664 -0.004901882793 0.012592129462 0.999908670219 0.346279321288
0.999964976682 -0.007627327737 0.003414280893 13.130273347136 0.007670424057 0.999888735687 -0.012792703763 0.165429950862 -0.003316328190 0.012818456717 0.999912287630 0.375431863757
0.999957129646 -0.009170442794 0.001205323629 14.037910701939 0.009185635330 0.999869788229 -0.013270736141 0.180426253982 -0.001083468817 0.013281244642 0.999911182125 0.409242666982
0.999942979783 -0.010673223876 -0.000057684971 14.941762375429 0.010671243954 0.999836808867 -0.014576849453 0.194249304407 0.000213257978 0.014575399141 0.999893711350 0.434295062870
0.999923674231 -0.012337627708 -0.000613747897 15.842326209226 0.012327669399 0.999823180959 -0.014199504024 0.211503596639 0.000788829111 0.014190856694 0.999898944810 0.452790411747
0.999903847064 -0.013775971160 -0.001534173642 16.738942402498 0.013755047348 0.999822221126 -0.012899536041 0.230995990141 0.001711606154 0.012877190616 0.999915531810 0.470368406822
0.999878749029 -0.015483004819 -0.001617101159 17.630585891429 0.015463516495 0.999815061373 -0.011436933329 0.248832855887 0.001793882156 0.011410547408 0.999933189597 0.484738265341
0.999854463903 -0.017045296601 -0.000651474504 18.522541843564 0.017036280892 0.999783317816 -0.011960832758 0.266636327751 0.000855210127 0.011947993700 0.999928218281 0.500671142402
0.999830817058 -0.018374493531 0.000723429353 19.409843144864 0.018381485754 0.999767262957 -0.011294404017 0.286992280337 -0.000515732682 0.011305798485 0.999935919984 0.519970491427
0.999801871711 -0.019875432916 0.001053857561 20.290306057968 0.019885928334 0.999740482866 -0.011117557590 0.307458847148 -0.000832615114 0.011136315330 0.999937545423 0.539327335691
0.999765711301 -0.021620709520 0.001009606689 21.164394304229 0.021631458316 0.999691076645 -0.012244739913 0.325989477661 -0.000744552659 0.012263719137 0.999924412054 0.546992370776
0.999730256580 -0.023218752033 0.000380583133 22.033349604694 0.023221689708 0.999652813340 -0.012448550277 0.343871926114 -0.000091409612 0.012454038141 0.999922330079 0.554558456102
0.999705739680 -0.024241014235 0.000838954493 22.896329772300 0.024249534769 0.999629493415 -0.012363979042 0.364512518730 -0.000538927984 0.012380691794 0.999923166905 0.560628969237
0.999676258090 -0.025288132971 0.002792435136 23.753278761761 0.025320168646 0.999606067441 -0.012106229441 0.385177373768 -0.002485191934 0.012173017702 0.999922774469 0.569042937691
0.999642789316 -0.026113256910 0.005682265062 24.611163784115 0.026187282190 0.999567660274 -0.013367889616 0.403710283261 -0.005330729803 0.013511930209 0.999894450410 0.577079785736
0.999616185798 -0.026794781719 0.007027463111 25.438054612023 0.026884504403 0.999554041337 -0.012999055856 0.419665416492 -0.006676022765 0.013183001546 0.999890772865 0.577970006833
0.999603218585 -0.027557344792 0.005823222928 26.262022016771 0.027628646697 0.999539629987 -0.012539922358 0.439039184041 -0.005474974464 0.012695835454 0.999904351428 0.579570717161
0.999594548977 -0.028309264972 0.003030079753 27.075992033977 0.028341375075 0.999536304499 -0.011138107270 0.460782428218 -0.002713363058 0.011219476658 0.999933346523 0.581754691444
0.999575922306 -0.029082200091 0.001410595624 27.872425991491 0.029095564681 0.999520170741 -0.010623751209 0.483253405556 -0.001100956988 0.010660295570 0.999942506954 0.590233951126
0.999548946225 -0.030015416052 0.000925510886 28.664896817035 0.030023107121 0.999500205882 -0.009895616319 0.506199083683 -0.000628026471 0.009918941983 0.999950547893 0.603502794796
0.999505830501 -0.031426829818 0.000521060201 29.449918510368 0.031430492770 0.999454926222 -0.010101527144 0.528851379324 -0.000203316028 0.010112915992 0.999948743277 0.616597268895
0.999445743892 -0.033288695271 -0.000112798229 30.221783857883 0.033285996423 0.999398035223 -0.009778483891 0.551790601293 0.000438244867 0.009769310094 0.999952120885 0.624153452716
0.999382351037 -0.035135332884 -0.000499626537 30.988459654835 0.035128771871 0.999334979520 -0.009779856713 0.574179875972 0.000842913743 0.009756275894 0.999951969442 0.619156264408
0.999307608443 -0.037198033882 0.000637849626 31.748616212059 0.037202580726 0.999256947690 -0.010073311530 0.599904801997 -0.000262667441 0.010090074459 0.999948943867 0.623308398895
0.999227480491 -0.039161489959 0.003281280728 32.492907613237 0.039192645694 0.999181246627 -0.010040197537 0.626908869761 -0.002885404067 0.010161046140 0.999944172882 0.633103391297
0.999148899871 -0.040998963962 0.004509270723 33.230360385669 0.041039331943 0.999114645968 -0.009256210614 0.658644460558 -0.004125784426 0.009433393232 0.999946954161 0.646844299163
0.999066763479 -0.042935047111 0.004697444202 33.957653155108 0.042970696764 0.999046151778 -0.007772594244 0.695772292002 -0.004359246247 0.007967198161 0.999958684743 0.661687152246
0.998992260172 -0.044727601207 0.003713591289 34.698766609492 0.044746292198 0.998985293124 -0.005113059738 0.736106312820 -0.003481127494 0.005274079033 0.999979946703 0.672700984110
0.998915700029 -0.046469087561 0.002807874895 35.388310647550 0.046479062351 0.998912745295 -0.003602242483 0.774350775045 -0.002637428522 0.003728846412 0.999989454676 0.680200772229
0.998839061141 -0.047987430543 0.004199210209 36.081024256340 0.048000673655 0.998842484869 -0.003112341989 0.810515291380 -0.004044995682 0.003310296710 0.999986253990 0.680408641171
0.998780610445 -0.049034597272 0.005718555859 36.768845492408 0.049046278662 0.998794632635 -0.001921212838 0.845967345788 -0.005617458211 0.002199344403 0.999981756920 0.679457707799
0.998780656225 -0.048961042624 0.006310990186 37.444689246141 0.048955014441 0.998800389174 0.001106026330 0.886319812683 -0.006357571457 -0.000795720744 0.999979354601 0.685501841998
0.998846247143 -0.047847304334 0.004094935181 38.106577447293 0.047829937666 0.998846548158 0.004237121135 0.924723304326 -0.004292946262 -0.004036371883 0.999982604699 0.684678611674
0.998940678397 -0.046010171832 0.000698255892 38.758691424291 0.046005339277 0.998924275605 0.005822138529 0.956081235768 -0.000965381418 -0.005783846395 0.999982745998 0.679953392039
0.999038231340 -0.043826574705 -0.001288986434 39.395620140469 0.043833708624 0.999019828077 0.006160926888 0.984657387674 0.001017710780 -0.006211504321 0.999980140583 0.681002101428
0.999168345456 -0.040772931432 -0.000382983484 40.032509932035 0.040774649342 0.999141407285 0.007345828762 1.014600075312 0.000083146253 -0.007355334844 0.999972847259 0.683873628950
0.999302525663 -0.037243406094 0.002686497510 40.681994087455 0.037207510371 0.999231166685 0.012358953057 1.047603780929 -0.003144720811 -0.012250375553 0.999919907652 0.693312001100
0.999418786604 -0.033485858323 0.006374123120 41.287478116318 0.033375059405 0.999302362755 0.016760854947 1.077251211091 -0.006930929033 -0.016538382448 0.999839150641 0.700812644380
0.999548440663 -0.029174785591 0.007185125333 41.886269706529 0.029013457660 0.999345211442 0.021617123626 1.103452274512 -0.007811096583 -0.021398904108 0.999740447895 0.705798488100
0.999689861439 -0.023782471968 0.007381635423 42.471058459653 0.023589069028 0.999402403077 0.025266127712 1.125423732276 -0.007978114886 -0.025084167219 0.999653435484 0.708404152893
0.999791755061 -0.018045836352 0.009520487946 43.039755407249 0.017764032599 0.999424570132 0.028896435212 1.143141684853 -0.010036472919 -0.028721304138 0.999536974806 0.711842555293
0.999872847489 -0.011361698399 0.011184303855 43.587985650059 0.010977402419 0.999366866896 0.033842275475 1.158728751973 -0.011561726598 -0.033715206344 0.999364485616 0.716956477489
0.999932374459 -0.004206261273 0.010835874178 44.115005693842 0.003802094109 0.999306048947 0.037053221562 1.168153897589 -0.010984209824 -0.037009525471 0.999254476594 0.722573044012
0.999928037187 0.003096697504 0.011580518033 44.622630104937 -0.003563117700 0.999174202754 0.040474944925 1.172093172591 -0.011445614255 -0.040513298891 0.999113360059 0.727704239089
0.999876844608 0.010657690642 0.011517512947 45.106109387233 -0.011164062599 0.998932082678 0.044834255644 1.174574321948 -0.011027388472 -0.044957317176 0.998927972715 0.726746452769
0.999787116724 0.018538876881 0.009048226693 45.570001742607 -0.018961700609 0.998612589430 0.049126409812 1.173963906433 -0.008124924455 -0.049287531781 0.998751493846 0.725442965590
0.999624268895 0.026686335122 0.006242893408 46.009296293104 -0.026969302018 0.998345975537 0.050774388194 1.168093624406 -0.004877584435 -0.050923688612 0.998690555568 0.731071240108
0.999375372449 0.034613880471 0.007108475631 46.431080532265 -0.034932818421 0.998079949826 0.051148188851 1.156127327921 -0.005324389071 -0.051364573357 0.998665677725 0.736611305848
0.999064839331 0.042307347367 0.008909127351 46.828328104339 -0.042704863787 0.997808334093 0.050545419866 1.137644967203 -0.006751158701 -0.050878619484 0.998681926576 0.742430288819
0.998678318650 0.050343452090 0.010345448278 47.200431504938 -0.050816873448 0.997342881638 0.052200297601 1.119076597025 -0.007690015547 -0.052657045830 0.998582999712 0.745990401273
0.998167621229 0.059490732160 0.011047218620 47.563389002382 -0.060015067713 0.996650918881 0.055544434561 1.101461901854 -0.007705840491 -0.056105675036 0.998395059890 0.749127841187
0.997622543900 0.067957571988 0.011442900639 47.874632944609 -0.068525230109 0.995838195381 0.060087719619 1.085878306495 -0.007311863652 -0.060729009099 0.998127460719 0.753712947290
0.996953578537 0.076987958738 0.012502922071 48.173097483430 -0.077630668572 0.994954039970 0.063560761343 1.065254834830 -0.007546422234 -0.064337752193 0.997899581493 0.760606237987
0.996182084641 0.086247243505 0.013509614314 48.447538350283 -0.086930954077 0.994226608613 0.062901167684 1.037815837635 -0.008006569253 -0.063835433098 0.997928206747 0.772156727262
0.995202590776 0.097071611375 0.012200228344 48.713327154682 -0.097643265473 0.993305410331 0.061727097678 1.007441463613 -0.006126597864 -0.062622249679 0.998018398893 0.781584703488
0.993973400439 0.109314745265 0.008184776878 48.972349604290 -0.109610085868 0.992142814007 0.060318653723 0.974424808637 -0.001526751905 -0.060852282987 0.998145585553 0.789478848034
0.992418648788 0.122803984103 0.004923803585 49.229298755013 -0.122874477727 0.990537851945 0.061127676528 0.938862810833 0.002629508326 -0.061269264385 0.998117699268 0.796464013576
0.990350968967 0.138513621195 0.004330994922 49.484462370799 -0.138510944054 0.988369584561 0.062771965195 0.902198624387 0.004414149016 -0.062766183982 0.998018446472 0.805320260466
0.987818899815 0.155538953172 0.004614666825 49.747766682758 -0.155510586419 0.985723748937 0.064538073128 0.858626730900 0.005489400629 -0.064469571778 0.997904451248 0.812773209731
0.985123235745 0.171786252996 0.004648574867 49.984928519317 -0.171724167513 0.983015240515 0.064745172146 0.812316256006 0.006552714980 -0.064580263569 0.997890923739 0.819895866694
0.981772278157 0.190002715949 0.004683882261 50.230258056326 -0.189911220272 0.979727333726 0.063782218114 0.756628620390 0.007529872704 -0.063509155155 0.997952788117 0.826740658853
0.977698800139 0.209938618417 0.005544663176 50.478165796370 -0.209869380545 0.975722804155 0.062608630040 0.694455789957 0.007733921392 -0.062376053931 0.998022695706 0.834086342671
0.973286816508 0.229518825413 0.005809608338 50.709323771484 -0.229424379942 0.971295925736 0.062839068925 0.632755417562 0.008779905937 -0.062493322974 0.998006657756 0.839987608753
0.968002647311 0.250880744084 0.005444554088 50.948764386051 -0.250700241189 0.965903078379 0.064657306550 0.564959999827 0.010962373366 -0.063953417211 0.997892574310 0.846011391959
0.961810180236 0.273665673568 0.005313684299 51.186621143057 -0.273414456447 0.959652100310 0.065668473103 0.489760558324 0.012871927675 -0.064613462804 0.997827219454 0.853294196380
0.954485343526 0.298185659290 0.006550775545 51.427396608921 -0.297946446960 0.952256728455 0.066595862422 0.406187870747 0.013619920960 -0.065516577193 0.997758428018 0.862219295024
0.946018028314 0.323998436518 0.008645349958 51.668929468356 -0.323800596631 0.943595524556 0.069142711817 0.317380789866 0.014244421133 -0.068209640094 0.997569247130 0.872089526134
0.935982723784 0.351885856770 0.010608193215 51.913223581081 -0.351720163997 0.933397157564 0.071152567555 0.218526085544 0.015135925141 -0.070328707344 0.997408918652 0.883101609747
0.924875018699 0.380083170056 0.011950513732 52.145381792415 -0.379929550112 0.922257240044 0.071380065545 0.111154967631 0.016108917424 -0.070558016681 0.997377541257 0.894553704787
0.912011436389 0.410001964912 0.011554117422 52.374968740719 -0.409777798551 0.909566321031 0.069074370404 -0.011637892326 0.017811396504 -0.067731246909 0.997544542579 0.904864880290
0.896587129815 0.442754386921 0.009995285075 52.603556380807 -0.442402673474 0.894385447518 0.065989105315 -0.148126728072 0.020277330909 -0.063586938558 0.997770222667 0.914150965143
0.879173275461 0.476438656579 0.007771965946 52.828003491575 -0.475884413285 0.877086872560 0.065213079320 -0.291085503306 0.024253350245 -0.061032169267 0.997841051979 0.922808392291
0.859551481343 0.511015832266 0.005832197406 53.051913515425 -0.510223496990 0.857458531052 0.066609419400 -0.444529061890 0.029037608226 -0.060229960653 0.997761987606 0.931535696347
0.837453694920 0.546484791303 0.005059315896 53.282976147138 -0.545505582783 0.835321026650 0.068281416910 -0.614214940919 0.033088611908 -0.059942428188 0.997653178430 0.941570563857
0.812629340767 0.582749688057 0.006015852089 53.518487579959 -0.581642578252 0.810354451521 0.070834829726 -0.799435896036 0.036404010397 -0.061061548449 0.997469807713 0.953140645488
0.785596117418 0.618671249765 0.009199958961 53.748010532118 -0.617523207359 0.783033175613 0.074324977252 -0.996625996864 0.038778862202 -0.064070610059 0.997191506969 0.968090731631
0.755836230988 0.654628926932 0.013135567711 53.988386311103 -0.653461065366 0.752920947473 0.078093467961 -1.216156855391 0.041232209022 -0.067609470753 0.996859421539 0.983876964398
0.722701240829 0.690998077987 0.014985184067 54.224124329916 -0.689794795913 0.719741393181 0.078455847043 -1.462977787789 0.043427396104 -0.067036847297 0.996804865990 1.000904309171
0.686060140426 0.727354423819 0.016643741595 54.449756016718 -0.726243723068 0.683286655205 0.075427281737 -1.741233175043 0.043489934944 -0.063835080718 0.997012304369 1.013046021186
0.646898302690 0.762372895346 0.017609649431 54.676885018082 -0.761271763981 0.644269307170 0.073364295173 -2.055505275662 0.044585613623 -0.060864978818 0.997149690140 1.011733103652
0.603888527790 0.796837754134 0.019190613232 54.893507063854 -0.795736042299 0.601312330227 0.072301947378 -2.389226234813 0.046073377855 -0.058932995269 0.997198041983 1.015300697550
0.558390998301 0.829366922654 0.018708675571 55.100018101804 -0.828139182286 0.555953295244 0.071424283587 -2.741532137955 0.048835799189 -0.055376076056 0.997270506456 1.008828550373
0.510335344961 0.859736177715 0.020284183172 55.299055507318 -0.858549692661 0.507990012231 0.069560043148 -3.118989591685 0.049499134451 -0.052913935794 0.997371442808 1.013341321366
0.461603930255 0.886787194566 0.023026525858 55.478477032679 -0.885753615813 0.459333080653 0.066735474569 -3.518760241016 0.048603327944 -0.051201194080 0.997504889092 1.016336279266
0.411647927874 0.910925376142 0.027583517698 55.640866881802 -0.910125705047 0.409346035388 0.064086172239 -3.944838904716 0.047086528320 -0.051485416946 0.997563036738 1.038965414803
0.362106033202 0.931505862562 0.034292950010 55.789258913368 -0.930976106632 0.359574795699 0.063161842205 -4.382570122253 0.046504759957 -0.054797207287 0.997413871099 1.058827832452
0.312656269081 0.949247689222 0.034274999346 55.905609503405 -0.948577996976 0.310150239829 0.063297718349 -4.840382277178 0.049454828735 -0.052302955272 0.997405891090 1.079191774373
0.265260908299 0.963783977233 0.027514824704 55.998706697275 -0.962927795720 0.263357495011 0.058419380707 -5.319020450664 0.049057435276 -0.041991174616 0.997912796690 1.106290051185
0.220902131585 0.975139609720 0.017462763605 56.063800291127 -0.974143345309 0.219735565837 0.052545059076 -5.819744986786 0.047401593685 -0.028618552471 0.998465802577 1.132961008472
0.177413431129 0.984070039268 0.011431856981 56.121723027373 -0.982982867182 0.176631250795 0.050457759082 -6.341667021949 0.047634759025 -0.020189199848 0.998660718076 1.154440568664
0.139624749103 0.990161827552 0.009190947394 56.166802577198 -0.988887273215 0.138954501827 0.052852975986 -6.854233925622 0.051055885742 -0.016468390544 0.998559949070 1.177330445675
0.107178222841 0.994237227470 0.002278452341 56.191079240230 -0.992893862740 0.106913684413 0.052260501383 -7.385914135203 0.051715749978 -0.007863444747 0.998630792746 1.213873050110
0.077880477971 0.996959738209 -0.002444903283 56.215569825959 -0.995698374012 0.077904951222 0.050154422250 -7.936797200676 0.050192420151 -0.001471657160 0.998738370807 1.258159905202
0.052829164492 0.998573984325 -0.007680297922 56.227905927988 -0.997448642164 0.053136288973 0.047672718791 -8.502301652184 0.048012860517 0.005142199791 0.998833386535 1.292827965144
0.032996214753 0.999383671724 -0.011976708547 56.238408629014 -0.998299649956 0.033531824246 0.047679578545 -9.079252575108 0.048051805240 0.010383112003 0.998790791000 1.330415606503
0.017289326305 0.999748291486 -0.014296172618 56.240787857263 -0.998622444045 0.017974766629 0.049295505443 -9.661103121279 0.049540077614 0.013424204630 0.998681827066 1.368526934632
0.003830644583 0.999893406888 -0.014089560086 56.242164521748 -0.998803547375 0.004512622475 0.048694021895 -10.265992947948 0.048752428934 0.013886184944 0.998714265942 1.407647025854
-0.007660189085 0.999875416264 -0.013800316865 56.244108419900 -0.998762175969 -0.006971920282 0.049249119936 -10.866342803023 0.049146781014 0.014160500307 0.998691099368 1.450352051222
-0.016633655140 0.999699381084 -0.018015561189 56.229824557657 -0.998493799333 -0.015666044392 0.052580493965 -11.484250231727 0.052282469618 0.018863048669 0.998454079532 1.501507822909
-0.023393686878 0.999480809020 -0.022156371700 56.197371613953 -0.998270584407 -0.022158330640 0.054449307462 -12.112562399999 0.053930104479 0.023391840030 0.998270637518 1.556005655863
-0.028052403536 0.999362210834 -0.022096437553 56.171767558600 -0.998207031557 -0.026837040607 0.053501176825 -12.750671757042 0.052874058919 0.023557667750 0.998323214143 1.600064092815
-0.031609283863 0.999309091183 -0.019549589157 56.152818844271 -0.998227224100 -0.030576110810 0.051063335266 -13.404149341147 0.050430314391 0.021129021962 0.998503934673 1.643178557433
-0.033803997703 0.999276696298 -0.017416075372 56.128404852332 -0.998507750524 -0.033019921590 0.043495316503 -14.065630431003 0.042888792665 0.018860412846 0.998901749294 1.690033156470
-0.035036840729 0.999206575577 -0.018940301015 56.091262133382 -0.998703014090 -0.034306075553 0.037620828026 -14.746116985245 0.036941216349 0.020233868130 0.999112486282 1.731993547579
-0.035549919518 0.999134008858 -0.021621943666 56.048382492539 -0.998764645043 -0.034768532913 0.035500080114 -15.431505855817 0.034717580865 0.022857272025 0.999135672431 1.773612328435
-0.035464145882 0.999065467569 -0.024706759965 56.009497523139 -0.998686226734 -0.034514051018 0.037874738285 -16.121059644660 0.036986631384 0.026017512961 0.998976946900 1.816245902128
-0.035153701623 0.999051774412 -0.025684928398 55.971474081614 -0.998365568002 -0.033947589201 0.045974481250 -16.816344948733 0.045058960368 0.027259132356 0.998612240824 1.851569258040
-0.033295627879 0.999103019752 -0.026164610047 55.939600146049 -0.998042102142 -0.031850617854 0.053827953638 -17.518449572615 0.052946333572 0.027905626483 0.998207265734 1.881724840375
-0.031265376672 0.999129002891 -0.027636583759 55.909557795802 -0.998027055781 -0.029700857815 0.055314569033 -18.238723004380 0.054445569149 0.029311501253 0.998086314487 1.916704523766
-0.028979616005 0.999220583075 -0.026804135760 55.880695619837 -0.998351324667 -0.027604469497 0.050324066057 -18.976332334848 0.049544939215 0.028218334402 0.998373145502 1.958140953804
-0.026213669120 0.999299366535 -0.026715162667 55.854799332869 -0.998769745850 -0.025055787245 0.042792108914 -19.713978138794 0.042092767919 0.027804044723 0.998726696364 2.005968693910
-0.023425518420 0.999423521011 -0.024573058404 55.832625111490 -0.998863597658 -0.022377765630 0.042080149624 -20.449048081546 0.041506023512 0.025530899262 0.998811924049 2.047144598197
-0.020679745857 0.999252338278 -0.032667512373 55.798832642814 -0.998673711409 -0.019104768615 0.047809827359 -21.174807816974 0.047149988283 0.033612900274 0.998322054472 2.082538958159
-0.017575659606 0.999239194845 -0.034815644342 55.770749506169 -0.998459558691 -0.015707886469 0.053213070785 -21.903560268981 0.052625722199 0.035697284928 0.997976006075 2.119287842645
-0.015034885795 0.999489421156 -0.028193032240 55.765434004551 -0.998469687324 -0.013506915846 0.053625281719 -22.640203238785 0.053217116961 0.028956156159 0.998163011642 2.162438885394
-0.011504391338 0.999625237041 -0.024841232241 55.760561921006 -0.998640879457 -0.010223057924 0.051105748406 -23.369731019595 0.050832648147 0.025395431279 0.998384186262 2.212053262964
-0.006804731145 0.999561237645 -0.028828693867 55.741438704880 -0.998947233579 -0.005487038801 0.045542648761 -24.111785188286 0.045364495791 0.029108267119 0.998546279946 2.265576103536
-0.003868775394 0.999415903274 -0.033953927086 55.718970817206 -0.998839199883 -0.002231835648 0.048116692882 -24.850470073870 0.048012825135 0.034100681989 0.998264392042 2.309489031810
-0.000909891389 0.999435417560 -0.033586974603 55.716017744087 -0.998639521744 0.000842967745 0.052137571199 -25.574135705613 0.052136464782 0.033588736918 0.998074847543 2.351602703141
0.002714178104 0.999536073602 -0.030337124593 55.725677874822 -0.998556276575 0.004336495217 0.053539063014 -26.307591751652 0.053645800652 0.030148029758 0.998104730679 2.397856033202
0.006645170344 0.999542203487 -0.029515171926 55.741283186343 -0.998597933217 0.008183184092 0.052297910042 -27.045048946227 0.052515508037 0.029126275434 0.998195168563 2.444474039384
0.010399727380 0.999363591722 -0.034122408405 55.747532467497 -0.998693866028 0.012087717454 0.049641414452 -27.784997492496 0.050022297808 0.033561596014 0.998183955166 2.496363367398
0.014139349439 0.999141701904 -0.038934793117 55.758275940144 -0.998648671894 0.016058397403 0.049425472532 -28.519151514102 0.050008296415 0.038183353674 0.998018603158 2.550867538292
0.017526718824 0.998964638180 -0.041981209809 55.768775760154 -0.998530382483 0.019641754141 0.050509540376 -29.254309302106 0.051281845984 0.041034268413 0.997840747035 2.598091911836
0.020235955078 0.998900001475 -0.042299506055 55.781526597277 -0.998456542986 0.022379389310 0.050829117182 -29.988782479267 0.051719859543 0.041205663919 0.997811075611 2.641864565501
0.023728262095 0.998743092993 -0.044149263106 55.792481803178 -0.998427569913 0.025917987394 0.049705449639 -30.728638226389 0.050787245488 0.042900431679 0.997787570512 2.684256235544
0.027427638325 0.998574638875 -0.045785771263 55.804285005123 -0.998406863159 0.029624878309 0.048021697878 -31.469962975582 0.049309667975 0.044395726357 0.997796243366 2.727861849195
0.030274015985 0.998531822060 -0.044917931985 55.826091153458 -0.998258728906 0.032480667376 0.049237962399 -32.208952486424 0.050624650642 0.043349107188 0.997776496639 2.761261302550
0.033419158659 0.998544136538 -0.042341543044 55.853985647924 -0.998082542786 0.035552144937 0.050666605175 -32.951727144123 0.052098187717 0.040567130147 0.997817616404 2.794095513218
0.036166146512 0.998359942443 -0.044379236071 55.879088698162 -0.997969999561 0.038410097510 0.050797833976 -33.695755668872 0.052419149187 0.042452006757 0.997722345978 2.828792517126
0.039114760857 0.998357576188 -0.041858448116 55.911557544412 -0.997878813853 0.041208951425 0.050395399089 -34.443656059282 0.052037591913 0.039798470247 0.997851697718 2.868464603684
0.041153783392 0.998313502883 -0.040946098267 55.946918050645 -0.997746292181 0.043235028144 0.051313142329 -35.188152625008 0.052996913358 0.038742105847 0.997842828464 2.904889523938
0.044530704938 0.998311636047 -0.037295148914 55.985168420996 -0.997627048471 0.046400388709 0.050864741770 -35.944017207959 0.052509388100 0.034941621782 0.998008896353 2.946943929863
0.047855981180 0.998190612734 -0.036404648860 56.022456760398 -0.997354749323 0.049748675678 0.052994892661 -36.697503065396 0.054710100866 0.033772244638 0.997930873142 2.989785900663
0.050916652737 0.998059213470 -0.035851312720 56.060819645686 -0.996953177174 0.052918702936 0.057305210857 -37.451640651109 0.059091215335 0.032824311364 0.997712684327 3.036178149615
0.054240215796 0.997886158562 -0.035794950968 56.101463446011 -0.996685869550 0.056281772372 0.058732383265 -38.213151853822 0.060622844633 0.032490678684 0.997631761833 3.083585055976
0.057566571051 0.997876696205 -0.030465464445 56.153110603323 -0.996340167753 0.059355756552 0.061506851789 -38.977843123718 0.063184572900 0.026813239418 0.997641502396 3.125765934154
0.060483301060 0.997814464803 -0.026609937848 56.207479557137 -0.996254479316 0.061996231516 0.060277114600 -39.750568044253 0.061795107663 0.022864525513 0.997826887424 3.169468081204
0.063961968561 0.997528914902 -0.029066897575 56.254569987596 -0.995988566412 0.065635349841 0.060817356100 -40.527243219099 0.062574905273 0.025060306448 0.997725561597 3.218172952900
0.068001414911 0.997268080763 -0.028847866189 56.306027919982 -0.995652566576 0.069679305539 0.061812226016 -41.304986041527 0.063653479937 0.024519151656 0.997670699550 3.265197861490
0.071759877207 0.997116747768 -0.024670426171 56.368352190996 -0.995334834719 0.073187078076 0.062866396287 -42.089506439184 0.064490706702 0.020044062186 0.997716944717 3.310194024182
0.075956710228 0.996809043740 -0.024543733855 56.428847197264 -0.995085680428 0.077347570558 0.061820535813 -42.880976927771 0.063521678991 0.019727445393 0.997785349214 3.358303359774
0.081021160869 0.996407752212 -0.024642453989 56.493480846684 -0.994780705256 0.082377913090 0.060208342170 -43.689311898339 0.062022064295 0.019635699188 0.997881566041 3.403730924128
0.085925719564 0.996059158525 -0.021974267369 56.566124180030 -0.994072421571 0.087187180591 0.064948557078 -44.465455432338 0.066608507112 0.016263273749 0.997646549845 3.450388080384
0.091803298581 0.995540229029 -0.021723159306 56.643255710539 -0.992871581735 0.093178955522 0.074321323347 -45.256248576151 0.076014030021 0.014745379692 0.996997595898 3.490280806790
0.099273472016 0.994838806216 -0.020989808487 56.725969640997 -0.991802746725 0.100631897692 0.078742804247 -46.059930348167 0.080448615319 0.013000692537 0.996673910292 3.540103840351
0.106725046836 0.994127960308 -0.017871619697 56.820906896612 -0.990845395565 0.107832823374 0.081223856618 -46.875297098912 0.082674118870 0.009039401159 0.996535529790 3.595917945863
0.114032097887 0.993373606873 -0.014338150543 56.919944981069 -0.990233984892 0.114813204290 0.079085155517 -47.668127918985 0.080207334330 0.005179884883 0.996764697822 3.656477503279
0.121723452798 0.992457766347 -0.014527744964 57.022576419372 -0.989456334802 0.122486663403 0.077285653233 -48.481893871782 0.078482220785 0.004967107140 0.996903083799 3.719241019546
0.128983738993 0.991538161615 -0.014669065312 57.129784732989 -0.988754742187 0.129722455669 0.074404401240 -49.296721263201 0.075677724825 0.004907159453 0.997120205338 3.777962577354
0.136755414863 0.990529708962 -0.012202203449 57.246693391837 -0.988170709749 0.137271975239 0.068373633750 -50.114070747112 0.069401151287 0.002707401391 0.997585109898 3.837575632700
0.144173377930 0.989505568579 -0.009634563924 57.371338054009 -0.987580574251 0.144493626732 0.061693114500 -50.926304099345 0.062437832601 0.000620415844 0.998048595338 3.889487678114
0.151924876834 0.988350239428 -0.009088288173 57.498183265758 -0.986640520133 0.152196446151 0.058109502561 -51.748592157949 0.058815771915 0.000138603194 0.998268777015 3.945587898420
0.158896835386 0.987241440253 -0.010298958382 57.623428473199 -0.985341864284 0.159229716095 0.061214910987 -52.533954689732 0.062073815051 0.000421147090 0.998071348519 3.993198560357
0.164466743650 0.986311646008 -0.011836322135 57.756826836535 -0.984026442409 0.164890994375 0.067102790896 -53.322138678098 0.068135980654 0.000611088664 0.997675761975 4.039743012329
0.169582382616 0.985441822314 -0.012091804624 57.893146275045 -0.982829505736 0.170012739170 0.071705563664 -54.104338872670 0.072717439294 -0.000275813575 0.997352478213 4.091007266948
0.174399296241 0.984616339796 -0.010748725081 58.030469025954 -0.981829060490 0.174714201039 0.074071778101 -54.866228199046 0.074810254852 -0.002364648583 0.997194902720 4.145003683474
0.179938919006 0.983634363764 -0.009244797225 58.170581772333 -0.980882891974 0.180127666657 0.073638937381 -55.633228033038 0.074099052144 -0.004182447043 0.997242014336 4.199289670251
0.185081789649 0.982639757795 -0.012801053938 58.309320432215 -0.980122577798 0.185523356964 0.070290339320 -56.409145938065 0.071444994286 -0.000462851019 0.997444353387 4.251026453124
0.189596008673 0.981775592418 -0.013041342498 58.449829042172 -0.979661358733 0.190043167885 0.064398828049 -57.153873310504 0.065703634373 0.000566350662 0.997838923442 4.302442071111
0.192912500357 0.981171439729 -0.009344632508 58.599886019699 -0.979517387374 0.193129931994 0.056977365375 -57.902489609778 0.057709306645 -0.001838415702 0.998331667648 4.349168856019
0.196269496414 0.980532966996 -0.005782164679 58.752551608352 -0.979039612536 0.196290948330 0.054325747651 -58.642620776939 0.054403191601 -0.005001515759 0.998506455256 4.395518279330
0.199549651086 0.979877926647 -0.004380916007 58.900268962613 -0.978368489779 0.199487252933 0.054771149345 -59.366801210000 0.054542988833 -0.006643410085 0.998489195981 4.436201318264
0.201757249957 0.979431177804 -0.002927842678 59.049400400701 -0.977802807800 0.201592599673 0.057113492093 -60.080078765100 0.056528985198 -0.008660209401 0.998363350370 4.478429299785
0.203274307622 0.979121694748 0.000470853446 59.203874293719 -0.977289222919 0.202864425060 0.061251440377 -60.781107723470 0.059877103577 -0.012910997769 0.998122167318 4.519859061642
0.205308470816 0.978696882514 0.000932535373 59.354280535662 -0.976592777792 0.204804456277 0.065738796812 -61.472613202595 0.064147391441 -0.014407443172 0.997836372907 4.563202654755
0.207307125454 0.978275876457 0.000250376080 59.501918706546 -0.975815287395 0.206767557458 0.070934137332 -62.150471869595 0.069341399555 -0.014949471164 0.997480917088 4.598946908276
0.208839437136 0.977949658652 -0.000730863160 59.648589266551 -0.975344926436 0.208337656422 0.072784716661 -62.824862933166 0.071332075886 -0.014487473395 0.997347306442 4.641605137148
0.210155269765 0.977666828822 0.001523718855 59.796453585863 -0.975118234319 0.209494477862 0.072500852430 -63.491820805575 0.070562479266 -0.016722245437 0.997367152373 4.688698724156
0.210834658720 0.977519487417 0.002092890456 59.939171362141 -0.975172182023 0.210179060198 0.069742083878 -64.151830655601 0.067734378064 -0.016744973093 0.997562781082 4.739959719243
0.211316246267 0.977414125590 0.002655363750 60.080660422203 -0.975263785612 0.210669564893 0.066924561175 -64.803725614583 0.064853623701 -0.016731923157 0.997754388840 4.788480837043
0.211047195385 0.977473517844 0.002140309353 60.213403436984 -0.975378243816 0.210450443484 0.065938165814 -65.443135229477 0.064002396898 -0.016003679698 0.997821361130 4.828911398837
0.209507544889 0.977804254964 0.002342656620 60.345865858444 -0.975757727979 0.208912863968 0.065209000414 -66.072825378923 0.063272247033 -0.015947635431 0.997868791143 4.875860559291
0.207859298858 0.978151991958 0.003632140334 60.476705268421 -0.976083421535 0.207175182022 0.065874749466 -66.694289989176 0.063683051801 -0.017237954269 0.997821219120 4.923460846952
0.205514368767 0.978645372586 0.004140688100 60.610791880242 -0.976360566655 0.204741474747 0.069288161403 -67.318187888937 0.066960789420 -0.018282518480 0.997588056486 4.975744291083
0.203116228637 0.979152899772 0.001836975665 60.732968627010 -0.976587974237 0.202447670738 0.072737571408 -67.892850359125 0.070849339764 -0.016568152177 0.997349300624 5.023499412789
0.201190421932 0.979552012116 -0.000486209862 60.856481784810 -0.976921857858 0.200686498638 0.073133887022 -68.497771391054 0.071736040383 -0.014238851043 0.997321979430 5.069878649891
0.199067146598 0.979985639249 0.000666890693 60.981924033992 -0.977441675697 0.198501357172 0.072144745472 -69.076533619383 0.070568449335 -0.015013494726 0.997393896231 5.115191267511
0.196497434544 0.980502793374 0.001735200987 61.098458638760 -0.978169280004 0.195907151266 0.069319951242 -69.656878514137 0.067628486774 -0.015318510420 0.997592914190 5.165131939892
0.194487371829 0.980901796774 0.002517808164 61.212317294495 -0.978871428567 0.193918333196 0.064855656210 -70.224638499413 0.063128794578 -0.015078206879 0.997891394976 5.218435984006
0.192439685001 0.981308758063 -0.000190299571 61.319669019937 -0.979304551920 0.192059051845 0.063841336585 -70.775794590920 0.062684622812 -0.012099246860 0.997959963154 5.264163423037
0.190380401332 0.981698557187 -0.004826766820 61.422949646666 -0.979519762087 0.190281521940 0.065831909493 -71.320776960233 0.065545545240 -0.007805185644 0.997818976727 5.306476498978
0.187699487965 0.982186555123 -0.008863641139 61.525956471109 -0.979867491568 0.187866103499 0.067571895995 -71.862148597872 0.068033400597 -0.003998006391 0.997674908537 5.345685733308
0.186054178505 0.982502933913 -0.008474904258 61.630114870858 -0.980014593711 0.186187090558 0.070040817385 -72.398715421473 0.070393242120 -0.004725854524 0.997508030937 5.387296004189
0.184756705702 0.982746137197 -0.008657802985 61.733774139935 -0.980089966039 0.184894893644 0.072369846828 -72.934294249666 0.072721992632 -0.004885385147 0.997340200654 5.432991213965
0.183495888159 0.982970317856 -0.009934331273 61.836156781702 -0.980448079959 0.183737011821 0.070443171141 -73.477791965484 0.071068870875 -0.003185933854 0.997466200019 5.475819908920
0.183875529176 0.982818487920 -0.016048592352 61.927739408368 -0.980421770914 0.184548443238 0.068665281831 -74.019903287341 0.070447272842 0.003108525042 0.997510627585 5.517524244145
0.186076176048 0.982306534359 -0.021204263936 62.018704592532 -0.980005887597 0.187101516048 0.067685529859 -74.565429289603 0.070455298578 0.008185645955 0.997481307904 5.557085232411
0.187918054861 0.981901516539 -0.023584782981 62.120626989924 -0.979692783711 0.189096697367 0.066667016415 -75.113691579684 0.069920267587 0.010577915013 0.997496447773 5.599895901956
0.191589008572 0.981258369122 -0.020633297256 62.232909675772 -0.979041248831 0.192551271916 0.066348330260 -75.665857264817 0.069077838248 0.007489242635 0.997583119512 5.644369636303
0.197132080851 0.980160073310 -0.020619304713 62.344043962706 -0.977899650322 0.198084661008 0.066893338564 -76.214283420459 0.069650571338 0.006976802844 0.997546958141 5.684985765611
0.203898229595 0.978742528907 -0.022104845557 62.461830964406 -0.976541022857 0.204932672563 0.066106701571 -76.773308053620 0.069231455933 0.008107260573 0.997567597842 5.730297185516
0.212204702970 0.976973922158 -0.022162336276 62.591763837571 -0.974807457189 0.213219599710 0.065481375534 -77.350107645660 0.068699060613 0.007708568592 0.997607597320 5.774603161202
0.220288132492 0.975183058301 -0.022163335379 62.718291224458 -0.973049841315 0.221280771272 0.064875103394 -77.911320953224 0.068169435779 0.007274823901 0.997647196236 5.817785629380
0.229462836892 0.973136127967 -0.018785750211 62.854518238543 -0.971019681662 0.230203929695 0.064240103622 -78.476304606711 0.066838933442 0.003500622266 0.997757533413 5.864751464107
0.239539128098 0.970719834990 -0.018001595579 63.005299481277 -0.968584482698 0.240206154515 0.064382074994 -79.069824103765 0.066821064302 0.002014041728 0.997762817387 5.908092308783
0.249183104612 0.968338284610 -0.015126950894 63.161766432504 -0.965968050480 0.249631493407 0.067747199408 -79.636518351389 0.069378383151 -0.002269298744 0.997587801981 5.945969402380
0.259014062449 0.965788126476 -0.012847533607 63.333765935186 -0.963206204837 0.259263841136 0.070823285586 -80.239959502985 0.071731208763 -0.005969402945 0.997406096415 5.982800530005
0.270032393608 0.962799557537 -0.009972383138 63.507598255503 -0.960086667157 0.270026970629 0.072930711244 -80.836040148172 0.072910486578 -0.010119299659 0.997287035763 6.024215646713
0.280397460387 0.959836741773 -0.009522607068 63.688710927154 -0.956976143079 0.280305897003 0.075000995674 -81.443465409957 0.074657968887 -0.011917179465 0.997137942610 6.065905402953
0.290385437287 0.956876324057 -0.007996317286 63.885191705579 -0.953974384849 0.290138585673 0.075844544361 -82.055670466566 0.074893907979 -0.014395865228 0.997087477041 6.100745482066
0.300805291831 0.953654581431 -0.007686543205 64.089607673186 -0.950676234089 0.300486175770 0.076959090308 -82.686196893233 0.075702103917 -0.015842278574 0.997004532399 6.142242966822
0.311320378642 0.950289584502 -0.005408857390 64.305299086917 -0.947286731494 0.310779833089 0.077869495903 -83.327103204608 0.075679558337 -0.019118621053 0.996948788269 6.181327598158
