0.999999999995 -0.000000000168 -0.000000000358 -0.000000000026 -0.000000000168 1.000000000000 0.000000000014 0.000000000057 -0.000000000358 0.000000000014 1.000000000005 0.000000000120
0.999998217107 -0.001611425320 -0.000987961251 0.565313371404 0.001609478421 0.999996816322 -0.001967710842 -0.005284684781 0.000991128143 0.001966117918 0.999997566571 0.005766731430
0.999993533522 -0.002726799757 -0.002336630775 1.127536902212 0.002720983519 0.999993161883 -0.002488566289 -0.004485897734 0.002343399978 0.002482192676 0.999994104595 0.014308863684
0.999983358533 -0.004544940705 -0.003556414020 1.689184450785 0.004535880434 0.999986446446 -0.002551300358 0.002742432151 0.003567961369 0.002535126854 0.999990395021 0.029319615529
0.999963551678 -0.006546609577 -0.005474819848 2.251223610521 0.006521007008 0.999967835104 -0.004681324310 0.008010347928 0.005505291019 0.004645454680 0.999974013218 0.042904686932
0.999938376725 -0.008099547968 -0.007589665910 2.815934999307 0.008045130541 0.999941894453 -0.007173334897 0.011492307444 0.007647326787 0.007111835097 0.999945428822 0.053578323158
0.999918782756 -0.009487361869 -0.008513643814 3.390185502648 0.009416223229 0.999920780422 -0.008357401444 0.019067923061 0.008592258491 0.008276557987 0.999928836822 0.066161337113
0.999910980412 -0.010859109797 -0.007752745335 3.969579441409 0.010792505147 0.999904899331 -0.008581894083 0.029226050584 0.007845201147 0.008497459891 0.999933120257 0.081815089660
0.999896058980 -0.012015019597 -0.007964670786 4.556452963768 0.011944251054 0.999889299534 -0.008875268630 0.041968593158 0.008070426518 0.008779217129 0.999928841487 0.102991803461
0.999858750191 -0.013196427379 -0.010413528412 5.150693851878 0.013109782279 0.999879264398 -0.008345713706 0.054507190107 0.010522408166 0.008208017619 0.999910885411 0.121171333160
0.999794635920 -0.014326377279 -0.014331774177 5.751403008434 0.014232270211 0.999876624655 -0.006646774223 0.070893260409 0.014425230195 0.006441437461 0.999875139424 0.138894692567
0.999715637939 -0.015524699928 -0.018102881056 6.363939290778 0.015433804694 0.999867629150 -0.005150181693 0.086832681518 0.018180433495 0.004869322229 0.999822832911 0.153100658468
0.999681459624 -0.016696853032 -0.018927938969 6.989711586916 0.016629739829 0.999854867143 -0.003697467060 0.103645543508 0.018986937793 0.003381522773 0.999813973233 0.168032406496
0.999763197445 -0.017791378059 -0.012529274401 7.638276802859 0.017777658540 0.999841213407 -0.001206083234 0.122753415572 0.012548750432 0.000983055825 0.999920789147 0.183963669643
0.999824215175 -0.018649823824 -0.001923614331 8.303699368819 0.018649468360 0.999826078214 -0.000205789156 0.141233727236 0.001927117038 0.000169879230 0.999998106612 0.200998355393
0.999797380019 -0.019420519343 0.005293569369 8.980670426933 0.019416197736 0.999811169296 0.000867540136 0.159643119400 -0.005309420456 -0.000764581054 0.999985550685 0.218713502356
0.999771430207 -0.020700274245 0.005339099159 9.664358766281 0.020683144280 0.999780826169 0.003244447707 0.181258726168 -0.005405092150 -0.003133276220 0.999980443624 0.233111669218
0.999767452144 -0.021468983954 -0.002059476846 10.355663614092 0.021479870676 0.999754612242 0.005418233269 0.205097765124 0.001942645957 -0.005461209485 0.999983135615 0.237493825493
0.999708275795 -0.022342652413 -0.009170365867 11.065750518566 0.022386282244 0.999738446688 0.004682485014 0.224205818733 0.009063349931 -0.004886409737 0.999946977517 0.236276573957
0.999682833075 -0.023677283078 -0.008575460958 11.800010375989 0.023699348360 0.999716071885 0.002480355903 0.238560582158 0.008514299018 -0.002682801281 0.999960095040 0.237878594617
0.999706713622 -0.024186172687 0.001261859936 12.561093922939 0.024183967881 0.999706036440 0.001732064827 0.248913280612 -0.001303383501 -0.001701038325 0.999997649938 0.241795049222
0.999652948580 -0.024676431868 0.009221807647 13.338248905705 0.024664123930 0.999694773953 0.001446219135 0.261388619903 -0.009254683514 -0.001218268319 0.999956377467 0.244034929851
0.999611605085 -0.025142460337 0.012022810878 14.127300898360 0.025137409995 0.999683862491 0.000571433780 0.276325166354 -0.012033380552 -0.000268988827 0.999927532424 0.243959161755
0.999617198907 -0.025353379290 0.011079017117 14.930880146590 0.025372289544 0.999676892471 -0.001569639296 0.288884153217 -0.011035639659 0.001850139336 0.999937408623 0.239344295961
0.999651126152 -0.025030330842 0.008436119118 15.751874396666 0.025051214073 0.999683350010 -0.002378947891 0.305481593824 -0.008373905853 0.002589454918 0.999961523838 0.233111844107
0.999691114697 -0.024365792739 0.004905857683 16.584541327947 0.024366633673 0.999703119236 -0.000111958392 0.317803987903 -0.004901675762 0.000231463612 0.999987966067 0.227860012273
0.999727809079 -0.023327080632 -0.000334094346 17.430523911095 0.023326059639 0.999724052098 -0.002789805757 0.323921801131 0.000399079566 0.002781254391 0.999996038823 0.227009845957
0.999721950775 -0.022675782361 -0.006474494104 18.290095797297 0.022639112790 0.999727542168 -0.005681535635 0.324807651302 0.006601563097 0.005533379861 0.999962907057 0.232617479863
0.999691784808 -0.021460073341 -0.012485176260 19.171359423961 0.021396499639 0.999757567553 -0.005203738334 0.336199151903 0.012593828494 0.004934998274 0.999908447639 0.238655847097
0.999684925220 -0.021196581490 -0.013445316210 20.072347043701 0.021145188184 0.999768581682 -0.003953106919 0.346451340527 0.013525996046 0.003667558569 0.999901793099 0.251884851408
0.999686887873 -0.021453897819 -0.012876512577 20.992569308519 0.021409963206 0.999764496686 -0.003539786902 0.357951294676 0.012949428867 0.003262993607 0.999910815441 0.270458695241
0.999675540753 -0.021388338940 -0.013835697640 21.926950174544 0.021358249519 0.999769228809 -0.002319342128 0.369255116737 0.013882104652 0.002023084820 0.999901530437 0.291360562005
0.999646436573 -0.021183857903 -0.016068173789 22.879835676803 0.021192362917 0.999775315340 0.000359314932 0.385468437172 0.016056956322 -0.000699711339 0.999870848087 0.312649589568
0.999631557227 -0.021157075920 -0.017002216302 23.851425536014 0.021226378669 0.999767057747 0.003905924943 0.396914176916 0.016915620242 -0.004265381884 0.999847785027 0.334374594751
0.999636269629 -0.021044855485 -0.016865238947 24.827396715974 0.021143356954 0.999760264297 0.005683764352 0.412985284136 0.016741580913 -0.006038284969 0.999841566074 0.357666739909
0.999633266568 -0.021261501241 -0.016769480108 25.810158075871 0.021373806248 0.999750150620 0.006546270397 0.429393637748 0.016626109772 -0.006902297366 0.999837882812 0.381132103460
0.999627256419 -0.021447915248 -0.016889766284 26.797727798879 0.021561525345 0.999745893869 0.006573879443 0.445809386260 0.016744486584 -0.006935600173 0.999835749712 0.405036595346
0.999638038333 -0.021810650910 -0.015753218914 27.799038177548 0.021928623010 0.999732532016 0.007355230847 0.463982057792 0.015588585831 -0.007698014633 0.999848829651 0.430691372765
0.999658916231 -0.022129015638 -0.013867427118 28.806587107162 0.022242018647 0.999720240960 0.008048670115 0.482472369732 0.013685440405 -0.008354365968 0.999871442809 0.455732221342
0.999667698817 -0.022481929923 -0.012609901944 29.821093535492 0.022592596802 0.999706853379 0.008703436323 0.501756901154 0.012410536674 -0.008985434585 0.999882547805 0.480484836549
0.999657324191 -0.022520913189 -0.013347142984 30.842156712126 0.022636396384 0.999707083255 0.008565338733 0.520198095240 0.013150332642 -0.008864535347 0.999874192554 0.504731228736
0.999637102209 -0.022672302404 -0.014551043780 31.870713221434 0.022813828662 0.999693271456 0.009635410605 0.541032648002 0.014328126442 -0.009963879913 0.999847626334 0.527508064077
0.999639792105 -0.023022221797 -0.013796366808 32.906859791227 0.023153557587 0.999687389184 0.009436373681 0.561580900464 0.013574809440 -0.009752410683 0.999860318711 0.552585987508
0.999656598835 -0.023751474097 -0.011068121591 33.954220056328 0.023848545838 0.999677506567 0.008723067846 0.581232111574 0.010857362690 -0.008984032330 0.999900694598 0.577114943791
0.999679792833 -0.024137107106 -0.007594535684 35.009620820437 0.024204840900 0.999666915180 0.008957969990 0.602701859007 0.007375786740 -0.009138925588 0.999930991987 0.600587885104
0.999682696430 -0.024683771998 -0.005019487140 36.072878840842 0.024728869131 0.999652475249 0.009130596591 0.625064917751 0.004792365562 -0.009251828272 0.999945728321 0.621800661666
0.999672165336 -0.025224144819 -0.004400703186 37.135788591997 0.025263214159 0.999639780712 0.009060088020 0.649929691376 0.004170584155 -0.009168293879 0.999949253952 0.642439368473
0.999654856011 -0.025586556699 -0.005965529135 38.207459665632 0.025636675148 0.999635396059 0.008482286091 0.666789142924 0.005746321683 -0.008632294489 0.999946247930 0.655807902528
0.999644007757 -0.025927443330 -0.006298117752 39.282978861178 0.025981713347 0.999624672713 0.008693422157 0.677403761130 0.006070354203 -0.008853962902 0.999942319530 0.666258614835
0.999634699626 -0.026476657042 -0.005426975291 40.359815617024 0.026522054702 0.999612329530 0.008471776184 0.697428672092 0.005200566504 -0.008612617081 0.999949370844 0.684946139078
0.999622434267 -0.027274384465 -0.003336123399 41.437609714184 0.027301666447 0.999591735661 0.008426951441 0.720861818700 0.003104921520 -0.008514853026 0.999958930072 0.706977519231
0.999610748958 -0.027879484017 -0.001020398701 42.513443386229 0.027887205449 0.999574566068 0.008545732716 0.747088364376 0.000781713862 -0.008570864371 0.999962984974 0.728620206872
0.999597641711 -0.028362204686 -0.000494657129 43.587732660843 0.028365743304 0.999547251923 0.010033631582 0.775222854962 0.000209855248 -0.010043630523 0.999949506366 0.750696528396
0.999577552724 -0.028699424991 -0.004581910484 44.652505816845 0.028747360240 0.999528811846 0.010762489461 0.808142562323 0.004270873585 -0.010889660666 0.999931535430 0.763690896807
0.999546087404 -0.028711451966 -0.009129268638 45.714232370037 0.028821653009 0.999510347313 0.012178236733 0.844976192920 0.008775144144 -0.012435832943 0.999884165284 0.772852489001
0.999536354726 -0.028863551755 -0.009699749606 46.786904180033 0.028988018218 0.999495962522 0.012946889411 0.879560156822 0.009321167074 -0.013222062674 0.999869082753 0.788926041144
0.999564191133 -0.028694752429 -0.006935581108 47.865680433199 0.028783578326 0.999500274423 0.013065346039 0.911601230060 0.006557208316 -0.013259283031 0.999890534444 0.805801745709
0.999581691362 -0.028544162459 -0.004667253823 48.942449419644 0.028606975117 0.999492789676 0.013996918916 0.944130493661 0.004265355596 -0.014124582976 0.999891118962 0.820375637949
0.999588549406 -0.028490569489 -0.003307881096 50.018717266266 0.028527943599 0.999522628999 0.011859422156 0.971288242771 0.002968421317 -0.011948917214 0.999924221594 0.832126329128
0.999598797676 -0.028162732107 -0.003006887879 51.097470645943 0.028199097989 0.999520052544 0.012826176934 1.002375280551 0.002644223874 -0.012905823308 0.999913149780 0.844882769423
0.999599766160 -0.027686470476 -0.005818194401 52.167716520635 0.027747304646 0.999558231189 0.010648441789 1.030690449527 0.005520805762 -0.010805619692 0.999926302651 0.853316957403
0.999585232789 -0.027559904377 -0.008352295007 53.240759767316 0.027657274289 0.999548119445 0.011775329789 1.063348357784 0.008023994212 -0.012001456512 0.999895747766 0.861126480135
0.999570033624 -0.027443279295 -0.010322312160 54.314629147039 0.027554739387 0.999561825740 0.010815337174 1.094185365349 0.010020979229 -0.011095122947 0.999888240636 0.874707443496
0.999536905738 -0.027375418712 -0.013289115349 55.380602771592 0.027501834641 0.999577353748 0.009425532119 1.130290227241 0.013025471103 -0.009786642529 0.999867240514 0.890171961773
0.999504506414 -0.027214566145 -0.015818332075 56.451961634186 0.027339544309 0.999596301415 0.007738582360 1.161495005538 0.015601342518 -0.008167213716 0.999844892171 0.910508812493
0.999538601264 -0.027094444401 -0.013731401668 57.523014013071 0.027183335908 0.999610397466 0.006329058162 1.196465687382 0.013554575832 -0.006699405100 0.999885701270 0.932430656141
0.999602538818 -0.027144498128 -0.007615792885 58.609797341167 0.027183815457 0.999617455248 0.005107289013 1.226997967984 0.007474244305 -0.005312284555 0.999957905934 0.950285923043
0.999636192181 -0.026930176534 -0.001503093025 59.695575316713 0.026936006565 0.999629181213 0.004002600879 1.259900128116 0.001394744306 -0.004041632426 0.999990826606 0.961888983577
0.999640979149 -0.026793622115 -0.000143015968 60.778518979015 0.026793874542 0.999638301346 0.002332340359 1.288575205798 0.000080470813 -0.002335333982 0.999997219506 0.970852541421
0.999642817113 -0.026520151819 -0.003304646457 61.857293736504 0.026517539176 0.999647989115 -0.000831374193 1.312940574900 0.003325530585 0.000743446150 0.999994193771 0.973520818994
0.999628407068 -0.026458284133 -0.006558267440 62.934856471105 0.026440984813 0.999646712203 -0.002711273048 1.335715801980 0.006627686951 0.002536860031 0.999974780729 0.978237553285
0.999595578521 -0.026471126872 -0.010392572105 64.013588315063 0.026465002279 0.999649505796 -0.000726588447 1.364183273469 0.010408169365 0.000451255748 0.999945715683 0.988528663850
0.999538569622 -0.026380591642 -0.015056586651 65.094688768403 0.026361763545 0.999651416230 -0.001447749439 1.390228704603 0.015089527403 0.001050163030 0.999885614148 0.999574013382
0.999539904129 -0.025796246104 -0.015951749522 66.179232076790 0.025829065359 0.999664632589 0.001854732254 1.419203650952 0.015898556025 -0.002265898529 0.999871063282 1.013518962339
0.999616836272 -0.024789759463 -0.012317910062 67.271353346540 0.024873670834 0.999668074413 0.006706855325 1.452269344851 0.012147562039 -0.007010677853 0.999901589314 1.032332246311
0.999646805954 -0.024681173354 -0.009854187154 68.360011193959 0.024762011559 0.999659974856 0.008167874771 1.480458878546 0.009649244328 -0.008409000054 0.999918019190 1.049444688213
0.999645399600 -0.024851882287 -0.009568563791 69.445413339008 0.024923399706 0.999661749049 0.007428959859 1.503972541972 0.009380703103 -0.007664806324 0.999926551350 1.060872419653
0.999657710864 -0.024703612026 -0.008614032844 70.533047382131 0.024755319937 0.999675886907 0.005948735664 1.525705149908 0.008464286418 -0.006159943692 0.999945202228 1.075237845782
0.999661154651 -0.025011057816 -0.007219785224 71.616936776228 0.025046191907 0.999674658719 0.004818373158 1.547816835038 0.007096923783 -0.004997568123 0.999962286631 1.088292389217
0.999664775840 -0.025331125560 -0.005351835894 72.700876193539 0.025348679163 0.999673430805 0.003237318600 1.571915649535 0.005268082839 -0.003371894886 0.999980393355 1.106226601936
0.999654844146 -0.026056314783 -0.003366400025 73.780553462350 0.026063327067 0.999658165925 0.002054676199 1.599981445506 0.003311710168 -0.002141705919 0.999992189929 1.127146636350
0.999635560192 -0.026634963349 -0.004408116242 74.854694582557 0.026640985653 0.999644207414 0.001311279651 1.627412069757 0.004371621656 -0.001428239294 0.999989432394 1.145552741860
0.999597836112 -0.027117951733 -0.008295058191 75.923411954245 0.027130819724 0.999630859971 0.001443342423 1.658714468939 0.008252855253 -0.001667812980 0.999964503917 1.162700869228
0.999557745964 -0.027745193537 -0.010698503857 76.991792546001 0.027767798265 0.999612419253 0.001970126625 1.690652292607 0.010639705465 -0.002266329739 0.999940834783 1.181859016619
0.999558784729 -0.028266471271 -0.009127110620 78.056732940193 0.028304485047 0.999591070642 0.004062896607 1.728938060267 0.009008534704 -0.004319442922 0.999950044629 1.207201010057
0.999569860308 -0.028890778666 -0.005043986975 79.127604395824 0.028916465596 0.999568883327 0.005096743694 1.765580157381 0.004894562463 -0.005240405001 0.999974256365 1.231486867896
0.999563211463 -0.029540710680 -0.000857654802 80.193549293255 0.029545773817 0.999541245645 0.006659512568 1.803247269432 0.000660533686 -0.006681945011 0.999977442892 1.253988579714
0.999551060848 -0.029960055456 0.000221584993 81.254442721434 0.029957412548 0.999520797809 0.007796424681 1.838758021478 -0.000455061524 -0.007786286768 0.999969541343 1.268446233972
0.999533499052 -0.030468888360 -0.002091987518 82.309055084354 0.030483964195 0.999506429719 0.007598002571 1.873358655888 0.001859452314 -0.007658230531 0.999968971229 1.279536126579
0.999511726739 -0.031087430942 -0.003151167301 83.356136752856 0.031109913681 0.999488889945 0.007354917881 1.907178154734 0.002920911031 -0.007449360347 0.999967983316 1.293374834187
0.999496966383 -0.031581674341 -0.002916600118 84.395171616618 0.031601496869 0.999475847081 0.007021679540 1.940922585399 0.002693313422 -0.007110317825 0.999971086536 1.304188064159
0.999474791724 -0.032295679927 -0.002685917715 85.420252217155 0.032310693849 0.999461314833 0.005746894741 1.972701967042 0.002498870346 -0.005830662570 0.999979893444 1.316260033297
0.999456354975 -0.032951955027 -0.001099520060 86.431324001835 0.032956421485 0.999447431173 0.004330683304 2.005376413133 0.000956207013 -0.004364565808 0.999990013851 1.326999116548
0.999439884592 -0.033433167002 0.001493664219 87.425226563611 0.033426095747 0.999430957515 0.004532475795 2.041003741584 -0.001644351676 -0.004480007928 0.999988557892 1.339604729037
0.999403820739 -0.034407684741 0.002865188501 88.397445936641 0.034396754673 0.999401073800 0.003779515273 2.076220733595 -0.002993519444 -0.003678708570 0.999988705461 1.352686152446
0.999332117837 -0.036425146498 0.002918759240 89.350329946206 0.036417143980 0.999332904424 0.002752118941 2.114840615398 -0.003017060234 -0.002643988101 0.999991977738 1.368557108574
0.999209287743 -0.039688883495 0.002351343857 90.280756726218 0.039684531120 0.999210496372 0.001869996834 2.152908723631 -0.002423707300 -0.001775205699 0.999995415885 1.384129682329
0.999068432432 -0.043129061744 0.001445658803 91.186083515064 0.043126293276 0.999067830864 0.001896511930 2.195314073134 -0.001526106840 -0.001832399907 0.999997136704 1.400083634696
0.998930402625 -0.046221782861 0.001276856578 92.070760160654 0.046219825751 0.998930148121 0.001521702911 2.237096648449 -0.001345827707 -0.001461060081 0.999998049254 1.415538275085
0.998775031652 -0.049403921188 0.002775381126 92.931760484808 0.049396820012 0.998775908912 0.002569126367 2.286305910243 -0.002898909595 -0.002428884454 0.999992859436 1.439196989777
0.998616928041 -0.052451100510 0.003634698272 93.770285665638 0.052438101976 0.998617766228 0.003583404204 2.335230717937 -0.003817630682 -0.003387850289 0.999986905731 1.456903554744
0.998450811717 -0.055403746322 0.005135004928 94.583756780520 0.055380682301 0.998455005441 0.004529789799 2.388773237190 -0.005378041989 -0.004238392741 0.999976482842 1.474307960050
0.998290450202 -0.058148455223 0.005908771864 95.369051870258 0.058112872377 0.998291819662 0.006026075581 2.441628486216 -0.006249088639 -0.005672397760 0.999964330136 1.487152125511
0.998142202736 -0.060592008099 0.006379361698 96.127899152991 0.060539484700 0.998132761176 0.008127178479 2.499668486957 -0.006859893750 -0.007725877227 0.999946636088 1.504402162680
0.997980365004 -0.063302578957 0.005297819706 96.853967628382 0.063247333448 0.997947626830 0.010017165314 2.556900298090 -0.005921062655 -0.009661862044 0.999935808166 1.522252623605
0.997828918550 -0.065835441196 0.001767464130 97.550588438629 0.065811180462 0.997767081951 0.011394185261 2.612989277188 -0.002513659908 -0.011253126625 0.999933499499 1.539708495030
0.997665448509 -0.068252301602 -0.002294971953 98.214294169354 0.068277428356 0.997572519297 0.013685889387 2.668688963496 0.001355307249 -0.013810631430 0.999903732194 1.554263730976
0.997504970820 -0.070407421059 -0.005163867309 98.850268940494 0.070480526001 0.997389731907 0.015694513974 2.722043514444 0.004045377767 -0.016019307708 0.999863497272 1.572840116155
0.997427853352 -0.071381376956 -0.006507319973 99.455062381397 0.071484504768 0.997291644774 0.017300823056 2.772513990798 0.005254739241 -0.017721493941 0.999829101875 1.593775798656
0.997487398186 -0.070580428069 -0.006110963438 100.037946630645 0.070688815839 0.997301030895 0.019844209895 2.822820846738 0.004693855964 -0.020226335612 0.999784370919 1.615049113297
0.997683815401 -0.067868602096 -0.004560132070 100.600058709327 0.067957654641 0.997409961712 0.023559570931 2.871398017600 0.002949365869 -0.023814899555 0.999712022887 1.638554101547
0.998036443903 -0.062568568729 -0.002913705167 101.138103127566 0.062623848333 0.997686943949 0.026440729320 2.912366394556 0.001252605164 -0.026571282677 0.999646112148 1.659051520185
0.998460304498 -0.055463527556 -0.000939266647 101.655015948873 0.055468469737 0.998086493361 0.027324419652 2.943732857712 -0.000578042010 -0.027334448175 0.999626102141 1.676120465825
0.998937920912 -0.046038274264 0.001868970940 102.149544745938 0.045970434371 0.998571552039 0.027233531410 2.965965896889 -0.003120087491 -0.027118698889 0.999627327049 1.690051989110
0.999399997185 -0.034440109751 0.003688266640 102.623441327805 0.034328806366 0.999049034153 0.026882512247 2.983022136406 -0.004610598781 -0.026739775924 0.999631768663 1.709482221885
0.999767709433 -0.021124490704 0.004282178902 103.074156349362 0.021005244417 0.999435942912 0.026204729321 2.991686707690 -0.004833326142 -0.026108698165 0.999647447655 1.726642627498
0.999972685911 -0.006167522161 0.004081457193 103.505875579076 0.006059295773 0.999643097135 0.026017854428 2.991912273337 -0.004240468340 -0.025992414423 0.999653116954 1.746426496800
0.999930313232 0.011662420526 0.001845676174 103.926785796001 -0.011704519316 0.999625628382 0.024729367492 2.981321177214 -0.001556582626 -0.024749250697 0.999692458386 1.760878403267
0.999463519571 0.032688395341 -0.002017574530 104.338339170051 -0.032630141297 0.999174911154 0.024184031257 2.961536967678 0.002806447489 -0.024105228788 0.999705469275 1.779090592394
0.998362353860 0.056860952981 -0.006289151531 104.738624267302 -0.056708347612 0.998143034048 0.022242849199 2.927841452634 0.007542222490 -0.021849775268 0.999732812092 1.791492675331
0.996434919247 0.083940226378 -0.008451799915 105.136469707697 -0.083757314624 0.996284143606 0.020066828597 2.881465135176 0.010104808025 -0.019287387772 0.999762937147 1.810187322178
0.993487788918 0.113564933463 -0.009219631919 105.519703084451 -0.113391472179 0.993395310264 0.017555337661 2.822406953611 0.011152415951 -0.016395591358 0.999803400818 1.822459075850
0.989271149055 0.145718235013 -0.010434032448 105.900538321529 -0.145551665947 0.989232947938 0.015257982113 2.749607187760 0.012545062014 -0.013575591236 0.999829103007 1.838695153341
0.983402665570 0.181039740381 -0.011994818096 106.265181329540 -0.180887503510 0.983421077566 0.012758251841 2.662839664800 0.014105715771 -0.010376787307 0.999846656864 1.854157003580
0.975597952730 0.219208272909 -0.012505860245 106.630050341095 -0.219099925175 0.975656418481 0.009476348214 2.560020272237 0.014278715514 -0.006505072606 0.999876828789 1.872836873554
0.965785792953 0.258997504664 -0.013344608266 106.975012524339 -0.258922926538 0.965872117867 0.007072521500 2.443672697157 0.014720950710 -0.003375313658 0.999885889180 1.886286070184
0.953742323837 0.300308568436 -0.013795016033 107.320056434941 -0.300228573510 0.953837028794 0.007594652515 2.317621455803 0.015438944803 -0.003101682442 0.999875947369 1.902666051052
0.938785538523 0.344258031107 -0.012970230244 107.656428882343 -0.344150267935 0.938862882110 0.009851986926 2.179265891038 0.015568893988 -0.004785194371 0.999867279367 1.914941795971
0.921255968479 0.388787634495 -0.011475491667 107.972575111806 -0.388691590289 0.921316262521 0.009756172409 2.023377273094 0.014365639425 -0.004527504384 0.999886569000 1.926826245465
0.901416499589 0.432838494500 -0.009958336586 108.286945272492 -0.432762275207 0.901463713180 0.008945845957 1.849366402778 0.012849197934 -0.003754337655 0.999910387231 1.936747218816
0.878659754226 0.477333587539 -0.010471138286 108.575113679259 -0.477276749812 0.878720687794 0.007542408738 1.662129030619 0.012801461848 -0.001629576025 0.999916657980 1.946378472607
0.853829309526 0.520411364614 -0.012146189685 108.862162934128 -0.520354234546 0.853915643066 0.007715774682 1.462305051128 0.014387203401 -0.000267629654 0.999896447408 1.956382099288
0.826649560778 0.562535559543 -0.014291003165 109.126239626170 -0.562457682468 0.826773048962 0.009365591816 1.251846166372 0.017083898822 0.000296022357 0.999853990260 1.966524626007
0.796441886824 0.604505920871 -0.015906842312 109.396829513965 -0.604350135198 0.796599545557 0.013789482481 1.029631485234 0.021007201357 -0.001369216433 0.999778367619 1.974005681184
0.763142402686 0.646033503991 -0.015950458817 109.646420065884 -0.645754602245 0.763295159876 0.019535135921 0.793434599064 0.024795262984 -0.004608010944 0.999681937438 1.978203133393
0.726408708208 0.687110543866 -0.014477918980 109.900425790705 -0.686723999362 0.726512059419 0.024298126925 0.540283657774 0.027213886351 -0.007708033224 0.999599932373 1.980939877339
0.687365500365 0.726168592167 -0.014413618881 110.137789997668 -0.725778690544 0.687486003176 0.024664186970 0.268569438715 0.027819529058 -0.006492211444 0.999591896459 1.989926384804
0.646872423427 0.762444434794 -0.015314278607 110.341709074229 -0.762138635507 0.647049260638 0.021724286402 -0.022567078459 0.026472662894 -0.002381237069 0.999646715935 1.998251893466
0.603205939949 0.797487560033 -0.012493225087 110.553717008853 -0.797255029868 0.603332937201 0.019332526167 -0.330341111371 0.022955036392 -0.001701211242 0.999735022850 2.004874694153
0.557224706140 0.830297485071 -0.010333707885 110.733209984625 -0.830115068206 0.557319365264 0.017439144548 -0.650750873627 0.020238853930 -0.001139348208 0.999794528595 2.010615891376
0.509793021787 0.860253899795 -0.008623563757 110.910736683261 -0.860125657144 0.509865991402 0.014852549169 -0.985967121536 0.017173837302 -0.000154373491 0.999852486811 2.019955004806
0.459491391686 0.888150046497 -0.007560825677 111.053426656168 -0.888096480718 0.459548639159 0.009981424270 -1.336151861897 0.012339575546 0.002128369329 0.999921569154 2.028539232294
0.408085688301 0.912937574425 -0.003314404154 111.201612317056 -0.912889441121 0.408098333438 0.009412802761 -1.694467612389 0.009945912462 -0.000815539106 0.999950178261 2.038590224048
0.357168294621 0.934039958265 0.000246479942 111.333337073380 -0.933958574162 0.357133589486 0.013306684594 -2.062495619709 0.012340953254 -0.004982922266 0.999911415893 2.045141348068
0.306635736096 0.951826881184 0.000393180322 111.431821285662 -0.951666569797 0.306576505587 0.018481570812 -2.440862512840 0.017470715335 -0.006041284117 0.999829058317 2.047606699115
0.259702514515 0.965688686429 -0.000086119066 111.527322809961 -0.965487561822 0.259650196837 0.020384419778 -2.838032684290 0.019707367382 -0.005210734406 0.999792188648 2.053370548048
0.217628117789 0.976017242575 -0.005317364961 111.592912120907 -0.975819440927 0.217691191505 0.019672954598 -3.251094789077 0.020358699954 0.000907400938 0.999792290705 2.061420098401
0.181791786640 0.983258345544 -0.012441519383 111.649827899399 -0.983113584433 0.182005597319 0.019019015051 -3.682158792092 0.020965034459 0.008773933303 0.999741716041 2.068818816521
0.150717718352 0.988429425109 -0.017072473766 111.697009119519 -0.988311653530 0.151054734623 0.020555567215 -4.124043015177 0.022896611662 0.013774845073 0.999642947024 2.074831071102
0.122339197416 0.992385036775 -0.014321040645 111.750646625246 -0.992279662770 0.122596626051 0.018741391393 -4.586681700279 0.020354388976 0.011917682797 0.999721776533 2.088363252179
0.096657589747 0.995296377273 -0.006516835650 111.801513063020 -0.995198778103 0.096745186182 0.014826450508 -5.068990818518 0.015387191608 0.005052468519 0.999868864071 2.100555384199
0.072469415828 0.997370480853 -0.000575613261 111.837504042611 -0.997308027265 0.072471314857 0.011168208605 -5.568043141067 0.011180557250 -0.000235283786 0.999937489315 2.112116871874
0.049445316469 0.998771135890 -0.003382510479 111.853514758602 -0.998744782117 0.049470583384 0.007844194477 -6.088346311688 0.008001894256 0.002990410814 0.999963450147 2.125037345283
0.028846455797 0.999528414066 -0.010531148596 111.850050517738 -0.999550771756 0.028929695104 0.007839205338 -6.623836031872 0.008140175639 0.010300285664 0.999913789100 2.135792553602
0.010534970861 0.999822969940 -0.015587112544 111.836935061260 -0.999894922667 0.010688435344 0.009795114433 -7.177518446815 0.009959990819 0.015482293276 0.999830473796 2.144243214402
-0.004138340426 0.999848068661 -0.016929825990 111.830796759346 -0.999874394611 -0.003878211951 0.015369134278 -7.750195398752 0.015301146519 0.016991312885 0.999738541377 2.143123195174
-0.015847862630 0.999782110013 -0.013587429853 111.825601179421 -0.999673135605 -0.015570552298 0.020277874020 -8.342297011506 0.020061905530 0.013904355833 0.999702044929 2.144082139576
-0.022672237938 0.999621207117 -0.015601432002 111.806843833611 -0.999532087721 -0.022344208019 0.020888319187 -8.960447437901 0.020531810554 0.016067732978 0.999660005956 2.149502263097
-0.025646358180 0.999442511941 -0.021375238977 111.776989552589 -0.999539922043 -0.025290702677 0.016746250714 -9.603498028830 0.016196330616 0.021794891790 0.999631190856 2.159011840080
-0.025549933976 0.999383959170 -0.024061285552 111.754123769454 -0.999559747896 -0.025176476338 0.015698398982 -10.260513077542 0.015082951381 0.024451796297 0.999587150314 2.168060098873
-0.023851427352 0.999438381172 -0.023536856782 111.738529529456 -0.999613591218 -0.023506241669 0.014835035037 -10.937004257841 0.014273438937 0.023881614218 0.999612879020 2.176644693533
-0.022367620337 0.999567349045 -0.019099493129 111.730693901174 -0.999647775465 -0.022088333160 0.014710598689 -11.625857793776 0.014282366165 0.019421825276 0.999709313496 2.186968300607
-0.021329652634 0.999598021528 -0.018676798853 111.714533796677 -0.999641048920 -0.021020131205 0.016614704373 -12.335820859555 0.016215443881 0.019024485999 0.999687463839 2.191931352838
-0.020599697713 0.999623474076 -0.018124719829 111.697676068245 -0.999646838601 -0.020288934995 0.017165720410 -13.058808970964 0.016791532398 0.018471930646 0.999688362708 2.199388228823
-0.020056826306 0.999637526288 -0.017960635895 111.680145028832 -0.999664001999 -0.019755814907 0.016783291172 -13.797561276449 0.016422381954 0.018291225999 0.999697801213 2.210554148496
-0.019334624128 0.999675078940 -0.016609165164 111.669942462882 -0.999699761843 -0.019079690341 0.015372386273 -14.553855467750 0.015050499696 0.016901402509 0.999743814469 2.226639715257
-0.018775774994 0.999670541825 -0.017500865881 111.656112255206 -0.999729606382 -0.018530964860 0.014047061984 -15.319575414850 0.013718127433 0.017759889117 0.999748109854 2.243446613468
-0.019332967021 0.999643838914 -0.018395389241 111.640035304550 -0.999746931989 -0.019116743464 0.011858306415 -16.096938633338 0.011502428450 0.018619999230 0.999760430485 2.260905564128
-0.020607514831 0.999654928221 -0.016287603210 111.624518709997 -0.999738185620 -0.020441648112 0.010285143925 -16.877347327925 0.009948656354 0.016495290152 0.999814412942 2.278068181602
-0.022197181362 0.999645699364 -0.014685495579 111.605536485631 -0.999713748159 -0.022062690780 0.009257795139 -17.664019139363 0.008930525824 0.014886787862 0.999849282142 2.291827205920
-0.023597244688 0.999577155839 -0.016991519665 111.580349565673 -0.999701913963 -0.023486866447 0.006666728463 -18.462222503432 0.006264837109 0.017143781929 0.999833361134 2.302293142544
-0.024857398143 0.999493478543 -0.019869161460 111.552366408175 -0.999678041237 -0.024750869835 0.005589491832 -19.268480474769 0.005094886623 0.020001709069 0.999786957978 2.313569682742
-0.026807309738 0.999520132564 -0.015517211831 111.533461798482 -0.999636595703 -0.026759656110 0.003270618429 -20.085182322364 0.002853816976 0.015599256500 0.999874185848 2.328266821723
-0.027764332455 0.999532723105 -0.012785739138 111.514986959700 -0.999583827504 -0.027660900909 0.008196466759 -20.902659219664 0.007838976677 0.013007995793 0.999884673363 2.338373361392
-0.028525311268 0.999493652427 -0.014094354881 111.493335321261 -0.999509292963 -0.028337506681 0.013348979234 -21.724252185977 0.012942821388 0.014468228248 0.999811487949 2.348713396143
-0.029310325086 0.999461505909 -0.014754117683 111.473248769227 -0.999461571972 -0.029086119769 0.015188267797 -22.555110091978 0.014750951216 0.015191354342 0.999775754855 2.363885635131
-0.030254485807 0.999478899259 -0.011248385393 111.460134100744 -0.999461147031 -0.030106754616 0.013078271079 -23.393866004705 0.012732807656 0.011638008287 0.999851130423 2.382991875216
-0.030894560329 0.999488712799 -0.008234007181 111.449794732694 -0.999485058399 -0.030820835332 0.008935457469 -24.235765290949 0.008677111480 0.008505824025 0.999926185660 2.405740766200
-0.030732077368 0.999505122161 -0.006708233027 111.431444461226 -0.999523343248 -0.030711503431 0.003148589344 -25.080173473220 0.002941016475 0.006801805157 0.999972550799 2.425009730864
-0.030559063707 0.999526217313 -0.003672870550 111.418476170775 -0.999530046737 -0.030567711187 -0.002320080750 -25.925865137743 -0.002431249126 0.003600246706 0.999990574895 2.440084204546
-0.030417471131 0.999537077858 -0.000641968265 111.404543791564 -0.999530530962 -0.030419627905 -0.003660737232 -26.764301280935 -0.003678567227 0.000530320613 0.999993089036 2.455829796107
-0.029512205007 0.999560276906 -0.002889431095 111.382592318875 -0.999563244159 -0.029507651514 0.001606676101 -27.595046483010 0.001520713863 0.002935590111 0.999994536521 2.472788301903
-0.028527554668 0.999579650077 -0.005175291653 111.355909039754 -0.999505143484 -0.028456024404 0.013405837822 -28.415313335394 0.013252939785 0.005555175232 0.999896689073 2.484423507709
-0.028095303643 0.999578913882 -0.007250135897 111.331042264223 -0.999403761681 -0.027943268400 0.020282256046 -29.237686440662 0.020071134187 0.007815654978 0.999767952044 2.500693366301
-0.026742541974 0.999604903649 -0.008650320552 111.306836259992 -0.999541820415 -0.026616131705 0.014412984085 -30.069781427822 0.014177060371 0.009031802376 0.999858723679 2.526231537375
-0.025394926739 0.999610798699 -0.011545334262 111.281318288605 -0.999660612799 -0.025325539960 0.006116680388 -30.901662579144 0.005821912319 0.011696755448 0.999914656698 2.552392826771
-0.024764091580 0.999604660059 -0.013312930834 111.256415623262 -0.999688805567 -0.024721812116 0.003330579761 -31.723468322829 0.003000148310 0.013391270764 0.999905843696 2.572635097208
-0.024729086104 0.999616978315 -0.012425581545 111.236614443134 -0.999687767812 -0.024682275043 0.003906006863 -32.536454113015 0.003597823327 0.012518308688 0.999915121148 2.589637505992
-0.025433018168 0.999632062971 -0.009424318819 111.219518979589 -0.999666618339 -0.025389512386 0.004707289753 -33.348805283513 0.004466282415 0.009540900995 0.999944500554 2.606281170412
-0.027316813548 0.999599026475 -0.007459567647 111.199841942730 -0.999614994319 -0.027279331430 0.005081224258 -34.154959458558 0.004875699614 0.007595505005 0.999959264978 2.621895767652
-0.029259325712 0.999549080771 -0.006746142726 111.177004935105 -0.999562565719 -0.029229317165 0.004504714945 -34.959254687998 0.004305503415 0.006875001121 0.999967102877 2.639641063365
-0.031372311926 0.999489843435 -0.005990472242 111.155047103178 -0.999494898044 -0.031340904207 0.005267073835 -35.759210184779 0.005076644635 0.006152695732 0.999968156133 2.658707455596
-0.033399294234 0.999433613984 -0.004102596624 111.134738036253 -0.999427832738 -0.033376629926 0.005473863821 -36.555541631957 0.005333838621 0.004283080765 0.999976584160 2.675663381130
-0.035420076420 0.999370469242 -0.002031123696 111.113828387959 -0.999361711883 -0.035410179185 0.004720371276 -37.350315219061 0.004645482344 0.002197029711 0.999986775604 2.690580716149
-0.037449766760 0.999295343981 -0.002522471853 111.088969429606 -0.999293898436 -0.037441772711 0.003145363859 -38.140926314001 0.003048705829 0.002638492608 0.999991799471 2.711035405127
-0.039432554141 0.999219719837 -0.002241291366 111.060959591637 -0.999218335026 -0.039426033760 0.002881227574 -38.924015899731 0.002790619126 0.002353161667 0.999993337901 2.729969311086
-0.041266250912 0.999146330929 -0.001920777452 111.030904235423 -0.999140380818 -0.041258246059 0.004037180983 -39.704921367293 0.003954491281 0.002085728142 0.999989966971 2.748046358995
-0.042273375926 0.999103114190 -0.002446669467 110.996713392848 -0.999094640351 -0.042261032257 0.004895962576 -40.476130569223 0.004788176308 0.002651431156 0.999984948183 2.764170025663
-0.043500311316 0.999043226512 -0.004498840787 110.959785217976 -0.999047786119 -0.043484421204 0.003572329829 -41.249090740969 0.003373287565 0.004649960686 0.999983482520 2.782238516228
-0.044888860341 0.998981100582 -0.004662485891 110.923176515430 -0.998989076921 -0.044876880857 0.002641475233 -42.016892853881 0.002429550493 0.004776354595 0.999985631198 2.802231816348
-0.046250275475 0.998923186804 -0.003668280205 110.889955739559 -0.998928458994 -0.046243623855 0.001877418712 -42.777293857847 0.001705767608 0.003751189082 0.999991519331 2.821535532956
-0.047618014229 0.998863805822 -0.001879815608 110.859204544167 -0.998865438905 -0.047616642179 0.000767848697 -43.527081291654 0.000677470167 0.001914259518 0.999997916408 2.839117926781
-0.048514966185 0.998822205256 -0.000726376865 110.827851883645 -0.998822429779 -0.048515037891 -0.000080688871 -44.260616790795 -0.000115829366 0.000721616728 0.999999744076 2.852648677716
-0.049367370245 0.998780296756 -0.000871602997 110.796525114644 -0.998780379361 -0.049368082215 -0.000825410156 -44.975479964342 -0.000867429669 0.000829790091 0.999999222460 2.866972004964
-0.049722166713 0.998762622764 -0.000947123202 110.765165545449 -0.998762073403 -0.049720715757 0.001490180969 -45.680384082401 0.001441250286 0.001020047817 0.999998462470 2.881848589272
-0.049837305756 0.998756733431 -0.001078747425 110.732536223072 -0.998747154798 -0.049831866314 0.004587786015 -46.380742235254 0.004528330728 0.001306037552 0.999988862070 2.897433209863
-0.050019047190 0.998747858481 0.000891365830 110.703190017876 -0.998729151229 -0.050023586449 0.006148992086 -47.078058997082 0.006185885467 -0.000582655841 0.999980633639 2.912914556553
-0.050249106762 0.998736520955 0.000641382198 110.671504116443 -0.998711874827 -0.050252375705 0.007022552080 -47.772712345041 0.007045914832 -0.000287679315 0.999975112468 2.929771663021
-0.050335297401 0.998732229626 -0.000544422416 110.636490287572 -0.998708797475 -0.050330339068 0.006908240380 -48.467287238265 0.006872085789 0.000891455068 0.999976006469 2.945524203478
-0.050621844004 0.998716564464 -0.001606954527 110.602652253255 -0.998700680441 -0.050611444310 0.005959279599 -49.155825680896 0.005870306620 0.001906540732 0.999980948314 2.959808301449
-0.050967496883 0.998697986844 0.002170499879 110.575804470853 -0.998678249366 -0.050980706179 0.006542309986 -49.841405041063 0.006644451116 -0.001834184095 0.999976263062 2.973393706230
-0.050882430090 0.998691824824 0.005055528490 110.548657141034 -0.998683696629 -0.050913553405 0.006231227431 -50.525641468733 0.006480475577 -0.004731805631 0.999967783495 2.988675648196
-0.050766303665 0.998705759883 0.003106254042 110.513530151325 -0.998698210252 -0.050780916929 0.004823656402 -51.201008228929 0.004975155678 -0.002857325454 0.999983520595 3.001348831113
-0.051673899843 0.998661040003 0.002422013391 110.478141267320 -0.998653688304 -0.051684262878 0.004432690110 -51.873967876910 0.004551938988 -0.002189702247 0.999987222721 3.013211895869
-0.054917457631 0.998476749081 0.005307872087 110.447521717989 -0.998482231919 -0.054938418854 0.003886754322 -52.543547985969 0.004172443703 -0.005086360657 0.999978306485 3.027324071965
