0.999999999995 -0.000000000168 -0.000000000358 -0.000000000026 -0.000000000168 1.000000000000 0.000000000014 0.000000000057 -0.000000000358 0.000000000014 1.000000000005 0.000000000120
0.999930775040 0.011708173471 0.001198913178 0.288249768464 -0.011704511183 0.999926903810 -0.003019153813 -0.018301197051 -0.001234174913 0.003004912571 0.999994721150 0.006838262283
0.999825999551 0.018594652082 0.001518551185 0.581008611120 -0.018586765659 0.999814509579 -0.005051202825 -0.034143246689 -0.001612196503 0.005022099757 0.999986090870 0.011613293915
0.999785235651 0.020722800010 0.000162026609 0.879427640296 -0.020720887083 0.999754225461 -0.007877784140 -0.049614046621 -0.000325237410 0.007872736033 0.999968938888 0.014076666291
0.999817008461 0.019052433635 -0.001705887931 1.185245816896 -0.019067563046 0.999774571154 -0.009337772140 -0.061835461815 0.001527595888 0.009368592670 0.999954920385 0.016049026975
0.999916271478 0.012605387238 -0.002944595359 1.500744496445 -0.012639224796 0.999850868660 -0.011771872546 -0.070147122368 0.002795766479 0.011808104919 0.999926359862 0.017631714791
0.999986719846 0.000564649750 -0.005123725203 1.823997717250 -0.000636526876 0.999901309440 -0.014037470130 -0.074186000847 0.005115292602 0.014040548168 0.999888270714 0.020341184488
0.999866224135 -0.015499973026 -0.005230780065 2.161682074998 0.015428065878 0.999789586765 -0.013518152020 -0.068277437492 0.005439208981 0.013435640510 0.999894889101 0.027061811583
0.999388512090 -0.034600537613 -0.005032249964 2.516654699159 0.034553937653 0.999361686618 -0.009069193016 -0.052128592817 0.005342837573 0.008889765213 0.999946201293 0.035663455882
0.998515367553 -0.054093509270 -0.006403254402 2.875600576616 0.054058317964 0.998522417049 -0.005548193970 -0.027569631212 0.006693913322 0.005193809149 0.999964115397 0.042128668753
0.997225607286 -0.074099821715 -0.007098756601 3.247627000078 0.074065377357 0.997240821477 -0.004998331261 -0.000663536460 0.007449544873 0.004458691588 0.999962271237 0.047538112835
0.995458216857 -0.094979849349 -0.006467538528 3.631833011399 0.094937344197 0.995461456631 -0.006591121097 0.031939604444 0.007064207527 0.005947176657 0.999957326512 0.052082469817
0.993355671475 -0.114954016584 -0.005491017644 4.023834826465 0.114907708527 0.993342951896 -0.008119101901 0.076210784224 0.006387787246 0.007434195617 0.999951976629 0.057939047081
0.991098078768 -0.133034461736 -0.005135980096 4.421172248066 0.132996198080 0.991090490106 -0.007186358504 0.139436276484 0.006046253394 0.006439322631 0.999960931126 0.065660480668
0.988861569259 -0.148776719846 -0.004275885631 4.832061670903 0.148751197609 0.988857747937 -0.005779511683 0.211757567816 0.005088098610 0.005079096043 0.999974082804 0.073491860479
0.986688194831 -0.162557251693 -0.004644779095 5.253309184249 0.162534504316 0.986690667861 -0.004913720707 0.290516302680 0.005381720643 0.004093375045 0.999977137308 0.080733842925
0.984589157694 -0.174808320258 -0.005125527826 5.688492312154 0.174776417057 0.984589012602 -0.006134334104 0.370941064598 0.006118870661 0.005143978712 0.999968029704 0.087658795888
0.982744422579 -0.184844028708 -0.006784510084 6.133869349902 0.184774393979 0.982732525055 -0.009758813304 0.453084379072 0.008471217107 0.008336817811 0.999929352366 0.093257606015
0.981206655392 -0.192750457579 -0.008985583116 6.593516050514 0.192665181692 0.981217988224 -0.009562127452 0.544279882864 0.010659919694 0.007651215687 0.999913856384 0.098573764286
0.979717668538 -0.200088624962 -0.010856178098 7.064671314029 0.200000531302 0.979757310247 -0.008678163861 0.645588422247 0.012372820463 0.006330908231 0.999903421215 0.105437116012
0.977982759606 -0.208249816634 -0.013480698134 7.556121979025 0.208136074705 0.978054993606 -0.009369603303 0.749628570856 0.015136085104 0.006357492234 0.999865246788 0.113066293205
0.976275864334 -0.216059302101 -0.014273824040 8.050072046618 0.215880846718 0.976332342485 -0.013063384536 0.852916776806 0.016758466899 0.009672022667 0.999812793181 0.122749110609
0.974493808009 -0.223943519072 -0.014531189659 8.564282659463 0.223646963744 0.974473701691 -0.019572441995 0.959696779411 0.018543378836 0.015823364357 0.999702790300 0.133800750908
0.972437160488 -0.232654313401 -0.015423168463 9.086179461430 0.232325072758 0.972421641177 -0.020524039040 1.080873676747 0.019772831506 0.016375153043 0.999670398335 0.145567614072
0.970252361584 -0.241156457838 -0.021307948749 9.618411876726 0.240836180002 0.970424870165 -0.016538282394 1.217083621458 0.024666085479 0.010914586504 0.999636168250 0.159410521522
0.967952683361 -0.249811519381 -0.025725785791 10.160587340984 0.249532659077 0.968271067436 -0.013584407237 1.356778632769 0.028303076558 0.006729643342 0.999576749202 0.179808149962
0.965722210971 -0.258196969795 -0.026737445799 10.712386824635 0.257851111346 0.966056694620 -0.015722792513 1.491994744859 0.029889474464 0.008289569228 0.999518794409 0.207040723772
0.963319176985 -0.266862369088 -0.028297078148 11.275247417692 0.266403186072 0.963674689001 -0.018984996173 1.632750488320 0.032335568059 0.010750180434 0.999419234014 0.231797069060
0.961013739891 -0.274759390322 -0.030982120212 11.843993922529 0.274288255818 0.961467031629 -0.018632862071 1.785769231191 0.034907835768 0.009408409511 0.999346228480 0.254717364994
0.958605746794 -0.282606698287 -0.034762734439 12.426763168515 0.282147116528 0.959210022299 -0.017584006335 1.952244911386 0.038314119765 0.007047926105 0.999240830906 0.279906874494
0.956087998817 -0.290375911801 -0.039720031765 13.017892865511 0.289848367226 0.956892221952 -0.018578642835 2.122395243437 0.043402582110 0.006250035506 0.999038079231 0.305365936105
0.953975908712 -0.296183945786 -0.046958301315 13.620805274674 0.295546036670 0.955115948284 -0.020150120675 2.302650578810 0.050818774002 0.005344387215 0.998693543004 0.329052415002
0.952245245553 -0.300267282832 -0.055395076183 14.234629926721 0.299569850730 0.953850035782 -0.020687686385 2.489919677391 0.059050436492 0.003105056268 0.998250118665 0.350913322852
0.950464276085 -0.304117679752 -0.064265538727 14.859753447122 0.303405430647 0.952634414526 -0.020802323583 2.685639737313 0.067547932715 0.000273346721 0.997716009388 0.381666910472
0.948492556315 -0.308052175253 -0.073931055277 15.495833649084 0.307408625830 0.951362803176 -0.020217146643 2.888221142331 0.076563198834 -0.003551232312 0.997058340508 0.416992650976
0.946566369552 -0.312035761042 -0.081521417195 16.144064806590 0.311468923811 0.950047823708 -0.019907894880 3.097893203942 0.083661229316 -0.006547240206 0.996472706740 0.463187339036
0.944309162208 -0.316792614044 -0.089009339744 16.815372054805 0.316508793884 0.948425163193 -0.017660401375 3.328923623228 0.090013395789 -0.011495366350 0.995874174599 0.519202662620
0.942104855498 -0.321372911158 -0.095696666262 17.463074159359 0.321285634060 0.946834324337 -0.016741615989 3.557718174911 0.095989203019 -0.014973608618 0.995269720166 0.580844876683
0.939854426916 -0.325967903086 -0.102071640775 18.136632804141 0.326232821273 0.945177295131 -0.014559295445 3.801827822349 0.101221684941 -0.019615512776 0.994670477952 0.648803100457
0.937732983585 -0.330589407262 -0.106618509009 18.825021449646 0.331248886139 0.943467382128 -0.011979870846 4.053689577064 0.104551558711 -0.024083350382 0.994227834287 0.720588953174
0.935806610472 -0.335374442500 -0.108581804222 19.522922696297 0.336271987307 0.941706479144 -0.010487333603 4.310623060938 0.105769397201 -0.026698906463 0.994032210384 0.796748329621
0.933650876241 -0.341490630329 -0.108075242084 20.234748858843 0.342420317875 0.939489091691 -0.010416601327 4.570640514277 0.105092711377 -0.027281706833 0.994088132068 0.878399604223
0.931485872543 -0.347765637923 -0.106738442511 20.953252878741 0.348734941665 0.937167480989 -0.010053275496 4.838224448837 0.103527985185 -0.027858929780 0.994236246468 0.960185766319
0.929104973333 -0.354639158677 -0.104857023611 21.686088608352 0.355588353169 0.934587779653 -0.010133278949 5.116903081232 0.101591804367 -0.027871070958 0.994435647014 1.042206286075
0.926176349981 -0.362892105963 -0.102501734315 22.422768279696 0.363871822211 0.931399141618 -0.009638768108 5.402417816018 0.098967860414 -0.028370289634 0.994686108401 1.125821790206
0.923363426746 -0.371376743223 -0.097361613952 23.176785013958 0.372424207771 0.928029351445 -0.007863233929 5.717703386320 0.093274672322 -0.028999207330 0.995218021808 1.218510377629
0.920399044675 -0.379718332638 -0.093164004696 23.916553620709 0.380992271428 0.924567719982 -0.004404602444 6.032340299642 0.087808954711 -0.031440777033 0.995641035342 1.303966814615
0.917073355744 -0.388245449911 -0.090785492654 24.670250119247 0.389794333657 0.920901683168 -0.000725407263 6.365772482809 0.083886156937 -0.034722424019 0.995870161089 1.390645541288
0.913394155263 -0.397058696157 -0.089752535231 25.427759853104 0.398702617932 0.917080176743 0.000422588784 6.701326049208 0.082142487529 -0.036170566029 0.995963967994 1.469527000828
0.909415502557 -0.406203054194 -0.089233241805 26.192470775366 0.407836425852 0.913054960687 0.000078783791 7.048705350204 0.081442868604 -0.036464225397 0.996010736757 1.546503614903
0.905579631602 -0.414826966713 -0.088566990826 26.962114157778 0.416465391085 0.909151598922 0.000022320859 7.403966042497 0.080511573383 -0.036905299438 0.996070169477 1.620860334789
0.901747359664 -0.423312204770 -0.087512210362 27.738976737869 0.425043359405 0.905172090685 0.001271611829 7.774998465614 0.078675331125 -0.038343163660 0.996162649651 1.697354132904
0.898151501514 -0.431391764053 -0.085000674641 28.521897308326 0.432969252759 0.901408738728 0.000136611451 8.150297210501 0.076561425220 -0.036925374978 0.996380859758 1.771965618908
0.894529288414 -0.439559897124 -0.081267152291 29.316846431631 0.441054124163 0.897480406353 0.000485496457 8.540370786916 0.072722288905 -0.036277516732 0.996692205234 1.845768935055
0.891196256577 -0.447128248988 -0.076456995626 30.117767378530 0.448622767520 0.893717213690 0.002677456376 8.943311552091 0.067133770717 -0.036686494885 0.997069229733 1.915724642360
0.887665954335 -0.454824645255 -0.071998033023 30.924952301990 0.456187712282 0.889879072942 0.002824739681 9.355044573606 0.062784789686 -0.035352042872 0.997400772723 1.985125556507
0.883989231440 -0.462277300635 -0.069733793114 31.738268203160 0.463532377522 0.886077549604 0.002066172112 9.776923245414 0.060834417838 -0.034150351890 0.997563518956 2.050388112366
0.880768808055 -0.468566296156 -0.068497364850 32.557699632448 0.469724496742 0.882812561255 0.000911900185 10.209907364931 0.060043057049 -0.032978066843 0.997650830691 2.110679499201
0.877670676579 -0.474547891731 -0.067070956211 33.384967407645 0.475705730461 0.879603311873 0.001477807886 10.656722270957 0.058294549139 -0.033203064756 0.997747111548 2.170746842369
0.874813721743 -0.480095885372 -0.064876447827 34.222352465539 0.481135631597 0.876646051875 0.000459871821 11.111830908230 0.056652907070 -0.031616677724 0.997893126383 2.231175559382
0.872150919528 -0.485009675708 -0.064174665515 35.069442383307 0.485961724996 0.873979677410 -0.000883549785 11.578930065149 0.056515885815 -0.030415841743 0.997938303062 2.292299150766
0.869974318301 -0.488864553038 -0.064468335409 35.918863454764 0.489775001534 0.871846829142 -0.001913362893 12.052838912387 0.057141891097 -0.029910402551 0.997917852557 2.351892190782
0.868528469481 -0.491318359763 -0.065303587928 36.798186420494 0.492266831747 0.870442560657 -0.001786588940 12.540141682688 0.057720812037 -0.030595089493 0.997863769862 2.415480852789
0.868154795083 -0.492133052677 -0.064126708394 37.693892327486 0.493058468320 0.869994718839 -0.001592368199 13.033467707724 0.056573563943 -0.030235801695 0.997940486078 2.481256566567
0.868133362561 -0.492367006299 -0.062604062670 38.595803672166 0.493271782526 0.869874544050 -0.001148184976 13.527489327716 0.055023019360 -0.029884041322 0.998037793389 2.549166497235
0.867948429065 -0.492855786506 -0.061308001886 39.507757891385 0.493662860110 0.869650426988 -0.002256826282 14.030087069348 0.054428829721 -0.028306678952 0.998116343947 2.615324484785
0.867284775510 -0.494084019950 -0.060812188679 40.425394829908 0.494777634107 0.869009862734 -0.004124603559 14.545793127294 0.054884294468 -0.026511302728 0.998140661757 2.680014050063
0.866175054537 -0.496102130199 -0.060194152691 41.349336102267 0.496639074356 0.867930963011 -0.006746548729 15.069423591057 0.055591356338 -0.024051075491 0.998163882452 2.745410279674
0.864690688932 -0.498941525503 -0.058029801786 42.276556910831 0.499399859406 0.866340378596 -0.007354910389 15.598967607650 0.053943240845 -0.022620351400 0.998287732472 2.811693755319
0.862834763233 -0.502614534406 -0.053803948684 43.203050685105 0.503035909454 0.864241944091 -0.006387550188 16.133671349877 0.049710104641 -0.021553921929 0.998531092675 2.878482069192
0.860224905823 -0.507553089879 -0.049020909416 44.126173745753 0.507863304280 0.861410631981 -0.006832212204 16.669548188004 0.045694838240 -0.019018680083 0.998774362196 2.943488911384
0.856437860725 -0.514150232003 -0.046515933643 45.043666191177 0.514427542687 0.857507534440 -0.006718852158 17.212432074317 0.043342272909 -0.018174803028 0.998894904835 3.006910450634
0.851114813427 -0.522834869016 -0.047405979135 45.953967039018 0.522979177438 0.852283236149 -0.010296682333 17.761363929986 0.045786793754 -0.016028685378 0.998822650425 3.067227269218
0.844882656412 -0.532683428077 -0.049210511248 46.866452705184 0.532672953928 0.846198296387 -0.014421486663 18.328252578393 0.049323941774 -0.014028643990 0.998684247201 3.127649355678
0.838719401262 -0.542370124755 -0.048829561884 47.766177292814 0.542338570932 0.840025322537 -0.015048157550 18.915777022519 0.049179751059 -0.013860970086 0.998693776200 3.184602920165
0.833070383283 -0.551324222534 -0.045115804347 48.658121260585 0.551406123610 0.834154470843 -0.011735066059 19.521447779998 0.044103384429 -0.015100991028 0.998912845874 3.239176328637
0.828016728307 -0.559097027662 -0.042411902872 49.544125453737 0.559358816643 0.828899932703 -0.006532684425 20.128125897678 0.038807631980 -0.018314293112 0.999078838990 3.295146196545
0.823727425597 -0.565270355617 -0.044074939067 50.410334765183 0.565575092452 0.824671836879 -0.006418504381 20.747163249194 0.039975558239 -0.019640588771 0.999007537524 3.346009822707
0.819915234750 -0.570422244812 -0.048554594797 51.274074795694 0.570697405245 0.821107185273 -0.009356573408 21.361285899662 0.045205726604 -0.020038378010 0.998776679977 3.401204316959
0.816629037795 -0.574442308220 -0.055974372751 52.129760496580 0.574779015480 0.818227897437 -0.011495696550 21.981231098551 0.052403414674 -0.022785175946 0.998365964768 3.458531161651
0.813227545300 -0.579229064017 -0.056166453774 52.994501172448 0.579549252741 0.814847733096 -0.012074184910 22.604196536832 0.052760833494 -0.022732170902 0.998348421604 3.519427792386
0.809888973864 -0.584120407257 -0.053694601002 53.857638621928 0.584430060446 0.811364372018 -0.011380336494 23.235316696980 0.050213379870 -0.022163933000 0.998492554118 3.584747830097
0.806927640263 -0.588637469370 -0.048721406448 54.723267083071 0.589000020971 0.808092719104 -0.008072906149 23.873166567730 0.044123438055 -0.022182657407 0.998779740633 3.647304119415
0.803957167745 -0.592879418403 -0.046334050692 55.585800094981 0.593265678921 0.804981320464 -0.006403499782 24.514252528225 0.041094556238 -0.022340260299 0.998905411791 3.701099299636
0.800809463372 -0.597050910808 -0.047269612282 56.444911866087 0.597476656622 0.801863191542 -0.006098311315 25.159989182017 0.041544767347 -0.023358899123 0.998863545086 3.746325061829
0.797187191626 -0.601764109820 -0.048709010229 57.304408099512 0.602177087489 0.798328751045 -0.007343980815 25.809877332538 0.043305158554 -0.023476928005 0.998785957328 3.795557701364
0.793031130779 -0.607122044194 -0.050044009117 58.152015000579 0.607455813686 0.794290663269 -0.009991347237 26.466635284457 0.045815466513 -0.022476078350 0.998697005952 3.842262610961
0.788603432427 -0.612868837277 -0.049963377143 59.004534736944 0.613142280293 0.789889418728 -0.011457698894 27.136176938136 0.046487615070 -0.021599087942 0.998685348846 3.893255748111
0.784141392637 -0.618656348212 -0.048853396595 59.838807607144 0.618920187277 0.785371859418 -0.011348284485 27.809436236880 0.045388778413 -0.021337698701 0.998741447945 3.949142984017
0.779201789657 -0.624902325481 -0.048391323309 60.677450689379 0.625183251944 0.780401012353 -0.010962443445 28.490608436600 0.044615100791 -0.021711497465 0.998768297990 4.010684069705
0.773756766262 -0.631579358318 -0.049070306819 61.510642900825 0.631823074923 0.775014353960 -0.012344121669 29.182460985846 0.045826486958 -0.021452403470 0.998718979778 4.071444349621
0.768180841469 -0.638324325864 -0.049398990205 62.345333605278 0.638508593376 0.769487085370 -0.014012465620 29.881879839881 0.046956387006 -0.020777577473 0.998680773161 4.131453562961
0.762477283634 -0.645106222751 -0.049662279824 63.174532505100 0.645255243587 0.763817382279 -0.015120055883 30.590334768002 0.047686953681 -0.020516150833 0.998651634087 4.192320184556
0.756704580856 -0.651842643121 -0.049993625007 64.000845548663 0.651939468121 0.758089485848 -0.016591039900 31.306433251214 0.048714396833 -0.020038303613 0.998611733296 4.254975544549
0.750437643071 -0.659011677013 -0.050466859160 64.833702429749 0.659026504594 0.751887063910 -0.018707735897 32.040904983738 0.050274002806 -0.019220002873 0.998550493019 4.318708516289
0.744215572925 -0.666106040733 -0.049455656068 65.657959424653 0.666076006963 0.745629125161 -0.019491953902 32.779742106880 0.049859288867 -0.018435009244 0.998586101913 4.382344664706
0.737980059451 -0.673128702333 -0.047782474263 66.465913272026 0.673060874696 0.739319057356 -0.019910882149 33.517072075824 0.048729082579 -0.017466678617 0.998659283194 4.447019689328
0.731540091785 -0.680204280763 -0.046596755448 67.270498924296 0.680125521011 0.732823545851 -0.019972628860 34.283992623867 0.047732675597 -0.017080867498 0.998714062364 4.517397509296
0.725068927337 -0.687133837069 -0.046066143498 68.071087722700 0.686960507753 0.726361452285 -0.022007946012 35.058430927997 0.048583073053 -0.015688346823 0.998695920377 4.586841482769
0.718418935683 -0.694017506824 -0.047052750440 68.866131795881 0.693786026611 0.719789478924 -0.023749095547 35.851888115314 0.050350372203 -0.015582738907 0.998609985393 4.663036266572
0.712282438525 -0.700254291950 -0.047932960551 69.661009311198 0.700077271699 0.713690227045 -0.023197542674 36.651773181511 0.050453470698 -0.017033572281 0.998581134430 4.735562643323
0.706812959422 -0.705813899360 -0.047351195344 70.453854256437 0.705676178080 0.708179459907 -0.022425603434 37.468480256569 0.049361453806 -0.017563902613 0.998626480671 4.812540737022
0.701758801936 -0.710794123904 -0.048022775848 71.248031359422 0.710702219752 0.703150670536 -0.021944936223 38.282115226530 0.049365587466 -0.018729840089 0.998605127528 4.890443995279
0.696775534984 -0.715644983304 -0.048539656284 72.038063215253 0.715516010699 0.698215084084 -0.023075839799 39.104622779579 0.050405238690 -0.018652222989 0.998554680932 4.971094475614
0.691398694524 -0.720692792946 -0.050692049018 72.825856702165 0.720523979941 0.692984646541 -0.024850627736 39.933440457897 0.053038480648 -0.019343142426 0.998405058935 5.048643452012
0.686169284397 -0.725569419232 -0.052159838232 73.612098212580 0.725300387081 0.687886136055 -0.027423576355 40.770827435951 0.055777745537 -0.019014332902 0.998262079548 5.127582476531
0.680995034351 -0.730363870662 -0.053051359794 74.394722752961 0.730073093470 0.682781648201 -0.028330256997 41.621376156991 0.056913898912 -0.019438603359 0.998189817449 5.206138391785
0.676079189641 -0.735015706492 -0.051661245817 75.171831393630 0.734753462143 0.677774546991 -0.027552209422 42.485204635219 0.055265984997 -0.019330801902 0.998284463368 5.283111802794
0.670967820624 -0.739771038149 -0.050406953850 75.953453802309 0.739505881761 0.672593008895 -0.027381913217 43.350834985349 0.054159725469 -0.018903853552 0.998353270482 5.368499781782
0.665860419188 -0.744423248119 -0.049639165627 76.731387630333 0.744086030573 0.667469190071 -0.028650249993 44.221623555595 0.054460533504 -0.017858749308 0.998356190741 5.445672676353
0.660971015107 -0.748811106522 -0.048981794263 77.503199075964 0.748418845336 0.662563765045 -0.029641880111 45.098051028930 0.054649736962 -0.017066472312 0.998359719848 5.522503332390
0.656482332715 -0.752808504087 -0.048065656095 78.280353338064 0.752348265270 0.658046199716 -0.030779335081 45.988594657532 0.054800366515 -0.015956019818 0.998369767569 5.599294163994
0.652629457425 -0.756214004130 -0.047064579096 79.057378592212 0.755711047706 0.654150978375 -0.031421514778 46.887140501969 0.054548734104 -0.015060624630 0.998397464200 5.674640477495
0.648712847700 -0.759690055358 -0.045196230947 79.832329914305 0.759050610386 0.650164797620 -0.033583651420 47.788788125899 0.054898174267 -0.012520086343 0.998413454679 5.750387211458
0.644404072655 -0.763392749584 -0.044439364335 80.601074586500 0.762482389330 0.645869657613 -0.038380042567 48.698403107034 0.058001089280 -0.009151980728 0.998274569732 5.831825804747
0.639435011684 -0.767673116281 -0.042436344562 81.373047646482 0.766468160071 0.640823208896 -0.043269860206 49.618350955402 0.060411303882 -0.004857846281 0.998161679420 5.919304000062
0.633162824490 -0.773070034666 -0.038308746330 82.139094887138 0.771626009734 0.634320583241 -0.047231098273 50.539817061333 0.060812979765 0.000344955097 0.998149092269 6.010724259703
0.624924625174 -0.779927522890 -0.034384345846 82.900488041182 0.778295987599 0.625850684299 -0.050658312357 51.474394688197 0.061029286856 0.004896433580 0.998123990527 6.100384827816
0.615926048492 -0.787210196970 -0.030582446468 83.655968006142 0.785508387343 0.616629662330 -0.052387867328 52.424612645295 0.060098307639 0.008244281267 0.998158389177 6.189859998074
0.607075479416 -0.794150503591 -0.028008068754 84.399689801077 0.792574926904 0.607660275312 -0.050733485468 53.391065974247 0.057309415904 0.008600561415 0.998319345272 6.278999521192
0.597941843110 -0.801069800326 -0.027435678751 85.132118073561 0.799524610202 0.598514670708 -0.050404034166 54.368897370979 0.056797804997 0.008203187110 0.998351986181 6.366270133669
0.588225209548 -0.808170700580 -0.029176720062 85.852952271770 0.806498352187 0.588902620190 -0.052480795854 55.357293375879 0.059595691672 0.007339552666 0.998195570261 6.450581269502
0.578163555743 -0.815412055035 -0.028809465393 86.566275031218 0.813635930357 0.578825609256 -0.054383046681 56.355742122337 0.061020252932 0.008001882648 0.998104435002 6.536405478371
0.568184810250 -0.822393223456 -0.028902291921 87.270855392233 0.820513218959 0.568860247845 -0.056179825881 57.365867974567 0.062643273288 0.008205818322 0.998002241905 6.626480218604
0.558064386655 -0.829403882251 -0.025560721372 87.969472701352 0.827503190089 0.558546345252 -0.057136698503 58.383148234730 0.061666246575 0.010734386169 0.998039068094 6.720143935335
0.547616954468 -0.836413628047 -0.022976259659 88.658416948117 0.834541748214 0.547963649935 -0.057236187097 59.414351638478 0.060463287072 0.012168865340 0.998096195597 6.815459130982
0.537157390120 -0.843194564888 -0.022019694263 89.332558151083 0.841319204407 0.537465650942 -0.057556355421 60.457696479238 0.060366043619 0.012391230113 0.998099358938 6.906298826733
0.526717457080 -0.849742184817 -0.022517382579 89.995110661907 0.847782572491 0.527063496210 -0.058897627436 61.511190330577 0.061915892689 0.011932563356 0.998010046710 6.997907881623
0.516419037733 -0.856004808082 -0.023812611291 90.646059064421 0.853976934368 0.516859869668 -0.059827321163 62.580580802813 0.063520264842 0.010560555447 0.997924692599 7.091615325476
0.506318243942 -0.861984210824 -0.025000604829 91.282464276602 0.859900411490 0.506851907386 -0.060601572976 63.652539996659 0.064909202048 0.009185656857 0.997848848672 7.186801146625
0.496474487708 -0.867684345225 -0.025237692956 91.913944493869 0.865600443674 0.497046731822 -0.060667328781 64.745528195512 0.065184407010 0.008274031699 0.997838880471 7.282349726275
0.487575696579 -0.872734607914 -0.024581435900 92.535385549796 0.870780291222 0.488140730736 -0.058824671214 65.847116122797 0.063337532252 0.007276460033 0.997965572685 7.378713085661
0.479505205732 -0.877251104436 -0.022479402415 93.149289025021 0.875441418303 0.479972203795 -0.056824152042 66.957206410255 0.060638545449 0.007568081378 0.998131090473 7.474136411365
0.471858163037 -0.881404275436 -0.021824065530 93.753388593525 0.879578811013 0.472298073667 -0.057234088266 68.073727562425 0.060753841583 0.007810393234 0.998122163296 7.567608439006
0.464241225906 -0.885462685923 -0.020879363735 94.349100808074 0.883442500998 0.464609977808 -0.060555796206 69.192580363573 0.063320661682 0.009666783839 0.997946396285 7.659659225183
0.457242457715 -0.889137112475 -0.019093046333 94.938832573732 0.886919951458 0.457475388686 -0.063947988904 70.318901567523 0.065593130869 0.012305730545 0.997770553599 7.752910953892
0.451055722492 -0.892295120396 -0.018923445472 95.518335719952 0.889888560753 0.451256442112 -0.066827819553 71.449120077450 0.068169474766 0.013303312402 0.997585035395 7.851514459374
0.445589835119 -0.895050887393 -0.018263793962 96.093111886117 0.892405509512 0.445709284292 -0.070397224742 72.585128860037 0.071149450102 0.015069581778 0.997351780589 7.953722765791
0.440922332519 -0.897412789897 -0.015421036307 96.657428514442 0.894739205264 0.440836448508 -0.071449468188 73.714347781722 0.070917827924 0.017705866568 0.997325018974 8.057452385378
0.436763743897 -0.899491387857 -0.012358326221 97.218136942827 0.897049145596 0.436524733899 -0.068913102805 74.852134523488 0.067381460968 0.019012727542 0.997546122204 8.163629701899
0.433050596774 -0.901339109462 -0.007412245260 97.793182930040 0.899128561413 0.432538834476 -0.066918369675 76.027119277035 0.063522237353 0.022314489925 0.997730868749 8.269189723233
0.429791927148 -0.902914149933 -0.005004800539 98.321623213060 0.900795992528 0.429151115308 -0.066301350458 77.120854740908 0.062012243834 0.023987489875 0.997787057545 8.363825553622
0.426965991328 -0.904262142069 -0.003172376379 98.861211635879 0.902162523543 0.426208581425 -0.066701087178 78.249672026525 0.061667369182 0.025617104516 0.997767927247 8.459802804591
0.424446217806 -0.905453009056 -0.000503112560 99.396081711416 0.903481065880 0.423558354017 -0.065728771041 79.375747536294 0.059727414251 0.027443783693 0.997837328178 8.554015818909
0.422160307295 -0.906519542470 0.001714474655 99.925913970620 0.904666652146 0.421175009440 -0.064729585191 80.501466568729 0.057956548537 0.028877300832 0.997901383265 8.647332782312
0.420069485329 -0.907481934671 0.004266420394 100.453127796820 0.905640556712 0.418907661089 -0.065814684256 81.616485437516 0.057938409379 0.031510595180 0.997822753582 8.732376019040
0.417557108533 -0.908626739343 0.006588161935 100.962728564771 0.906840164520 0.416256638851 -0.066116622660 82.714341837937 0.057332972133 0.033581885551 0.997790152616 8.824694189486
0.415099095393 -0.909713754225 0.010658724897 101.466426960890 0.908108244330 0.413600540636 -0.065376092534 83.803024895585 0.055065078193 0.036816835689 0.997803763971 8.917592555895
0.413006464433 -0.910634302060 0.013066293979 101.960749239467 0.909151744274 0.411405469668 -0.064719502786 84.892262873476 0.053560264267 0.038608833942 0.997817965899 9.005605378751
0.411213618827 -0.911409859052 0.015341501781 102.443213624814 0.909974284905 0.409463881590 -0.065469478574 85.975347214354 0.053387744236 0.040882327841 0.997736599582 9.087429508017
0.409935449126 -0.911970963926 0.016183532388 102.922482304789 0.910489865500 0.408082244104 -0.066911962367 87.047084504094 0.054417559554 0.042164541306 0.997627606770 9.169442957952
0.409327888349 -0.912250101939 0.015823412919 103.392625488823 0.910686473962 0.407444871705 -0.068109364049 88.107806379941 0.055685616618 0.042289230536 0.997552339946 9.252602403951
0.409604175986 -0.912149131968 0.014431521526 103.846490267581 0.910498002358 0.407776745861 -0.068640751516 89.163808908041 0.056725777551 0.041255420287 0.997537078153 9.336103474897
0.411539418781 -0.911312843218 0.012008786247 104.294302517607 0.909580306402 0.409855305458 -0.068428451952 90.208774195775 0.057437868611 0.039083971469 0.997583675762 9.419055955218
0.415660525885 -0.909473528879 0.009173837574 104.747850121020 0.907643434479 0.414134378129 -0.068381925707 91.244415130758 0.058392356617 0.036750250871 0.997616995986 9.503156010416
0.420703296140 -0.907172094190 0.006888019117 105.205709370898 0.905254591014 0.419293097879 -0.068610375900 92.271272195353 0.059353327707 0.035100037247 0.997619705980 9.585916335188
0.426455928319 -0.904490305569 0.005710010189 105.677345749920 0.902535517193 0.425100674826 -0.068695964407 93.290970008771 0.059707504230 0.034449294410 0.997621296856 9.659825334170
0.433321045749 -0.901227460071 0.004671250866 106.155022226818 0.899318471635 0.432053379932 -0.067499870610 94.302538215512 0.058814520364 0.033450070406 0.997708274319 9.736129067469
0.441366823333 -0.897321169470 0.003181620595 106.637544793777 0.895473248565 0.440224511330 -0.065803619230 95.306367887843 0.057646361476 0.031892601986 0.997827465337 9.810237697478
0.450185033479 -0.892932129866 0.002370736323 107.130054152012 0.891093531163 0.449084497402 -0.065387228164 96.301775848515 0.057321698136 0.031548914256 0.997857169120 9.884974579721
0.459633858034 -0.888107550510 0.001277836838 107.630605096656 0.886279482257 0.458594399336 -0.064806130798 97.288815481378 0.056968813901 0.030919613500 0.997897042630 9.957616878971
0.469380412262 -0.882995703679 -0.000765928257 108.137285727004 0.881098953046 0.468428629418 -0.065109772041 98.263543098191 0.057850444602 0.029886402460 0.997877758320 10.033174808720
0.479780364086 -0.877378008567 -0.004319212414 108.656697732524 0.875297365733 0.478970721356 -0.066645536686 99.226816297281 0.060542113106 0.028194636948 0.997767314557 10.105278053667
0.491045714929 -0.871101087730 -0.007544083863 109.194110818632 0.868908995062 0.490391748481 -0.067179351975 100.176287168256 0.062219571384 0.026433016215 0.997712336589 10.175678573877
0.503134437755 -0.864151244656 -0.009911742640 109.746078376350 0.862007444080 0.502638180052 -0.065559658058 101.122037890266 0.061635485456 0.024441336288 0.997799382193 10.241924349888
0.515889417827 -0.856584213935 -0.011026855423 110.311098704850 0.854601464850 0.515500776037 -0.062572729445 102.059748195368 0.059283174766 0.022857047025 0.997979506136 10.307546401383
0.528387648029 -0.848925617319 -0.011479321520 110.888524126686 0.847083067975 0.528053249377 -0.060084197977 102.985345347089 0.057068709034 0.022023811437 0.998127302594 10.371666521234
0.540301240243 -0.841392171539 -0.011566883434 111.471484798490 0.839584086167 0.539958549645 -0.059526971675 103.901062485553 0.056331171319 0.022451134596 0.998159610113 10.424628088562
0.551844018538 -0.833854352390 -0.012448566121 112.064205354123 0.832008228313 0.551516889040 -0.059927913035 104.805492631280 0.056836752628 0.022713552052 0.998125092422 10.479676025279
0.563022867395 -0.826334007352 -0.013315789732 112.658894401698 0.824434326686 0.562704948105 -0.060590230882 105.687312668051 0.057560634482 0.023135700779 0.998073884500 10.532626714004
0.574186133519 -0.818622841448 -0.012919150560 113.261398185395 0.816665930917 0.573789224545 -0.061827579037 106.553487742228 0.058026345726 0.024949908875 0.998003241935 10.592012918601
0.585012062679 -0.810922733891 -0.012853777951 113.872154273535 0.808949674087 0.584574987113 -0.062229841926 107.406104765590 0.057977595643 0.026007147353 0.997979050208 10.649918045796
0.595810702980 -0.803015518280 -0.013253419111 114.485500551319 0.801185260049 0.595437006647 -0.059640110208 108.246913359323 0.055783507334 0.024915779180 0.998131890373 10.714228048476
0.605908953279 -0.795450063146 -0.011556953143 115.107477215531 0.793823991580 0.605494754671 -0.056740774652 109.073033136672 0.052132128863 0.025205563970 0.998321992050 10.773822471954
0.615908317185 -0.787717188725 -0.012595191893 115.728369180059 0.786168249977 0.615574125982 -0.054845126449 109.881451427708 0.050955718730 0.023877630773 0.998415356834 10.835689777087
0.626046730153 -0.779636187657 -0.015260335459 116.353845196941 0.778070014813 0.625847269355 -0.054059254568 110.677457105198 0.051697195687 0.021970017103 0.998421100492 10.892926579636
0.635593243977 -0.771814911157 -0.017971743915 116.982501118146 0.770208895122 0.635522377614 -0.053754808097 111.457418639768 0.052910211695 0.020324207589 0.998392378408 10.952457309267
0.644921200026 -0.764020060281 -0.018711367984 117.616344353071 0.762422295308 0.644878540876 -0.053328985991 112.221761151803 0.052810967578 0.020127029028 0.998401659098 11.011447643605
0.654221995013 -0.756091364588 -0.017872716637 118.248101020829 0.754621279245 0.654160146514 -0.051198361323 112.980046216555 0.050402262525 0.020007962283 0.998528558472 11.070551935677
0.663080503139 -0.748353205318 -0.017079517992 118.882974547162 0.747003611762 0.663005096164 -0.049090768065 113.724562314807 0.048061038678 0.019792677395 0.998648300698 11.129383090202
0.671450651496 -0.740869728717 -0.016312832960 119.520066607947 0.739570714802 0.671338366983 -0.048373165420 114.455125125312 0.046789651340 0.020415697848 0.998696081520 11.185351564589
0.679258492566 -0.733682882053 -0.017813945820 120.159245713483 0.732385757960 0.679216148862 -0.047713423059 115.171497148873 0.047106050290 0.019363077570 0.998702158572 11.240432322352
0.686845049755 -0.726572842299 -0.018322636883 120.799036277294 0.725321746685 0.686835738562 -0.046530899032 115.876185526707 0.046392728320 0.018669710889 0.998748811683 11.293414096434
0.694254938109 -0.719513307757 -0.017623687118 121.441429980429 0.718378312876 0.694243688072 -0.044253265582 116.566235585333 0.044075952738 0.018062577561 0.998864873818 11.343802021541
0.702145414206 -0.711839518065 -0.016623805265 122.072087042640 0.710854990949 0.702134780568 -0.041132815939 117.234642899636 0.040952117898 0.017064105471 0.999015405226 11.384878166602
0.709656629648 -0.704341730715 -0.017035766894 122.706364833230 0.703442523370 0.709690043364 -0.038842763473 117.891012985947 0.039448702111 0.015581342755 0.999100126988 11.428987337917
0.717582339429 -0.696250370215 -0.017636069303 123.329643237121 0.695353220431 0.717633949965 -0.038541350428 118.525491967384 0.039490670143 0.015393292153 0.999101310606 11.471064367213
0.725720630843 -0.687727077769 -0.019003067387 123.957478951033 0.686924344892 0.725856962497 -0.035589260539 119.149773152745 0.038269212162 0.012774187886 0.999185806660 11.514012409757
0.734843684296 -0.678002570207 -0.017811313723 124.589426225448 0.677333219144 0.734966857098 -0.032304013957 119.755293344243 0.034992939886 0.011674214585 0.999319358606 11.553864627882
0.744335615581 -0.667592528378 -0.016875306202 125.233801248837 0.667058593783 0.744460346683 -0.028487474791 120.348072043115 0.031581017090 0.009947424189 0.999451637737 11.592222683955
0.754719613389 -0.655803976531 -0.017873431750 125.880405473830 0.655318050848 0.754884994828 -0.026587565815 120.928006169845 0.030928619114 0.008353378729 0.999486691784 11.628120121905
0.764613182963 -0.644187112427 -0.019738898718 126.515843078749 0.643713750196 0.764836807152 -0.025637391760 121.480458311806 0.031612319647 0.006896487082 0.999476409885 11.661391766731
0.774485488328 -0.632237983944 -0.021150320475 127.164099842370 0.631737701814 0.774744292943 -0.026054946803 122.024217214361 0.032859019966 0.006817728625 0.999436718729 11.693186997188
0.784475490686 -0.619772000103 -0.021928070579 127.817944846578 0.619248449240 0.784749048394 -0.026463276353 122.553934300145 0.033609235610 0.007180872536 0.999409260919 11.725560275321
0.794716069181 -0.606618240677 -0.020992127713 128.481324738380 0.606179883040 0.794968582592 -0.023893717235 123.076754505037 0.031182449735 0.006263719289 0.999494048227 11.758785040470
0.804994793301 -0.592969562831 -0.019245575489 129.148520935618 0.592608297270 0.805203018987 -0.021529024941 123.584528524052 0.028262651846 0.005925665944 0.999582987712 11.791060477371
0.814796388509 -0.579485915317 -0.017404565400 129.826354386364 0.579170482162 0.814957654003 -0.020141157885 124.081473272754 0.025855503622 0.006330729479 0.999645657488 11.821762350780
0.824041559715 -0.566333282494 -0.014905942072 130.514909779276 0.566063295885 0.824145575667 -0.018878106830 124.563657737759 0.022975972867 0.007118638956 0.999710664618 11.854848056248
0.832370754369 -0.554059845855 -0.013288847310 131.207379769132 0.553822185303 0.832442792256 -0.017890236177 125.035022533403 0.020974466145 0.007531650503 0.999751653376 11.887458871273
0.839712725306 -0.542913838361 -0.011276814925 131.907036115922 0.542688552172 0.839739639267 -0.018067745951 125.490537257634 0.019278819584 0.009051921522 0.999773135428 11.929253825813
0.846504145798 -0.532272734208 -0.010795769280 132.615566599823 0.532049450691 0.846517910319 -0.018185985113 125.937867781051 0.018818708767 0.009650627384 0.999776343883 11.958768609845
0.853406096190 -0.521124711345 -0.011271516419 133.341386007138 0.520916574376 0.853435710012 -0.017128152643 126.385225554818 0.018545413445 0.008745750452 0.999789693799 11.987550032628
0.860029602098 -0.510116461553 -0.011411166917 134.047967164051 0.509937680510 0.860073143034 -0.015421640589 126.812739175053 0.017681267779 0.007444083255 0.999815954867 12.013513120074
0.866389335099 -0.499235759884 -0.011542986945 134.776745653830 0.499080253709 0.866442829970 -0.013990803135 127.239737072591 0.016986049621 0.006360608475 0.999835434931 12.040913533634
0.872366344574 -0.488719150843 -0.011427096374 135.514325876678 0.488554777747 0.872412370867 -0.014522300103 127.657190205229 0.017066467133 0.007086004456 0.999829184559 12.064010920699
0.877576148925 -0.479294548057 -0.011694186903 136.266085700206 0.479104463661 0.877614710821 -0.015853230600 128.067030901543 0.017861361697 0.008309677288 0.999805940255 12.082342531160
0.882026346768 -0.471044557911 -0.012106873526 137.020023533975 0.470836978001 0.882064149198 -0.016594216693 128.473380054625 0.018495654054 0.008936171051 0.999789004034 12.092557030087
0.885518109250 -0.464451248516 -0.011945667140 137.788643238752 0.464259887337 0.885558681879 -0.015767648719 128.884832563069 0.017901892363 0.008416648936 0.999804308870 12.105710021422
0.888769719902 -0.458263884610 -0.009086957343 138.571319979544 0.458123494453 0.888776772872 -0.014095177353 129.294402338618 0.014535584474 0.008364417867 0.999859307227 12.116398967520
0.891960473173 -0.452072343526 -0.006093228343 139.366654014516 0.452003755775 0.891959924732 -0.010006260984 129.711208801372 0.009958467436 0.006171030178 0.999931302094 12.129597856834
0.895282995174 -0.445476767904 -0.004331535170 140.166516373674 0.445444005537 0.895283724653 -0.006837931895 130.121615118282 0.006924090168 0.004192431009 0.999967180173 12.138437944611
0.898537299302 -0.438883540320 -0.003458735957 140.979925689403 0.438867638537 0.898540332979 -0.004512755910 130.532650268140 0.005088385133 0.002536953808 0.999983767719 12.145315720026
0.901830891788 -0.432085142148 -0.001884441235 141.811647834054 0.432080760627 0.901831933726 -0.002327220485 130.941240866413 0.002705002695 0.001284530441 0.999995474486 12.148688921966
0.905138126432 -0.425117300769 0.000540577480 142.657129197805 0.425117629005 0.905137676111 -0.000868343529 131.349711708563 -0.000120152398 0.001015779796 0.999999497457 12.151993799223
0.908551594324 -0.417761778306 0.003026926688 143.517059597867 0.417765740547 0.908554492276 -0.000796806988 131.754299790760 -0.002417256120 0.001988487740 0.999995113400 12.152772455980
