0.999999999995 -0.000000000168 -0.000000000358 -0.000000000026 -0.000000000168 1.000000000000 0.000000000014 0.000000000057 -0.000000000358 0.000000000014 1.000000000005 0.000000000120
0.999880944926 0.015407307768 -0.000875438941 0.126747271921 -0.015406002642 0.999880279714 0.001482315366 -0.007077239155 0.000898172083 -0.001468649544 0.999998475360 -0.001674103576
0.999350496946 0.036036467814 -0.000204270255 0.268928408444 -0.036035234654 0.999340971336 0.004368601461 -0.018349070383 0.000361563540 -0.004358403965 0.999990431718 -0.003109311898
0.998031007521 0.062704433578 0.001534832920 0.431477709360 -0.062712683317 0.998012959629 0.006097679081 -0.039265889265 -0.001149433033 -0.006181927600 0.999980232850 -0.005234057761
0.995366832875 0.096055839274 0.004271024274 0.605559561590 -0.096080468489 0.995355514314 0.005990981746 -0.073626233617 -0.003675720501 -0.006373587722 0.999972952810 -0.006893678224
0.990989378638 0.133774513041 0.006661452288 0.790799724777 -0.133798092789 0.991003388853 0.003223029264 -0.121846509111 -0.006170363530 -0.004085277643 0.999972632509 -0.009669609200
0.984865094716 0.173174704267 0.007155777121 0.987158066719 -0.173179929692 0.984890182285 0.000110979890 -0.184204168325 -0.007028437742 -0.001348536227 0.999974322999 -0.013594626767
0.976314944468 0.216175613866 0.008787780159 1.194355087308 -0.216183846149 0.976352661765 -0.000010698526 -0.252109711067 -0.008582286418 -0.001889331528 0.999961393768 -0.018651831527
0.964437610362 0.264049494925 0.011744934458 1.412585178977 -0.264070354160 0.964503409679 0.000233995881 -0.331483115721 -0.011266243990 -0.003327162483 0.999930979958 -0.023451713323
0.949963898528 0.311794059653 0.018788256779 1.638525518760 -0.311801958431 0.950143640586 -0.002586125785 -0.431071111777 -0.018657889163 -0.003401488485 0.999820160886 -0.022224049220
0.933110767350 0.358750653942 0.024539788538 1.866426592936 -0.358546839359 0.933429297194 -0.012408744203 -0.562096528194 -0.027357805382 0.002780068683 0.999621835456 -0.021343323421
0.912042540423 0.409200138296 0.027085572791 2.094697966342 -0.408831182981 0.912427692728 -0.018242667632 -0.701824311277 -0.032178528444 0.005564664284 0.999466666849 -0.025394938117
0.886875670715 0.461009726979 0.030356522887 2.327106030534 -0.460600398880 0.887388055509 -0.019740492858 -0.851462854574 -0.036038578468 0.003525137126 0.999344173776 -0.029983514633
0.858476255530 0.511673892833 0.034760294152 2.562659086544 -0.511203585107 0.859179025321 -0.021961761635 -1.024198326173 -0.041102584857 0.001084067558 0.999154319149 -0.036389957831
0.826421921138 0.561851267611 0.036741421416 2.793866018271 -0.561205391524 0.827236567069 -0.026985597927 -1.220121776768 -0.045555740994 0.001682007167 0.998960311793 -0.044588460436
0.790550993827 0.611280001867 0.036958812020 3.020253439253 -0.610416770277 0.791407812760 -0.032637311539 -1.439059121701 -0.049200029982 0.003241183757 0.998783693413 -0.052493439621
0.752632026255 0.657408753595 0.036861443235 3.245076887908 -0.656373779959 0.753525088267 -0.037060483299 -1.680463018911 -0.052139927001 0.003698022505 0.998632885478 -0.064420884800
0.712971105596 0.700320770864 0.034972733549 3.466973062110 -0.699166045970 0.713814923784 -0.040437752388 -1.942933313265 -0.053283462088 0.004379205888 0.998569770620 -0.081569488963
0.671084884714 0.740603969560 0.033923434229 3.690553772701 -0.739391891734 0.671932970359 -0.042493663825 -2.229860588605 -0.054265256158 0.003434144812 0.998520644928 -0.100886380734
0.628152493600 0.777208555993 0.037030681117 3.916832272321 -0.776024245675 0.629240500399 -0.042926933652 -2.536889439088 -0.056664386749 -0.001772047437 0.998391706001 -0.120575750739
0.586179900518 0.809272731988 0.038350170037 4.138548740491 -0.808098298166 0.587409567919 -0.043900382658 -2.873937311623 -0.058054645899 -0.005257183819 0.998299531563 -0.139753132359
0.545943392527 0.836941490320 0.038403237350 4.353184084343 -0.835748748671 0.547242644839 -0.045272245386 -3.240946298528 -0.058906118356 -0.007379373128 0.998236262634 -0.160148185624
0.507015383016 0.861059892586 0.038875013012 4.565342300908 -0.859771867721 0.508421964862 -0.047952921509 -3.635293841670 -0.061055255062 -0.009110771794 0.998092752121 -0.179083016339
0.469517083333 0.882034017095 0.039619490683 4.775367416735 -0.880814456593 0.471023420724 -0.047988233080 -4.057858959029 -0.060988965791 -0.012366122762 0.998061795943 -0.202180881345
0.433082610116 0.900528486129 0.038572618866 4.977960817907 -0.899384299059 0.434567980257 -0.047523936428 -4.507609870342 -0.059559091278 -0.014109811384 0.998125009627 -0.227537720546
0.399359274973 0.916143397330 0.034544964232 5.170240925365 -0.915066464973 0.400635948808 -0.046306858836 -4.986123999871 -0.056263682533 -0.013117858147 0.998329776219 -0.254954646905
0.369872903273 0.928594518681 0.030102856871 5.356604016202 -0.927578975795 0.370922996027 -0.044871255509 -5.494116849321 -0.052833047219 -0.011326111714 0.998539100701 -0.284565758472
0.344249992828 0.938497380126 0.026730962035 5.542469239825 -0.937561742075 0.345135008539 -0.043125457264 -6.030896266913 -0.049698931417 -0.010215988274 0.998711998633 -0.314474434287
0.323500432681 0.945914833697 0.024342084284 5.728288825548 -0.945003242700 0.324283248081 -0.042535739562 -6.594196953555 -0.048128928028 -0.009243018566 0.998798319239 -0.343949019331
0.308387652111 0.950985056322 0.022902612501 5.913983001859 -0.950042095010 0.309121630837 -0.043172492264 -7.187630408938 -0.048136091559 -0.008444580327 0.998805017052 -0.372167353035
0.296814437168 0.954691885420 0.021552489983 6.101523247800 -0.953666078841 0.297507696721 -0.044835026809 -7.805764306856 -0.049215677595 -0.007246190736 0.998761866110 -0.400201500056
0.285780440528 0.958020837595 0.022926062923 6.294138825793 -0.956910246446 0.286571422757 -0.046900760514 -8.448473826754 -0.051501865404 -0.008534860184 0.998636436715 -0.429528854943
0.275094730381 0.961100200708 0.024683689260 6.488510798387 -0.959919069654 0.276008246056 -0.048732300060 -9.116932924174 -0.053649525898 -0.010288345824 0.998506823563 -0.461358099275
0.264949337183 0.963926208033 0.025458061674 6.679923235426 -0.962666062919 0.265937012523 -0.050513847087 -9.806453208476 -0.055461871132 -0.011124001814 0.998398850294 -0.495120036259
0.254670670770 0.966663446488 0.026545797692 6.869215641676 -0.965313578115 0.255757274758 -0.052517306368 -10.519810415889 -0.057555847372 -0.012250392035 0.998267054472 -0.530444376569
0.244067127394 0.969393891517 0.026585213635 7.054750488055 -0.967954766531 0.245192787473 -0.054258973276 -11.252899559198 -0.059116824137 -0.012490450611 0.998172885133 -0.569157215084
0.233830805607 0.971920000139 0.026358412830 7.236752976922 -0.970418471096 0.234973538671 -0.055457614979 -12.003988175480 -0.060093895636 -0.012610987769 0.998113055722 -0.610715693997
0.223188743077 0.974373611167 0.027979266199 7.416248022657 -0.972704995999 0.224492679130 -0.058721058980 -12.774326856609 -0.063497395499 -0.014109691971 0.997882277794 -0.654197746909
0.211767680214 0.976862833202 0.029889436969 7.590543945886 -0.975031346171 0.213264648673 -0.061903994763 -13.553569168936 -0.066846082444 -0.016033877890 0.997634471112 -0.700276938589
0.199496551120 0.979403015710 0.031158192790 7.755050587313 -0.977289773623 0.201183487337 -0.066557940258 -14.341076540002 -0.071455566963 -0.017172508702 0.997295961543 -0.746500430673
0.186533873881 0.981935068176 0.031757518659 7.909058178394 -0.979673797424 0.188337588942 -0.069052497770 -15.134818923201 -0.073786208873 -0.018231382151 0.997107437177 -0.793962944949
0.172489319952 0.984509381180 0.031444144873 8.052105705580 -0.982213720493 0.174315989983 -0.069787063913 -15.930923279321 -0.074187243658 -0.018847349393 0.997066190065 -0.841786855237
0.158129787112 0.986909330427 0.031699319539 8.184801566852 -0.984711387393 0.159990496623 -0.068895693447 -16.734708006637 -0.073065408322 -0.020320217335 0.997120116265 -0.891739210957
0.141782087908 0.989408453029 0.031123215501 8.303240705477 -0.987294700382 0.143617992838 -0.067993354194 -17.544708345451 -0.071743072184 -0.021087547256 0.997200219255 -0.940188995791
0.121486719712 0.992073400636 0.032114133529 8.407427996936 -0.990125178960 0.123401300816 -0.066515564360 -18.359331095116 -0.069951258746 -0.023716251166 0.997268379471 -0.986457063676
0.096134119141 0.994754895178 0.034941837834 8.495178924562 -0.993005471096 0.098264220595 -0.065454581385 -19.181243245038 -0.068544800945 -0.028405013156 0.997243510264 -1.033286180447
0.066080213007 0.997110727677 0.037464449338 8.560171653674 -0.995510219663 0.068431265093 -0.065395975012 -20.006553632398 -0.067770776375 -0.032974870033 0.997155801899 -1.079939711496
0.033068371202 0.998700251096 0.038784322117 8.595766154025 -0.997236833031 0.035553008529 -0.065227579965 -20.840093651954 -0.066521706747 -0.036520183742 0.997116370269 -1.125522643668
-0.001203354745 0.999249621833 0.038712718197 8.600672664775 -0.997872897558 0.001323376666 -0.065176972707 -21.676170725073 -0.065179303284 -0.038708801162 0.997122475078 -1.167957648560
-0.035106949719 0.998672281385 0.037698999949 8.575532794328 -0.997393488911 -0.032632729258 -0.064352944440 -22.513403539522 -0.063037287251 -0.039859970685 0.997214858977 -1.209539511662
-0.067863555860 0.996977097707 0.037831310185 8.524081225010 -0.995900007677 -0.065419419364 -0.062478560766 -23.351755782532 -0.059814797085 -0.041916221534 0.997329055223 -1.249679102964
-0.100176197207 0.994200528162 0.039115731851 8.446956758402 -0.993393615600 -0.097728243006 -0.060152830397 -24.188670019184 -0.055981266169 -0.044883194737 0.997422470213 -1.287762622219
-0.132318762697 0.990554700735 0.035960711478 8.337269432411 -0.989898188637 -0.130193058361 -0.056137892831 -25.023021210989 -0.050925829150 -0.043025539566 0.997775221058 -1.323240997789
-0.163540197290 0.986078164375 0.030074033047 8.194639592264 -0.985501493075 -0.161896536971 -0.050758038748 -25.854011113702 -0.045182515921 -0.037938978449 0.998258034261 -1.355776513678
-0.193624524461 0.980776953019 0.024208765983 8.026818106556 -0.980315228057 -0.192444052506 -0.044129718477 -26.677527218770 -0.038622579764 -0.032276815814 0.998732376968 -1.382471630957
-0.222154508691 0.974841373020 0.018210610795 7.832933146746 -0.974418869040 -0.221329656448 -0.039001204619 -27.498793764493 -0.033989442191 -0.026409057927 0.999073165139 -1.404085668776
-0.249924109218 0.968208118213 0.010532376846 7.608165352240 -0.967815136916 -0.249461271213 -0.033212193671 -28.319534884383 -0.029528896046 -0.018493914849 0.999392780431 -1.419554225834
-0.276091015531 0.961111421127 0.006204103758 7.366059232013 -0.960891191138 -0.275871928642 -0.024141546639 -29.127863064178 -0.021491175651 -0.012626727322 0.999689244173 -1.427689619961
-0.301556836023 0.953431106075 0.005713249982 7.107014169298 -0.953424187157 -0.301501391148 -0.008900894593 -29.920910811222 -0.006763832865 -0.008131273979 0.999944027171 -1.430528516943
-0.326372483942 0.945185646687 0.010251114117 6.835012148323 -0.945172408509 -0.326460407127 0.008525888805 -30.703629006979 0.011405131958 -0.006906449386 0.999911091069 -1.426855288200
-0.351376184050 0.936088532640 0.016522512406 6.547750452453 -0.935812299743 -0.351693011385 0.023819566170 -31.476734216974 0.028108091754 -0.007092334971 0.999579695435 -1.413531150562
-0.376169176421 0.926375150502 0.018049503858 6.234175886279 -0.925751154223 -0.376582341350 0.034213532830 -32.246941516764 0.038491703135 -0.003839270591 0.999251517771 -1.383428029252
-0.399823787386 0.916419754045 0.017771947319 5.899390284328 -0.915628781292 -0.400217164453 0.038081151809 -33.009084863937 0.042010964398 -0.001046752252 0.999116551839 -1.343917697662
-0.422493866487 0.906239191670 0.015149749104 5.545963657146 -0.905464067031 -0.422759981638 0.037536125979 -33.763719959751 0.040421425781 0.002141239247 0.999180448125 -1.299786126096
-0.443004397082 0.896460950722 0.010245982919 5.173660777609 -0.895858614120 -0.443087597366 0.033329189067 -34.509630949852 0.034418191379 0.005586031826 0.999391894448 -1.254172023955
-0.461278254103 0.887252588618 0.002304601362 4.783787130198 -0.886805219548 -0.461125274061 0.030659815057 -35.240564345222 0.028265714006 0.012098978576 0.999527228164 -1.210359515010
-0.475346616082 0.879798175146 -0.000850697318 4.386527951684 -0.879354826462 -0.475075823187 0.032219268593 -35.959596939545 0.027942313758 0.016063388181 0.999480439269 -1.169114485224
-0.486702280304 0.873565335915 -0.002111796262 3.988124454953 -0.873061070396 -0.486336162345 0.035235051819 -36.666127156594 0.029753082310 0.018992718215 0.999376842650 -1.132636894436
-0.496730603640 0.867902101576 -0.002163230086 3.586192832122 -0.867307109752 -0.496294505279 0.038343160051 -37.361523776752 0.032204518511 0.020922418916 0.999262308919 -1.096884918629
-0.507038853432 0.861909644802 0.004825544870 3.187560625275 -0.861196254844 -0.506833199498 0.038224125690 -38.054417255755 0.035391501983 0.015225387776 0.999257552930 -1.056894834102
-0.518488895658 0.855059845048 0.006478780495 2.780098184126 -0.854420847899 -0.518370102858 0.035460846996 -38.745954792255 0.033679560814 0.012850466116 0.999349998517 -1.015968283165
-0.527359023130 0.849627764489 0.005012339437 2.351565009721 -0.848945562655 -0.527156051557 0.037390316091 -39.425736463481 0.034410138324 0.015462930276 0.999288174687 -0.977947363814
-0.534667343664 0.845056791678 0.003127479028 1.913795665947 -0.844293969350 -0.534335147906 0.040665980385 -40.106236915603 0.036036192272 0.019102275220 0.999167891570 -0.937856627878
-0.538705528433 0.842482148549 0.004490612071 1.470299653695 -0.841568443180 -0.538355728168 0.043997382798 -40.797893668950 0.039484564448 0.019922486438 0.999021556601 -0.898799710866
-0.538551007740 0.842572967824 0.005788994902 1.017754927050 -0.841555743752 -0.538216134791 0.045906448599 -41.502933388263 0.041795274764 0.019851221898 0.998928942531 -0.861365501172
-0.535507189729 0.844522628749 0.003676080468 0.556004367377 -0.843521103657 -0.535074674783 0.046554399914 -42.225026324579 0.041283239299 0.021829370157 0.998908964511 -0.818466794596
-0.529810962230 0.848105153682 0.004231696215 0.093711684692 -0.847159014894 -0.529443656286 0.044844844054 -42.968224319978 0.040273600987 0.020174376336 0.998985018517 -0.774709914150
-0.522956048466 0.852340939773 0.005640053646 -0.366950136777 -0.851404329272 -0.522671692904 0.043874868935 -43.730649137602 0.040344252631 0.018142667493 0.999021041371 -0.731756345034
-0.515890743014 0.856626604509 0.006902284915 -0.830670367195 -0.855685793568 -0.515673751254 0.043386408331 -44.510692749196 0.040725292499 0.016476477392 0.999034494268 -0.688501287710
-0.509536752410 0.860403446876 0.008840189795 -1.296298580682 -0.859493015845 -0.509427956572 0.041891254228 -45.308527676181 0.040546832711 0.013747058901 0.999083008983 -0.644198956697
-0.504858488116 0.863114707485 0.012284027344 -1.763307081305 -0.862242146105 -0.504916944534 0.039968483018 -46.126011483669 0.040699813856 0.009586626953 0.999125432650 -0.597712031906
-0.503116470361 0.864075718229 0.015713610968 -2.234924495625 -0.863302351256 -0.503337029702 0.036889943046 -46.962162412863 0.039784956928 0.004994346606 0.999195800062 -0.548107884961
-0.503421492151 0.863855530375 0.017902632719 -2.715748584251 -0.863179961126 -0.503736546232 0.034204345153 -47.810939021032 0.038565824712 0.001766015544 0.999254438383 -0.498489604565
-0.504424700939 0.863249732524 0.018860566750 -3.206615540199 -0.862630257294 -0.504777099387 0.032697484614 -48.669874360374 0.037746486626 0.000223729590 0.999287300326 -0.448898748879
-0.504867294152 0.862996393893 0.018607377989 -3.704947002922 -0.862400004695 -0.505210004428 0.032079674783 -49.537051011439 0.037085289890 0.000148980302 0.999312098580 -0.401714414497
-0.505073293507 0.862884162385 0.018215398792 -4.212939852200 -0.862317319280 -0.505401686409 0.031274623919 -50.417323287447 0.036192483023 0.000088526870 0.999344779916 -0.355797795383
-0.505112324439 0.862872369570 0.017684658745 -4.726285500788 -0.862324792290 -0.505421731159 0.030738140054 -51.307874386785 0.035461315050 0.000276299419 0.999370955598 -0.308754899401
-0.505182967733 0.862829631630 0.017753964488 -5.243247165738 -0.862300248674 -0.505494889634 0.030221762440 -52.203054004737 0.035050779792 -0.000041720217 0.999385457367 -0.261104619764
-0.505363111298 0.862702727594 0.018764623606 -5.760595410074 -0.862227635305 -0.505708554624 0.028676577465 -53.105439798475 0.034228799555 -0.001687282382 0.999412565922 -0.211781494952
-0.505322214937 0.862726761824 0.018760253741 -6.278415569518 -0.862285682869 -0.505665560036 0.027674335048 -54.004566557844 0.033361805203 -0.002192239173 0.999440874973 -0.161503208147
-0.504746155656 0.863041906600 0.019748635665 -6.794388717443 -0.862624519243 -0.505121013303 0.027050433142 -54.902508477581 0.033321119807 -0.003382044267 0.999438968959 -0.109488656047
-0.503591392100 0.863723606889 0.019422325509 -7.308903604568 -0.863352692703 -0.503950866759 0.025606115375 -55.799060935823 0.031904518721 -0.003873290583 0.999483358859 -0.058479176590
-0.501599382437 0.864921711057 0.017565408741 -7.822430625142 -0.864610998731 -0.501895134266 0.023433836759 -56.695833615163 0.029084425811 -0.003432838054 0.999571016704 -0.007780463613
-0.499220112304 0.866323475481 0.016213695689 -8.332348048492 -0.866051322947 -0.499473738377 0.021933707728 -57.591706376185 0.027100004547 -0.003092135618 0.999627950681 0.040956814044
-0.496918291665 0.867656934362 0.015608575675 -8.837826233247 -0.867393721289 -0.497155363527 0.021557305309 -58.484631721449 0.026464239998 -0.002826551025 0.999645755192 0.087545073648
-0.494765843812 0.868895049986 0.015102117058 -9.341530748648 -0.868616081026 -0.494991487519 0.022125530814 -59.376728835517 0.026700190765 -0.002170977764 0.999641131332 0.133746476777
-0.493874876050 0.869395806093 0.015441238680 -9.841966070065 -0.869108570162 -0.494110794573 0.022469009943 -60.268277134332 0.027164157044 -0.002323227643 0.999628270623 0.179802329437
-0.494361356043 0.869091717026 0.016926121255 -10.336917471895 -0.868769984403 -0.494642396609 0.023825543575 -61.153379925726 0.029078968728 -0.002926469884 0.999572852652 0.227627997448
-0.497120822477 0.867461628781 0.019523560132 -10.830593576619 -0.867097751838 -0.497485844953 0.025484100657 -62.034758911640 0.031819190206 -0.004260146077 0.999484567430 0.275480938152
-0.501449307386 0.864923987260 0.021334017118 -11.326244023629 -0.864548426568 -0.501874104775 0.026047953685 -62.908798653570 0.033236498286 -0.005382555546 0.999433012161 0.324137135317
-0.506920662355 0.861756315186 0.020189319025 -11.830078772604 -0.861412852708 -0.507299664821 0.024801227422 -63.780144724750 0.031614649736 -0.004819081964 0.999488527176 0.373150402325
-0.512503739663 0.858512937869 0.017186176122 -12.342306812774 -0.858234591730 -0.512780527565 0.022126335453 -64.641264431565 0.027808487814 -0.003409934918 0.999607467228 0.426252733392
-0.517630266370 0.855393409029 0.018999947881 -12.849826242662 -0.855183000190 -0.517944660317 0.019884617969 -65.496618280175 0.026850100795 -0.005955545087 0.999621726687 0.476199990448
-0.522577506299 0.852393043391 0.018404814341 -13.363050446624 -0.852100116767 -0.522887425464 0.022673110334 -66.339694751172 0.028950059671 -0.003834276091 0.999573431763 0.524396071270
-0.527338137511 0.849426145006 0.019742061067 -13.877165339551 -0.849062726338 -0.527695747700 0.025094675120 -67.175203141557 0.031733887775 -0.003528856256 0.999490085211 0.572610584366
-0.532148157705 0.846369179939 0.021854436301 -14.392272179098 -0.846016695312 -0.532571355533 0.024971460201 -68.009197860570 0.032774124534 -0.005200694235 0.999449213238 0.622996480912
-0.535869352090 0.843975731265 0.023429732111 -14.910705971554 -0.843617651227 -0.536345703972 0.025349765385 -68.834977028843 0.033961028673 -0.006181565666 0.999404056063 0.673226480222
-0.539171496205 0.841903841131 0.022179731830 -15.433220381967 -0.841566607070 -0.539599724494 0.024450233830 -69.655915482617 0.032552927391 -0.005482852010 0.999454920700 0.721645063418
-0.541800761665 0.840332568470 0.017119279272 -15.962839190429 -0.840137862876 -0.542054035414 0.018596600192 -70.478696150831 0.024906908774 -0.004306898679 0.999680497079 0.767353479349
-0.543996152208 0.839006245686 0.011693213661 -16.491221805752 -0.838964176746 -0.544102374831 0.009576176563 -71.299240650627 0.014396777665 -0.004600773659 0.999885727039 0.811392473664
-0.545767333413 0.837883349546 0.009458265410 -17.016633245930 -0.837885125170 -0.545824244126 0.004945494798 -72.113172438509 0.009306301102 -0.005225844167 0.999942977539 0.845783498551
-0.546822210016 0.837148975430 0.012925567982 -17.536379347674 -0.837066379055 -0.546960137679 0.012433915414 -72.910519809907 0.017478816883 -0.004020412658 0.999839147694 0.874692777384
-0.547842401035 0.836450884747 0.014783737547 -18.057702137032 -0.836251737430 -0.548037046102 0.018398011973 -73.701789001212 0.023491080905 -0.002283705758 0.999721447137 0.908199429190
-0.548457484923 0.836103611534 0.011184685612 -18.583749633101 -0.835793759869 -0.548561885344 0.022992678495 -74.493484899924 0.025359757876 0.003262420992 0.999673070268 0.943429017119
-0.548333221903 0.836229718980 0.007104998630 -19.109595175947 -0.835930893499 -0.548336089694 0.023389887436 -75.286151491751 0.023455253522 0.006886175720 0.999701111597 0.986704880737
-0.547767024768 0.836608067638 0.006178151489 -19.628626956730 -0.836377569429 -0.547768015515 0.020564448697 -76.082010914028 0.020588583461 0.006097266267 0.999769440283 1.026745165814
-0.547017195005 0.837108909302 0.004555659698 -20.146120453530 -0.836964192374 -0.547011818275 0.016402085631 -76.877518274474 0.016222335104 0.005159306197 0.999855113280 1.061243401752
-0.546151990898 0.837677606015 0.003769689130 -20.659768142429 -0.837623358392 -0.546160574386 0.009782896005 -77.675680229139 0.010253770980 0.002185380615 0.999945065284 1.097059776860
-0.545537322438 0.838033014842 0.009474036854 -21.160261398584 -0.838050843188 -0.545583547613 0.003062267137 -78.472522832015 0.007735166208 -0.006269136230 0.999950370051 1.126851404613
-0.543999597659 0.838944640736 0.015373736787 -21.659815323649 -0.839053074953 -0.544048299922 -0.001178861522 -79.269332606617 0.007375059988 -0.013540674944 0.999881097582 1.148279996542
-0.542044926578 0.840256757048 0.012485748663 -22.168710271866 -0.840331285223 -0.542071181091 -0.001473889327 -80.057019637802 0.005529722412 -0.011291073798 0.999920907669 1.170981512997
-0.538984044870 0.842266973104 0.009084562752 -22.676727926181 -0.842296066385 -0.539014177678 0.001070605413 -80.840548644149 0.005798447181 -0.007074849799 0.999958122548 1.195285897810
-0.533986798563 0.845444457312 0.009043418485 -23.176208978142 -0.845438274871 -0.534043325978 0.005647148846 -81.625198734005 0.009603931352 -0.004630144259 0.999943124541 1.214652781840
-0.526406013932 0.850224801077 0.003815367948 -23.673949489234 -0.850184094580 -0.526418467261 0.008402107994 -82.412562414595 0.009152162436 0.001179156426 0.999957381193 1.232697174031
-0.518414776597 0.855123087512 -0.003265163175 -24.167937728855 -0.855100307705 -0.518361867177 0.010221146068 -83.205591151186 0.007047804123 0.008090838362 0.999942443774 1.255716399173
-0.508596434553 0.861003653266 -0.001554382237 -24.640144606356 -0.860963793484 -0.508553522544 0.010708107193 -84.004487482381 0.008429234299 0.006784381653 0.999941457097 1.270156509299
-0.497699770326 0.867349272834 -0.000341831929 -25.099483291982 -0.867317559999 -0.497678138414 0.008760045593 -84.813834044416 0.007427897163 0.004656355536 0.999961508741 1.284123880790
-0.486082229487 0.873910286196 -0.002210798336 -25.553530590937 -0.873905895227 -0.486066514981 0.005272447703 -85.625092165914 0.003533059862 0.004494880291 0.999983644468 1.298592342265
-0.474880384712 0.880046045007 -0.002729240058 -25.992037588334 -0.880047721446 -0.474869101944 0.003918680022 -86.437031502892 0.002152594358 0.004262776876 0.999988586655 1.312610885877
-0.463016091589 0.886341080175 -0.003954222680 -26.421690739538 -0.886349071272 -0.463005021797 0.003428748488 -87.258282167305 0.001208218245 0.005092402000 0.999986313387 1.320983132181
-0.451032329539 0.892487367529 -0.006006669447 -26.841338214502 -0.892506298314 -0.451010024788 0.004743096403 -88.077285488960 0.001524089465 0.007500290451 0.999970654327 1.334274782218
-0.438882390050 0.898535657524 -0.003995497982 -27.244062949910 -0.898531609756 -0.438847783074 0.007321183917 -88.899956806844 0.004824931259 0.006803222350 0.999965173124 1.353922189919
-0.427276109500 0.904116391453 -0.002954968644 -27.636630314286 -0.903992440230 -0.427157718469 0.018273471573 -89.717896451700 0.015259111961 0.010479095379 0.999828627969 1.370229998103
-0.414677690579 0.909967625641 -0.001141256583 -28.018778525004 -0.909722643360 -0.414536253527 0.023759726778 -90.543691940820 0.021147501294 0.010890862728 0.999717044107 1.390144217162
-0.402931093314 0.915229408805 -0.001247957543 -28.386755791631 -0.915059831157 -0.402829387199 0.019848824249 -91.383248819038 0.017663522039 0.009139674173 0.999802180513 1.420551091017
-0.390914077358 0.920425319633 -0.001859889720 -28.745675807323 -0.920320189401 -0.390837012902 0.016040804218 -92.226392053130 0.014037453213 0.007982270610 0.999869590259 1.451341595895
-0.380870258775 0.924627354079 0.001456683534 -29.089606025936 -0.924487349238 -0.380839166875 0.016872981590 -93.066278846960 0.016155989505 0.005079738260 0.999856525650 1.480716235411
-0.373497385969 0.927602432074 0.007303076172 -29.419779269743 -0.927373461603 -0.373567647149 0.020634966133 -93.904406709404 0.021869250231 0.000934437970 0.999760333118 1.509961566242
-0.368284526964 0.929583615729 0.015516641105 -29.742450819144 -0.929226941408 -0.368580269263 0.026190183364 -94.745832341408 0.030065102078 -0.004773039570 0.999536496227 1.540299297585
-0.364618522150 0.930959577407 0.019169677544 -30.066063136316 -0.930567273175 -0.365043010299 0.028075064222 -95.590225413927 0.033134521635 -0.007601978684 0.999421932450 1.577832037111
-0.360826672772 0.932394769534 0.021072566306 -30.387969730301 -0.932031714060 -0.361313172529 0.027742922297 -96.436365208812 0.033481161126 -0.009629908832 0.999392945301 1.619757092651
-0.355967507409 0.934272134329 0.020558928929 -30.707742683699 -0.933894051854 -0.356442263193 0.028121429206 -97.279749953785 0.033601147129 -0.009189539439 0.999393070602 1.659527988931
-0.350269416140 0.936406105818 0.021330342119 -31.021857902053 -0.936140049755 -0.350738907013 0.024981242788 -98.129281987323 0.030873977604 -0.011218017801 0.999460323152 1.701764474319
-0.345016982057 0.938371379799 0.020554263330 -31.330534199308 -0.938229925828 -0.345411489961 0.020384363590 -98.983816454914 0.026227794244 -0.012251666318 0.999580872017 1.745676803301
-0.339259460073 0.940472565009 0.020356539994 -31.631254346824 -0.940395192512 -0.339617034468 0.017810126701 -99.834497413665 0.023663367679 -0.013100933477 0.999634094541 1.787877803114
-0.333325084252 0.942407080064 0.027628219462 -31.915487363344 -0.942498982308 -0.333826335804 0.015988726720 -100.687211755730 0.024290921951 -0.020710117200 0.999490320056 1.825235498207
-0.326977204119 0.944347094256 0.035979100245 -32.191664569921 -0.944638889871 -0.327702560618 0.016387346965 -101.539261043885 0.027265795664 -0.028628960235 0.999218164737 1.861963487539
-0.320179093507 0.946684411859 0.035692189519 -32.472450835642 -0.946887185405 -0.320979551093 0.019410767401 -102.385480531295 0.029832342978 -0.027581555924 0.999174244600 1.900736717659
-0.313007721476 0.949151545118 0.033727887502 -32.753599589651 -0.949181255682 -0.313852188616 0.023488873599 -103.233993652239 0.032880079967 -0.024661683408 0.999155010092 1.938200729677
-0.306398151685 0.951301071367 0.033859470702 -33.022720171955 -0.951388357880 -0.307208637792 0.021980575057 -104.090178170338 0.031312072341 -0.025478692047 0.999184789478 1.976681022972
-0.299662168670 0.953478275356 0.032890422088 -33.290713072466 -0.953692049790 -0.300311298959 0.016871500267 -104.950628785071 0.025963982317 -0.026311581773 0.999316567629 2.019529241386
-0.292620575351 0.955656202160 0.033082884126 -33.550642115352 -0.955955294657 -0.293189010015 0.013773411780 -105.814359875640 0.022862185754 -0.027595370756 0.999357685366 2.062232433463
-0.286032088534 0.957564138936 0.035446850778 -33.801741621113 -0.957856853529 -0.286746431262 0.016934724773 -106.671011887746 0.026380348458 -0.029109125275 0.999228019796 2.097057519779
-0.279658508462 0.959421635425 0.036072330538 -34.045924368506 -0.959661662873 -0.280468258978 0.019675727092 -107.531069759500 0.028994478602 -0.029114747127 0.999155467440 2.135673719695
-0.272837746634 0.961324990009 0.037600189698 -34.284906411993 -0.961564355977 -0.273743333996 0.021415670163 -108.392883815402 0.030880222926 -0.030311991869 0.999063380631 2.175202641535
-0.266023669335 0.963226200258 0.037770367003 -34.518110410654 -0.963519132186 -0.266889591420 0.020020680635 -109.260438164757 0.029364970661 -0.031066492951 0.999085860755 2.217150104095
-0.258185127872 0.965493351391 0.034103745316 -34.751889262058 -0.965677708207 -0.258950652471 0.020276144262 -110.126084679565 0.028407681226 -0.027698220891 0.999212580343 2.257699480100
-0.250480733026 0.967647860372 0.030282774517 -34.981289594513 -0.967713996591 -0.251160302581 0.021168977411 -110.991727509795 0.028089952519 -0.024002646663 0.999317135607 2.297403228003
-0.243855769945 0.969395011215 0.028418945253 -35.198873883842 -0.969409472924 -0.244493721809 0.021638544115 -111.859835051233 0.027924553493 -0.022272910959 0.999361791755 2.336119233233
-0.237064902699 0.970903175618 0.033871808044 -35.400734205146 -0.971081425432 -0.237836046311 0.020855932937 -112.731477621914 0.028305036503 -0.027948071495 0.999208549010 2.375112405541
-0.231160320902 0.972200128853 0.037306268069 -35.597013737546 -0.972531480443 -0.231976682461 0.019219931779 -113.605463568298 0.027339812491 -0.031838635090 0.999119003364 2.413431716414
-0.226468302872 0.973393578269 0.034885064089 -35.799000294303 -0.973665408259 -0.227205287143 0.018800218952 -114.477956464809 0.026226087464 -0.029708729827 0.999214490015 2.451695316336
-0.221755257354 0.974539201155 0.033135334256 -35.996992513746 -0.974760133112 -0.222449551258 0.018944026664 -115.350428195941 0.025832646493 -0.028098061404 0.999271308612 2.489829617726
-0.217085188846 0.975600986688 0.032813386138 -36.189547654886 -0.975748024675 -0.217840400229 0.021481767244 -116.220879658185 0.028105714795 -0.027354222204 0.999230589075 2.528868844960
-0.211444309219 0.977032816513 0.026422030780 -36.387111653105 -0.977067166203 -0.211992057038 0.019979455453 -117.097165530558 0.025121854059 -0.021591553200 0.999451166257 2.563877739009
-0.206331270733 0.978303751541 0.018683876016 -36.583571716925 -0.978228072622 -0.206675187018 0.018847834789 -117.971175935457 0.022300405870 -0.014388191599 0.999647757751 2.598264396740
-0.201439172027 0.979374696418 0.015728591811 -36.767097897817 -0.979286288084 -0.201705354129 0.017705296758 -118.844180309585 0.020512671226 -0.011836249204 0.999719526156 2.636509169545
-0.197150680775 0.980216767039 0.017509532124 -36.939576652215 -0.980105360689 -0.197482874673 0.019849768446 -119.718604339403 0.022914913179 -0.013247786271 0.999649655447 2.668998874137
-0.193452906225 0.980922935214 0.019135883694 -37.108655506482 -0.980789987055 -0.193850929603 0.021747480933 -120.589286026748 0.025042119519 -0.014561163985 0.999580335828 2.699776547936
-0.191504746289 0.981253239948 0.021633100793 -37.273797359923 -0.981186480872 -0.191948400547 0.020713018940 -121.463543588739 0.024477162966 -0.017259460265 0.999551346836 2.736878278431
-0.190623041857 0.981418476595 0.021924310410 -37.439607965965 -0.981389441054 -0.191049913405 0.019358524231 -122.337070341524 0.023187460081 -0.017826101502 0.999572155262 2.771407743125
-0.189553291786 0.981682419630 0.019214945580 -37.611434260109 -0.981676263034 -0.189868650979 0.016177559266 -123.208670086128 0.019529550924 -0.015796340847 0.999684442765 2.803634724765
-0.188501508614 0.981888333244 0.019037758716 -37.780778300430 -0.981977055941 -0.188718640294 0.010317793798 -124.085978475973 0.013723710243 -0.016749718542 0.999765548908 2.837340246696
-0.187730283406 0.982038420650 0.018916775089 -37.947616280957 -0.982161130701 -0.187896113930 0.007392917954 -124.954187882398 0.010814531051 -0.017191440852 0.999793697335 2.867362217870
-0.186239135048 0.982313171755 0.019388077191 -38.113930908081 -0.982373742457 -0.186499990148 0.012637021997 -125.811255097107 0.016029400452 -0.016692824518 0.999732125197 2.892993410793
-0.186122128333 0.982323661955 0.019968326427 -38.279085140679 -0.982315583821 -0.186464933391 0.016940107210 -126.666493373156 0.020364068126 -0.016462265768 0.999657061724 2.919150435524
-0.186225020613 0.982243302227 0.022766864538 -38.439859949414 -0.982307331124 -0.186604408557 0.015844900299 -127.524435251954 0.019811955907 -0.019413337692 0.999615229170 2.947378063721
-0.185549986442 0.982335701520 0.024242546766 -38.601073199185 -0.982438969803 -0.185949169427 0.015385832320 -128.381839514455 0.019621939036 -0.020961977300 0.999587655869 2.983091193887
-0.185212750453 0.982466640796 0.021343670113 -38.768199552236 -0.982527503351 -0.185541959404 0.014625549915 -129.234754828871 0.018329263914 -0.018261901897 0.999665209857 3.017142645659
-0.184092257755 0.982669718278 0.021686686913 -38.930640498517 -0.982673336983 -0.184486403281 0.017831863499 -130.081019188210 0.021523730227 -0.018028217966 0.999605761035 3.045015670857
-0.184113107294 0.982436704262 0.030339301248 -39.070700462287 -0.982593944599 -0.184743730732 0.019467551508 -130.926888754323 0.024730645150 -0.026226988460 0.999350038026 3.080963954289
-0.183701629881 0.982277404091 0.037213821200 -39.212322825761 -0.982619102075 -0.184530887788 0.020200527548 -131.766780639480 0.026709630104 -0.032856139123 0.999103117670 3.116559615699
-0.183166713289 0.982440000428 0.035517792116 -39.364303377369 -0.982616927822 -0.184071671007 0.024118462417 -132.602023398303 0.030232769705 -0.030482685058 0.999077984296 3.151920486630
-0.182842076084 0.982555392428 0.033966420885 -39.517470643655 -0.982675795499 -0.183710348026 0.024469498693 -133.432530004037 0.030282632726 -0.028903924040 0.999123324109 3.190515698272
-0.181057378283 0.982853279100 0.034894555144 -39.665921301246 -0.982946810126 -0.182006598279 0.026252809911 -134.255161804526 0.032153709008 -0.029546226202 0.999046076562 3.228680027085
-0.179531867992 0.983377548951 0.027145480939 -39.823751956290 -0.983300971523 -0.180216874409 0.025321892726 -135.081535693288 0.029793062529 -0.022146086660 0.999310742401 3.265999352515
-0.176205933155 0.984144511674 0.020272408088 -39.979653768865 -0.984009376769 -0.176651405188 0.022800380814 -135.899302886553 0.026020029124 -0.015930675062 0.999534438343 3.303217198214
-0.174389237013 0.984558877605 0.015236882465 -40.129645090391 -0.984486523773 -0.174638898731 0.016960040561 -136.723115662472 0.019359109191 -0.012042852422 0.999740035744 3.341409503166
-0.170816633520 0.985204223937 0.013936104917 -40.269421223440 -0.985120735487 -0.171039867313 0.016807853696 -137.534427342636 0.018942804089 -0.010857681134 0.999761600833 3.373719671178
-0.165649430064 0.986105613507 0.012491064813 -40.405857778303 -0.985907087299 -0.165890014944 0.021626618734 -138.337232376001 0.023398283376 -0.008732587019 0.999688045009 3.406926375507
-0.159458686544 0.987128152596 0.012285848481 -40.534135442680 -0.986858800482 -0.159719831617 0.024479537642 -139.137016893959 0.026126741582 -0.008220918418 0.999624818161 3.437647479625
-0.151037964302 0.988462230830 0.011399647455 -40.654369073547 -0.988121416456 -0.151296513977 0.026934625422 -139.935803503146 0.028348593005 -0.007196080595 0.999572178280 3.464825676394
-0.141495105956 0.989895228313 0.009301212019 -40.765300537556 -0.989670696125 -0.141669223155 0.021950683437 -140.738523186108 0.023046586542 -0.006099216578 0.999715729111 3.501239381135
-0.129735539800 0.991536491304 0.004903583915 -40.870767712232 -0.991337159363 -0.129808431487 0.020009877648 -141.536184131026 0.020477058862 -0.002265107517 0.999787771287 3.537914728446
-0.116123646774 0.993234781957 -0.000019313694 -40.968208106819 -0.992969613754 -0.116092188715 0.023109716741 -142.325644853493 0.022951144302 0.002702771108 0.999732935489 3.568231300241
-0.101822003517 0.994802584364 -0.000015101632 -41.048405246212 -0.994506958211 -0.101791327505 0.024383062533 -143.114892483033 0.024254798909 0.002497755411 0.999702631022 3.597446399255
-0.087933553405 0.996123786112 -0.002264794728 -41.118753188318 -0.995833903803 -0.087852427344 0.024428587408 -143.904326566350 0.024134943006 0.004403464115 0.999699010748 3.627570177325
-0.074235841979 0.997233665058 -0.003754961986 -41.179706949495 -0.996896228199 -0.074110689241 0.026564243270 -144.682939129989 0.026212482376 0.005715328464 0.999639991220 3.660733749679
-0.060494008164 0.998167864859 -0.001184611347 -41.226535032321 -0.997661964931 -0.060425456815 0.031927237460 -145.454872334681 0.031797171266 0.003113255906 0.999489494979 3.697664199681
-0.047501112740 0.998858074740 0.005123235930 -41.253530088835 -0.997988863051 -0.047674063453 0.041777679075 -146.217158238109 0.041974226925 -0.003128441686 0.999113816192 3.733710692480
-0.033666471065 0.999394220983 0.008814660684 -41.273930997302 -0.998162495806 -0.034066955799 0.050111940143 -146.976628463638 0.050381891655 -0.007111365913 0.998704646864 3.771559778894
-0.020024587025 0.999761442148 0.008722853977 -41.287913487750 -0.998439314639 -0.020451525622 0.051968123126 -147.743394968379 0.052134137194 -0.007668596137 0.998610582646 3.815220787590
-0.007981166728 0.999901139236 0.011577175028 -41.287156580688 -0.998815825389 -0.008527089153 0.047898678048 -148.513446873838 0.047992676263 -0.011181174619 0.998785105881 3.865407052226
0.003035351854 0.999876771117 0.015401889357 -41.271991377502 -0.999002200193 0.002345683070 0.044600337684 -149.274843694272 0.044558717560 -0.015521895617 0.998886200075 3.916471974613
0.012552500811 0.999751145229 0.018442527656 -41.248889705631 -0.998643018670 0.011602027990 0.050770175592 -150.022230130700 0.050543573784 -0.019054791306 0.998540011200 3.964619749633
0.019658621078 0.999597271576 0.020466437374 -41.221745861874 -0.998067959290 0.018413571244 0.059340279272 -150.764394831657 0.058939542994 -0.021593441969 0.998027967678 4.008220212725
0.023350968499 0.999446025457 0.023714887764 -41.188051700022 -0.997777747467 0.021818169533 0.062956405848 -151.511549987371 0.062404133057 -0.025132283477 0.997734481968 4.051568655934
0.023425989142 0.999395930744 0.025672035243 -41.160401124088 -0.997991831719 0.021865975192 0.059449137609 -152.268946655367 0.058851893932 -0.027013132525 0.997901135666 4.105779434479
0.021749614959 0.999356108641 0.028536036959 -41.134097380230 -0.998361407820 0.020199137144 0.053540948687 -153.024022012013 0.052930085518 -0.029653776011 0.998157807897 4.166338692053
0.018710800197 0.999454462825 0.027213330674 -41.110450924855 -0.998563590760 0.017313514465 0.050705125623 -153.778539272370 0.050206327232 -0.028122972488 0.998342855338 4.215602673429
0.015828687828 0.999566891593 0.024807603463 -41.089861324861 -0.998588249387 0.014545249156 0.051088807312 -154.526824553596 0.050705865820 -0.025581247929 0.998385973016 4.258604151068
0.012193570216 0.999644217606 0.023723384141 -41.075435929856 -0.998619343651 0.010961862349 0.051374318624 -155.272156013266 0.051095996109 -0.024317064722 0.998397637435 4.307753023939
0.007376605365 0.999654080587 0.025245332621 -41.055741398828 -0.998783980334 0.006134792647 0.048918545908 -156.024177379763 0.048746761162 -0.025575490151 0.998483610988 4.359349256757
