0.999999900002 -0.000000000070 0.000000000481 0.000000029206 -0.000000000070 1.000000000000 0.000000000009 0.000000000021 0.000000000481 0.000000000009 0.999999999998 -0.000000000140
0.999997091976 -0.002060675204 -0.001172859674 0.858767840251 0.002061276651 0.999997819687 0.000511839525 0.046516454091 0.001171802890 -0.000514254622 0.999999188338 0.022240400876
0.999988668032 -0.004117606224 -0.002346198493 1.716423888093 0.004120003935 0.999991078684 0.001018119501 0.092970624944 0.002341987024 -0.001027773740 0.999996753284 0.044450791471
0.999974628200 -0.006176113474 -0.003523045125 2.575189662201 0.006181498977 0.999979777173 0.001520139379 0.139482885247 0.003513585055 -0.001541878562 0.999992594627 0.066688774277
0.999954972733 -0.008231117198 -0.004700478437 3.432951884254 0.008240669842 0.999964014937 0.002016662633 0.185938705221 0.004683711622 -0.002055307278 0.999986912330 0.088899496293
0.999929701584 -0.010287416116 -0.005881243250 4.291718726353 0.010302313981 0.999943792336 0.002508840004 0.232446833489 0.005855103669 -0.002569253384 0.999979506080 0.111135165024
0.999898815067 -0.012340132994 -0.007062515099 5.149452015292 0.012361538145 0.999919108993 0.002995500479 0.278896792610 0.007024980465 -0.003082501969 0.999970575940 0.133342688097
0.999862313074 -0.014394436372 -0.008247274832 6.008324937679 0.014423519490 0.999889965475 0.003477867952 0.325406509309 0.008196307073 -0.003596344756 0.999959921451 0.155578670632
0.999820195976 -0.016445011353 -0.009432427125 6.866109304716 0.016482913276 0.999856361143 0.003954688600 0.371854991999 0.009366038334 -0.004109451308 0.999947642882 0.177785097114
0.999772463648 -0.018496484952 -0.010620646930 7.724754283452 0.018544366026 0.999818296701 0.004427035670 0.418347865939 0.010536833396 -0.004622981010 0.999933739651 0.200012689225
0.999719016226 -0.020547511080 -0.011811142480 8.583691853915 0.020606501534 0.999775772013 0.004894584455 0.464854492987 0.011707917683 -0.005136593932 0.999918211761 0.222246521710
0.999660154251 -0.022593871723 -0.013001450355 9.441169784919 0.022665092157 0.999728786291 0.005356385589 0.511279772243 0.012876900323 -0.005649243614 0.999901059457 0.244441358819
0.999595477237 -0.024642168396 -0.014195391795 10.299945424451 0.024726748409 0.999677340858 0.005813917624 0.557773255707 0.014047538472 -0.006162571685 0.999882281905 0.266668629704
0.999525285677 -0.026689090468 -0.015391041820 11.158647571981 0.026788149828 0.999621535110 0.006266435208 0.604260573822 0.015217972707 -0.006675758084 0.999861879213 0.288892863337
0.999447651296 -0.028742643253 -0.016675674723 12.016577457936 0.028860002614 0.999560091429 0.006840269315 0.650769314703 0.016471734784 -0.007317752643 0.999837557275 0.311184788144
0.999393987805 -0.030630384852 -0.016530197780 12.870969182263 0.030722752080 0.999513596310 0.005363266600 0.696015102256 0.016357872272 -0.005867869485 0.999848915885 0.331961930931
0.999280924747 -0.032817898201 -0.018986377992 13.732823125060 0.032966983494 0.999427655093 0.007593185403 0.743603998501 0.018726325510 -0.008213650242 0.999790920160 0.355507629744
0.999172382314 -0.034434856461 -0.021647251897 14.601659792332 0.034624364804 0.999364758978 0.008441565687 0.792771907235 0.021342813802 -0.009184104937 0.999730058708 0.378939179307
0.999056931491 -0.036355330712 -0.023738412724 15.481044004353 0.036649528840 0.999255239979 0.012078344284 0.847968827017 0.023281623923 -0.012936957814 0.999645228530 0.403864866065
0.999013878384 -0.037692623423 -0.023460159640 16.371064552034 0.038010037782 0.999189808113 0.013234153381 0.900439144433 0.022942324336 -0.014112826767 0.999637113503 0.428924172830
0.998989404678 -0.039315413584 -0.021781837480 17.270891150400 0.039604161542 0.999131053690 0.012987648328 0.953766618899 0.021252299911 -0.013837180955 0.999678341632 0.455260420320
0.998958402275 -0.040844733316 -0.020341667552 18.175361199863 0.041118024763 0.999067123801 0.013203267681 1.004197153292 0.019783410034 -0.014025933785 0.999705873925 0.480460443315
0.998918534459 -0.042037198406 -0.019864408041 19.086481656484 0.042294750578 0.999024143438 0.012728421491 1.058696094120 0.019309957526 -0.013554822691 0.999721622103 0.503976070868
0.998829884921 -0.043783393943 -0.020535376888 19.999729180754 0.044054218809 0.998945555423 0.012926682498 1.110788422427 0.019947749672 -0.013816232601 0.999705559656 0.527512786282
0.998758341350 -0.044850838663 -0.021682270174 20.916306374613 0.045100944122 0.998919847209 0.011186926046 1.163771335826 0.021157109318 -0.012150928521 0.999702311441 0.551457953840
0.998755475217 -0.045647301854 -0.020093105799 21.843294838152 0.045873454576 0.998887380777 0.010941925180 1.216179670741 0.019571280536 -0.011850050538 0.999738244006 0.575333707854
0.998822747184 -0.045709128948 -0.016237078850 22.777571657849 0.045916678088 0.998865233208 0.012648255986 1.272986329681 0.015640515212 -0.013378921016 0.999788119608 0.601920275129
0.998911112518 -0.044929772786 -0.012564414370 23.713158160184 0.045098117061 0.998892070837 0.013451938439 1.327494783882 0.011946100933 -0.014003921933 0.999830516646 0.629184113844
0.999002690509 -0.043530023605 -0.009928245112 24.655670938867 0.043653000332 0.998968294312 0.012525324425 1.379001508006 0.009372774528 -0.012946238484 0.999872215179 0.651525923551
0.999075201051 -0.042102789039 -0.008711921459 25.601056163244 0.042208578110 0.999032668099 0.012337532681 1.430557239537 0.008184051219 -0.012693843313 0.999885930851 0.670170865931
0.999099705188 -0.040898322366 -0.011272798073 26.548819810262 0.041039471610 0.999078255996 0.012588704372 1.481584219236 0.010747549873 -0.013040003211 0.999857238816 0.687584752523
0.999066130659 -0.039898384321 -0.016581351173 27.500249840492 0.040125660086 0.999102027581 0.013607803148 1.533132817288 0.016023529753 -0.014260431594 0.999769941760 0.706478515520
0.999051917824 -0.038639101310 -0.020056308506 28.458621292124 0.038902483863 0.999159583194 0.012912157604 1.582212695298 0.019540536450 -0.013680157040 0.999715398982 0.727242382136
0.999103285797 -0.037964408198 -0.018740101093 29.427130170353 0.038165692413 0.999216254403 0.010502576308 1.629330191490 0.018326692154 -0.011208382938 0.999769159800 0.751174128364
0.999174001641 -0.038226123614 -0.013780362440 30.403003598010 0.038349438303 0.999225723164 0.008798269983 1.677032801999 0.013433372489 -0.009319472187 0.999866275194 0.774256880457
0.999184811873 -0.039209703368 -0.009605612415 31.382639438134 0.039264136608 0.999213487577 0.005544746939 1.724753329707 0.009380650029 -0.005917384956 0.999938500550 0.796744973194
0.999140630984 -0.040301637204 -0.009679964643 32.362260361379 0.040282714738 0.999186109367 -0.002141570111 1.764382461043 0.009758394647 0.001749795557 0.999950859649 0.814577377487
0.999030372431 -0.041905930773 -0.013494454320 33.341353089968 0.041838932321 0.999110825895 -0.005209409479 1.810897937668 0.013700759264 0.004639765641 0.999895401675 0.830203455282
0.998896039416 -0.043419225667 -0.017928393936 34.325180129995 0.043346872822 0.999050440592 -0.004404298595 1.865579723467 0.018102603841 0.003622299551 0.999829519992 0.850481373398
0.998787987821 -0.045302168022 -0.019237604778 35.336126815831 0.045236341553 0.998968990420 -0.003843395101 1.924326911878 0.019391885687 0.002968500603 0.999807521759 0.885151456451
0.998777346365 -0.046382427838 -0.017100007145 36.393189242701 0.046321976230 0.998918956345 -0.003914654926 1.987962272723 0.017263089345 0.003117764745 0.999846097290 0.943343464486
0.998776130045 -0.047397138436 -0.014131121739 37.434678059373 0.047393456670 0.998876151607 -0.000595390711 2.055256297491 0.014143466107 -0.000075059387 0.999899918348 0.992592409650
0.998726851663 -0.048695881500 -0.013163669799 38.478084532436 0.048695311384 0.998813613671 -0.000364121578 2.120788546576 0.013165784238 -0.000277349910 0.999913234665 1.041059295607
0.998704450707 -0.049703306918 -0.010907124529 39.510610146500 0.049711779902 0.998763504586 0.000507817843 2.184697570779 0.010868395512 -0.001049371433 0.999940344708 1.078888774503
0.998734728183 -0.049790095169 -0.007059101303 40.545978502040 0.049792156357 0.998759661653 0.000117298097 2.249946077849 0.007044504374 -0.000468635444 0.999975010164 1.116983835323
0.998719558677 -0.050271176506 -0.005644155670 41.568802289088 0.050305377238 0.998715364110 0.006091262455 2.324178406439 0.005330690629 -0.006367394769 0.999965477213 1.144407455024
0.998725289052 -0.050189967446 -0.005362044216 42.590925519953 0.050224822030 0.998716341515 0.006577694237 2.394237495499 0.005025026609 -0.006838617423 0.999963969432 1.171606491561
0.998707661205 -0.050319888565 -0.007132720030 43.600972741504 0.050365045752 0.998711075222 0.006299945024 2.459923057624 0.006806513179 -0.006651043416 0.999954663573 1.193107064070
0.998695894136 -0.050050805404 -0.010064867333 44.605878416237 0.050138012055 0.998705245656 0.008607375501 2.531006512728 0.009621030898 -0.009100783948 0.999912260208 1.218931729031
0.998645593911 -0.051023077789 -0.010177519593 45.607009222100 0.051109544705 0.998657566290 0.008425243901 2.595028234485 0.009733975484 -0.008934002943 0.999912739799 1.249238431066
0.998591873556 -0.052355374291 -0.008543171471 46.606503369221 0.052411392466 0.998604681390 0.006471213708 2.656612671071 0.008192448860 -0.006909861557 0.999942545054 1.276880938874
0.998553366715 -0.053236087698 -0.007548701155 47.601485939099 0.053286651568 0.998557103243 0.006663163483 2.723590288215 0.007183089148 -0.007055770175 0.999949330042 1.306606124113
0.998520141715 -0.053478465581 -0.009876024107 48.587365864480 0.053571681929 0.998519511702 0.009428575477 2.795738393586 0.009357176362 -0.009943695222 0.999906746583 1.334122792370
0.998413943181 -0.054166539075 -0.015346714232 49.564704328359 0.054320919143 0.998475188694 0.009828205500 2.866288982261 0.014790955911 -0.010646271350 0.999833868125 1.359141088211
0.998376129628 -0.054620422335 -0.016171093383 50.546566130595 0.054789987967 0.998445509251 0.010235380728 2.932994868807 0.015586901696 -0.011104779658 0.999816861122 1.383755956482
0.998405410497 -0.054958204795 -0.012890222881 51.527677161146 0.055086940574 0.998432972727 0.009854298109 2.997584210591 0.012328448586 -0.010548671102 0.999868316776 1.415896504561
0.998422527329 -0.055311014786 -0.009640707101 52.504590912730 0.055380995987 0.998439756284 0.007150509249 3.060939267296 0.009230163753 -0.007673142189 0.999927916387 1.442561255947
0.998414717940 -0.055606202844 -0.008713615743 53.474783127667 0.055658931978 0.998432267249 0.005931309267 3.125348780492 0.008370137986 -0.006406897308 0.999944414811 1.467412418949
0.998397845643 -0.055791408068 -0.009426203784 54.437958951758 0.055820610036 0.998436729485 0.002863878482 3.186701051905 0.009251689476 -0.003385466611 0.999951424873 1.489090523443
0.998350821960 -0.056339332483 -0.011018718873 55.401769802075 0.056336474649 0.998411724886 -0.000569808356 3.243887583904 0.011033318931 -0.000051886588 0.999939153153 1.510212877487
0.998291840134 -0.057556688654 -0.010025461616 56.360584701311 0.057539207365 0.998341279218 -0.002023849857 3.305807789066 0.010125318640 0.001443537367 0.999947680648 1.531441264730
0.998261192708 -0.058682118826 -0.005566327508 57.323076471297 0.058655540922 0.998266685255 -0.004822250319 3.366184276967 0.005839658080 0.004487372052 0.999972822036 1.550670461127
0.998247143567 -0.059182635448 0.000088488387 58.284962629263 0.059181978870 0.998226734827 -0.006405575600 3.433736404754 0.000290766145 0.006399588744 0.999979421606 1.564460894447
0.998211419075 -0.059747924468 0.002008640004 59.236557326395 0.059757072076 0.998201187999 -0.004852015375 3.506279479680 -0.001715128721 0.004963369778 0.999986192926 1.577956083396
0.998121589088 -0.061261391842 -0.000373516829 60.177468480481 0.061259779336 0.998116213467 -0.003376456191 3.574079026047 0.000579659772 0.003347234427 0.999994197445 1.593183726580
0.997989787394 -0.062738683707 -0.008950863655 61.102045782173 0.062721078869 0.998028641633 -0.002234114399 3.636564943340 0.009073385488 0.001668216491 0.999957470973 1.607950806944
0.997854145092 -0.063806820621 -0.014689572986 62.016969421781 0.063792499855 0.997962168600 -0.001441793520 3.698115554216 0.014751626338 0.000501615504 0.999891086308 1.627798366340
0.997780299286 -0.065044591320 -0.014270745769 62.927614374259 0.065103639306 0.997871636524 0.003712578638 3.770878908309 0.013998892380 -0.004633414813 0.999891264190 1.650933483756
0.997759139440 -0.065896247412 -0.011585451981 63.826364470376 0.065979908806 0.997796448956 0.006994558185 3.838871643360 0.011099006204 -0.007743293076 0.999908411604 1.679802381983
0.997685243371 -0.067256211605 -0.010033199783 64.709315287289 0.067353974803 0.997681574985 0.009746487596 3.907444049975 0.009354427644 -0.010399699870 0.999902181644 1.707731613006
0.997592386188 -0.068480400464 -0.010940624050 65.578292067873 0.068588452061 0.997596668866 0.009827085445 3.972903289403 0.010241365634 -0.010553826735 0.999891844947 1.730219527160
0.997487019587 -0.070112764664 -0.010181112237 66.433404221751 0.070226734340 0.997467038367 0.011305159171 4.041094247606 0.009362688388 -0.011991743823 0.999884242046 1.752423159733
0.997386802706 -0.071599460105 -0.009647304551 67.276527661508 0.071718720180 0.997344808755 0.012642137977 4.108719376278 0.008716518268 -0.013300990301 0.999873488539 1.776480850336
0.997277888397 -0.073225845143 -0.008641298847 68.105476463681 0.073329925727 0.997230517230 0.012413931300 4.173965063913 0.007708346818 -0.013013809214 0.999885594372 1.798878732883
0.997176089508 -0.074680601041 -0.007906385683 68.922321762763 0.074772177756 0.997128460284 0.012001351079 4.238574991796 0.006987412991 -0.012558645717 0.999896650208 1.818676216820
0.997083933646 -0.076085683226 -0.005877833825 69.726873528096 0.076163136120 0.996992521945 0.014324838376 4.306653566374 0.004770240952 -0.014730748020 0.999880144409 1.838585599544
0.997008798456 -0.077274937750 -0.001362243832 70.520991672649 0.077286862017 0.996877464879 0.016190463011 4.375551925355 0.000106872909 -0.016247322610 0.999867936665 1.856394770828
0.996861593309 -0.079162805455 0.000150384885 71.297617620783 0.079146170332 0.996687812122 0.018693537312 4.438888751185 -0.001629720509 -0.018622968886 0.999825194569 1.877704150310
0.996732702586 -0.080700276587 -0.003357297590 72.050563675224 0.080754365183 0.996497522069 0.021714120343 4.508100045408 0.001593202581 -0.021914299197 0.999758575345 1.898554938250
0.996582930502 -0.081862797835 -0.010993180689 72.780877017244 0.082090960339 0.996377256181 0.022217134126 4.573201446586 0.009134599886 -0.023043661681 0.999692713317 1.919239219825
0.996377583956 -0.083388817150 -0.016671845808 73.493461833750 0.083731110945 0.996266889412 0.021011639341 4.636943144414 0.014857474134 -0.022331477518 0.999640226632 1.936205878298
0.996307099603 -0.083753064839 -0.018906650797 74.188237984424 0.084157619220 0.996215660724 0.021724610987 4.702130189113 0.017015597536 -0.023235524402 0.999585139673 1.957621929703
0.996297488504 -0.084527245420 -0.015696886384 74.864668296158 0.084890921858 0.996097269493 0.024161385042 4.768365739897 0.013593331614 -0.025404458984 0.999584842003 1.985011025796
0.996233300851 -0.085828801432 -0.012348300697 75.521044258248 0.086120298486 0.995960602118 0.025414217775 4.829889323025 0.010117149805 -0.026381930646 0.999600697030 2.017463011199
0.996077431138 -0.087158243230 -0.015268641936 76.151932017017 0.087485201077 0.995917483211 0.022243263234 4.883742902204 0.013267616714 -0.023491799012 0.999635985650 2.043169002099
0.995993572394 -0.087271666288 -0.019504146956 76.763709250458 0.087558429177 0.996055819922 0.014365814494 4.929131040989 0.018173493970 -0.016016009804 0.999706507684 2.066600812116
0.995941293152 -0.086504500625 -0.024854257641 77.357611801225 0.086769222694 0.996180497254 0.009775827953 4.977298965560 0.023913677766 -0.011892746410 0.999643309594 2.092348941924
0.996180200457 -0.083516843692 -0.025490843441 77.938963786613 0.083829923174 0.996414142387 0.011469387852 5.031499462643 0.024441552109 -0.013562473569 0.999609257156 2.117719300947
0.996573497792 -0.079538219920 -0.022689770902 78.508527942641 0.079933836551 0.996653560548 0.017096059035 5.086684805156 0.021254053650 -0.018851169792 0.999596341660 2.144568824144
0.996987486190 -0.075088953751 -0.019428823847 79.063687757314 0.075404907099 0.997023509074 0.016074507525 5.129079187288 0.018163979855 -0.017491110689 0.999682004736 2.167963285760
0.997437945777 -0.069930132171 -0.015075230125 79.606802085122 0.070108380990 0.997471522984 0.011639088516 5.156393152048 0.014223195110 -0.012666169738 0.999818631240 2.192839590257
0.998008187033 -0.062237340857 -0.010298188940 80.137907139040 0.062315181962 0.998028976494 0.007418572615 5.182055397908 0.009816179770 -0.008045531463 0.999919436474 2.218140994878
0.998597622308 -0.051770781596 -0.011068020833 80.649464690992 0.051885023350 0.998599988619 0.010296709003 5.210239434297 0.010519457940 -0.010856531905 0.999885689073 2.237637436661
0.999254271790 -0.036862398335 -0.011490599331 81.150381292368 0.037043521312 0.999186079677 0.015970464072 5.241903120192 0.010892533447 -0.016384217872 0.999806448533 2.255773143793
0.999761150908 -0.019021020785 -0.010757635757 81.638086363052 0.019246139147 0.999589519308 0.021224930451 5.261151490502 0.010349497830 -0.021426906384 0.999716829784 2.272826239707
0.999947763346 0.002529227164 -0.009898489294 82.112596998975 -0.002331399961 0.999798392835 0.019946374619 5.255401560549 0.009946943382 -0.019922261838 0.999752043820 2.287222107343
0.999575375457 0.027856482280 -0.008546433562 82.572141373830 -0.027713788519 0.999481668895 0.016383434361 5.233312128021 0.008998389467 -0.016139629493 0.999829255649 2.303443414221
0.998364877641 0.056782389883 -0.006572687076 83.025597346109 -0.056677916761 0.998278132608 0.015117849215 5.197823334627 0.007419797866 -0.014720610525 0.999864089751 2.319002700894
0.996002549366 0.089207697210 -0.004564485972 83.472990574716 -0.089131515171 0.995909810120 0.014809112385 5.149401327397 0.005866903782 -0.014343077958 0.999879940514 2.333523852392
0.992092504339 0.125467354317 -0.003215156971 83.905518875483 -0.125407430330 0.991996014841 0.014733257050 5.083959078742 0.005037966319 -0.014213545550 0.999886280820 2.346214260931
0.986084438535 0.166224232500 -0.002635204522 84.335981714409 -0.166167186700 0.985983799130 0.014981643232 5.000983353268 0.005088581151 -0.014335281263 0.999884262335 2.356593702286
0.977606150407 0.210433491531 -0.001963441652 84.754463891788 -0.210382339024 0.977507150714 0.014802371526 4.896501557436 0.005034195465 -0.014057822827 0.999888498880 2.368867182365
0.966189841312 0.257820995674 -0.002315861285 85.148014600199 -0.257746685594 0.966063880775 0.016946988414 4.773990035961 0.006606562859 -0.015777111715 0.999853677913 2.383967081619
0.950843388733 0.309647706402 -0.003889737277 85.536699318047 -0.309534112317 0.950719707386 0.017908037486 4.627276525002 0.009243237169 -0.015823733030 0.999832003881 2.397813283742
0.931462950050 0.363804058074 -0.004827987972 85.895114478870 -0.363667818177 0.931353705383 0.018057990755 4.460069913266 0.011066138338 -0.015064571346 0.999825244566 2.407961543717
0.907695304653 0.419594840739 -0.005405171089 86.249096782127 -0.419435800811 0.907592383088 0.018701685922 4.269934655960 0.012752830422 -0.014708310162 0.999810512259 2.414921828908
0.879450913391 0.475944953228 -0.006510745614 86.583960391054 -0.475760584458 0.879370100174 0.018978179401 4.059913938254 0.014757925751 -0.013592821640 0.999798686435 2.421677693979
0.846947924914 0.531605149027 -0.008668428248 86.880367560932 -0.531419795676 0.846933561188 0.017225171515 3.828246493256 0.016498576172 -0.009982245730 0.999814013898 2.429735501185
0.811063764358 0.584887863920 -0.009040302459 87.175134792509 -0.584707923472 0.811072249331 0.016686405010 3.580050290830 0.017092020308 -0.008247803802 0.999819886311 2.442610653853
0.772198620247 0.635332489281 -0.007865986299 87.436789190287 -0.635191416011 0.772211526864 0.014872716693 3.316570747119 0.015523335877 -0.006488282232 0.999858452889 2.454263133714
0.730634172320 0.682754849507 -0.004403801906 87.698835215490 -0.682647819183 0.730610898415 0.014132016953 3.032352647369 0.012866171695 -0.007319082387 0.999890429264 2.462055924870
0.686852049191 0.726788290537 -0.003607638203 87.938445807404 -0.726702577035 0.686834284848 0.012728804523 2.735004036147 0.011729001282 -0.006121124898 0.999912465961 2.468145172223
0.641445029015 0.767145711681 -0.005980226580 88.140249635283 -0.767067857562 0.641467580752 0.011233961683 2.420678146514 0.012454215238 -0.002618727063 0.999918990233 2.472675450639
0.595895791217 0.802988993719 -0.010805793365 88.333752026240 -0.802959514194 0.595980757677 0.007933709723 2.095497528093 0.012810727531 0.003948946857 0.999910151106 2.479029967269
0.550437842090 0.834819752039 -0.009708905885 88.503175488103 -0.834774328887 0.550515162066 0.009211211335 1.767732800825 0.013034611727 0.003034549636 0.999910395844 2.488145676552
0.504353076486 0.863480047033 -0.005498387195 88.675958816710 -0.863398014627 0.504381452707 0.011965205228 1.430241686542 0.013105009063 -0.001287387897 0.999913270807 2.494994732672
0.460150957941 0.887828262867 -0.004695929678 88.828954481326 -0.887727720054 0.460170418625 0.013514537929 1.082407239882 0.014159527362 -0.002050019535 0.999897623434 2.501409053720
0.418601918390 0.908113524878 -0.010115479791 88.947576231112 -0.908051549092 0.418701192901 0.011469379832 0.726697765920 0.014650870695 0.004384277182 0.999882988709 2.505880330434
0.380235092999 0.924605000270 -0.022953123630 89.050427225554 -0.924817970538 0.380397810650 0.003028320995 0.353363155054 0.011531321289 0.020075989359 0.999731896351 2.507446228611
0.345761562036 0.937934688767 -0.026971303679 89.151134929480 -0.938283725545 0.345865276131 -0.000870437221 -0.018089053008 0.008512033325 0.025607713688 0.999635761832 2.510830358633
0.313426254194 0.949263272812 -0.025753910658 89.253679747326 -0.949557196314 0.313585472861 0.002289693141 -0.389268758749 0.010249578754 0.023737174136 0.999665672945 2.516858494403
0.282916632115 0.959016703727 -0.015657512317 89.365431425603 -0.959043817673 0.283085759556 0.009864159849 -0.761054809638 0.013892322122 0.012225513783 0.999828708329 2.530249065838
0.254765579249 0.966946473005 -0.010447007568 89.459871531209 -0.966863591658 0.254897381043 0.014213185196 -1.142656008501 0.016406308665 0.006479802420 0.999844339708 2.546554234508
0.229470847710 0.973247146385 -0.011541813859 89.534137780218 -0.973146260904 0.229635922791 0.015926043730 -1.539426309104 0.018150398655 0.007577307297 0.999806529499 2.558471566116
0.206145917072 0.978359488447 -0.017793042339 89.593261177243 -0.978321764527 0.206436953241 0.016438671282 -1.946043832693 0.019756070175 0.014018564120 0.999706529688 2.566498750445
0.185978098053 0.982174342800 -0.027308496796 89.641419388847 -0.982184267076 0.186598539826 0.022246435546 -2.366772482095 0.026945613232 0.022684641292 0.999379462120 2.558738645882
0.166295125474 0.985602367749 -0.030561251974 89.694097182629 -0.985462677105 0.167204784566 0.030096713808 -2.792578181399 0.034773382250 0.025112050360 0.999079689960 2.553596130616
0.148788330173 0.988482816910 -0.027635524269 89.752923152769 -0.988246747210 0.149627919942 0.031301700305 -3.238978277350 0.035076256069 0.022653392828 0.999127849885 2.563383144502
0.133623602703 0.990748569941 -0.023709197339 89.806326321750 -0.990601803539 0.134232232231 0.026261682509 -3.704252701300 0.029201273979 0.019977201500 0.999373865065 2.583658692043
0.119117752340 0.992614150089 -0.022981562078 89.846454371265 -0.992563919428 0.119631978734 0.022473277713 -4.177850768225 0.025056637487 0.020133715810 0.999483268926 2.603163950039
0.105735508660 0.994085178101 -0.024791438978 89.877972990895 -0.994137289557 0.106242091911 0.020091830339 -4.664497288985 0.022606897492 0.022521681153 0.999490699430 2.619354550813
0.093834594783 0.995184260156 -0.028345848827 89.901495454249 -0.995354857764 0.094390442976 0.018949823775 -5.162032057454 0.021534147596 0.026436046668 0.999418542241 2.631461002185
0.083418538870 0.996016078433 -0.031518011286 89.922398995392 -0.996270615306 0.084056230393 0.019478121831 -5.676488832135 0.022049815435 0.029775645708 0.999313350737 2.644169550908
0.074931270902 0.996622644840 -0.033596405118 89.942372023671 -0.996934492222 0.075630236835 0.020038607962 -6.206530768636 0.022511835849 0.031991913696 0.999234522263 2.657692005116
0.068874556751 0.997001997550 -0.035260142594 89.960875916449 -0.997369102835 0.069614764527 0.020212667723 -6.752332466465 0.022606707294 0.033775253960 0.999173748721 2.670176370853
0.063008208253 0.997338241138 -0.036692647462 89.979661275695 -0.997733907519 0.063817434157 0.021315740928 -7.316038293434 0.023600648344 0.035266444150 0.999099247590 2.680420859469
0.056675502376 0.997706741817 -0.037003118886 89.998168598961 -0.998096511555 0.057522347198 0.022235945764 -7.899905322505 0.024313469747 0.035672463889 0.999067700426 2.689715010151
0.051959199899 0.997874860074 -0.039320849366 90.013615735844 -0.998355951511 0.052857788227 0.022168188996 -8.502951665119 0.024199495877 0.038104371989 0.998980671873 2.701689936114
0.048473122485 0.997985525745 -0.040929773242 90.021114451045 -0.998537949045 0.049399974974 0.021945058926 -9.122375205811 0.023922786390 0.039806200402 0.998921012541 2.712818311252
0.044995003581 0.998107678373 -0.041912045701 90.031278675525 -0.998712549363 0.045926749737 0.021539290761 -9.762056968746 0.023423424079 0.040888937098 0.998889066682 2.725747666751
0.041795625448 0.998186192750 -0.043331128242 90.035418473421 -0.998867948784 0.042731489463 0.020900965540 -10.417001350944 0.022714660881 0.042408517599 0.998842095089 2.738009678578
0.040440563886 0.998030885543 -0.047946866784 90.037877184670 -0.998929088722 0.041463262082 0.020530127667 -11.090927624717 0.022477736998 0.047065287653 0.998638834032 2.750207451988
0.040538867227 0.997827982918 -0.051922906179 90.036764508745 -0.998929400737 0.041632958245 0.020165727711 -11.777306907201 0.022283639485 0.051049839233 0.998447404527 2.761179978276
0.042320435072 0.997653496408 -0.053819778762 90.043679442194 -0.998855091816 0.043450857726 0.020009540012 -12.484716997957 0.022301108112 0.052911367587 0.998350107202 2.773611333620
0.045453868567 0.997376476855 -0.056340408000 90.054461416001 -0.998705330269 0.046659017449 0.020262134146 -13.207950114046 0.022837765977 0.055346490268 0.998205933984 2.787277179439
0.049169839847 0.997150168841 -0.057217662132 90.067498679728 -0.998526363861 0.050393271645 0.020138393576 -13.947041508915 0.022964397549 0.056143162367 0.998158538508 2.801676685384
0.053020546900 0.996869786730 -0.058646522002 90.090717460036 -0.998364095227 0.054175457444 0.018280055642 -14.705967879826 0.021400042019 0.057581374723 0.998111365656 2.821101751916
0.056964614188 0.996655533358 -0.058589643498 90.119034471350 -0.998172887252 0.058038942015 0.016799721576 -15.477314356794 0.020144026194 0.057525631875 0.998140743797 2.841116319625
0.061109448845 0.996570532825 -0.055793689497 90.156623104560 -0.997967280250 0.062016275340 0.014667438176 -16.264472170252 0.018077260854 0.054783983676 0.998334555815 2.859512363773
0.065155509027 0.996369952870 -0.054788352903 90.196247421130 -0.997727488125 0.065991972344 0.013597267022 -17.058884284949 0.017163507319 0.053777925236 0.998405358629 2.876929560740
0.069132974279 0.996229222235 -0.052420859812 90.241602813445 -0.997443735862 0.069977902612 0.014455509044 -17.860820843206 0.018069316337 0.051287518726 0.998520423109 2.896565319233
0.072317994286 0.996093626259 -0.050672337842 90.290692752269 -0.997149896276 0.073302756030 0.017850226771 -18.664324223520 0.021494923756 0.049237044354 0.998555809684 2.919232304782
0.073375217511 0.996263316655 -0.045557041809 90.345786202997 -0.996927074984 0.074527325266 0.024125652106 -19.472454976570 0.027430750747 0.043646831812 0.998670367223 2.942146836629
0.072923674062 0.996403535121 -0.043151984577 90.396023521915 -0.996877509217 0.074135750390 0.027186381987 -20.286239846446 0.030287725987 0.041034730001 0.998698515548 2.965131447129
0.073030636860 0.996497858347 -0.040725494324 90.446387895465 -0.996872423771 0.074172641652 0.027271180111 -21.104038676236 0.030196397020 0.038606505778 0.998798151488 2.996955656385
0.073013691158 0.996617961202 -0.037703966021 90.497491435787 -0.996955843617 0.073970739888 0.024642902807 -21.922328089410 0.027348558128 0.035789934289 0.998985038954 3.032229117234
0.072862865464 0.996596873346 -0.038545317961 90.543118393587 -0.996981970740 0.073820490665 0.024031360257 -22.739594269153 0.026795013546 0.036678004419 0.998967843870 3.064615411980
0.073096116920 0.996668743065 -0.036172323574 90.589870751192 -0.996998319781 0.073952192139 0.022921512920 -23.557083857217 0.025520179776 0.034388287678 0.999082650941 3.097949213005
0.072777698742 0.996752482278 -0.034466525535 90.634299334849 -0.997024106601 0.073591518093 0.022961461056 -24.372499182428 0.025423345430 0.032692885120 0.999142023165 3.134228031991
0.072850105928 0.996829658933 -0.031992688034 90.682730180318 -0.997001364722 0.073627009090 0.023815291859 -25.184498170654 0.026095321409 0.030161819606 0.999204294982 3.166765880482
0.071518828365 0.997016319357 -0.029042970984 90.730444166591 -0.997071193421 0.072253077955 0.025070689663 -25.995119836160 0.027094339526 0.027164889941 0.999263723680 3.198676976362
0.068804319612 0.997288963302 -0.026091739733 90.778324992756 -0.997267805973 0.069460667621 0.025142612149 -26.806649310290 0.026886803580 0.024290548517 0.999343332767 3.231182446167
0.064934407653 0.997618604127 -0.023253247312 90.821645875133 -0.997569419893 0.065486149094 0.023807739112 -27.616782150359 0.025273814800 0.021650798627 0.999446053253 3.264023061804
0.060064078780 0.997976541973 -0.020861229878 90.861990951496 -0.997941075691 0.060506594030 0.021271209828 -28.429031935996 0.022490411890 0.019540647102 0.999556017190 3.298063457309
0.053843400567 0.998378801328 -0.018456096208 90.895218805031 -0.998352448535 0.054190592757 0.018857785979 -29.241027986117 0.019827370594 0.017410333736 0.999651806676 3.330376798304
0.046318472743 0.998769495032 -0.017724978770 90.918939418343 -0.998734524681 0.046650330696 0.018790669268 -30.048146313688 0.019594427533 0.016832205878 0.999666286561 3.360471217488
0.037474424557 0.999153028109 -0.017000120092 90.935856878006 -0.999089643323 0.037808224691 0.019757871298 -30.850055327802 0.020383891797 0.016244245340 0.999660270751 3.388192545302
0.027351308716 0.999475737882 -0.017325522322 90.940880924085 -0.999406733885 0.027704115069 0.020461681352 -31.651482760442 0.020930948007 0.016755603413 0.999640476215 3.415119557648
0.017092077876 0.999688764860 -0.018172328490 90.938657711372 -0.999657723903 0.017445914120 0.019494103482 -32.449284504292 0.019805076826 0.017832919151 0.999644788004 3.443320147312
0.006320651729 0.999837684234 -0.016873226503 90.930640707595 -0.999817558703 0.006622881797 0.017916324131 -33.241685583919 0.018025177204 0.016756911347 0.999697082474 3.471635628851
-0.004872433814 0.999826443100 -0.017983993422 90.910296826734 -0.999842471076 -0.004564073307 0.017147802106 -34.033643997700 0.017062756654 0.018064717086 0.999691198120 3.495292564490
-0.016023949418 0.999707433387 -0.018120791118 90.881302616256 -0.999730698125 -0.015714800812 0.017075966435 -34.820187491006 0.016786210503 0.018389547107 0.999689930230 3.518892850426
-0.027157680979 0.999468322713 -0.018043426301 90.845515788997 -0.999484372996 -0.026839959064 0.017623961866 -35.599354114462 0.017130320233 0.018512759624 0.999681820043 3.543095053555
-0.037948572900 0.999126800887 -0.017479049760 90.801736529136 -0.999117684263 -0.037621704803 0.018664584804 -36.374240392237 0.017990702798 0.018171934434 0.999672967704 3.566263936790
-0.048323413487 0.998669525941 -0.018002618676 90.749463985390 -0.998656256442 -0.047969227203 0.019612470770 -37.141871593446 0.018722815096 0.018926176669 0.999645530690 3.588702419798
-0.057955928872 0.998145515513 -0.018617883350 90.689648680617 -0.998134796640 -0.057576849873 0.020290461666 -37.901084466288 0.019180881429 0.019759117911 0.999620698745 3.611785957570
-0.067627734054 0.997529123699 -0.019029431028 90.621019533783 -0.997523632859 -0.067233519948 0.020645392624 -38.652515103636 0.019314972696 0.020378517889 0.999605704002 3.636117181945
-0.077186165619 0.996828238022 -0.019386904766 90.548942944197 -0.996833257979 -0.076784471253 0.020675394163 -39.396203033564 0.019121212629 0.020921379122 0.999598226872 3.658800052119
-0.085856649857 0.996093426079 -0.020652795799 90.467388216175 -0.996135019132 -0.085437702201 0.020379282556 -40.131902389923 0.018535153444 0.022322680128 0.999578922057 3.682518321373
-0.093256639283 0.995394254871 -0.022215500723 90.381108203999 -0.995499088073 -0.092841864508 0.019025066220 -40.859475717862 0.016874919629 0.023889734619 0.999572143791 3.705971769222
-0.098636063857 0.994807207451 -0.025091164252 90.290441869454 -0.995010769902 -0.098214020078 0.017534025903 -41.577523604382 0.014978684403 0.026695482512 0.999531393935 3.730969743905
-0.102577682703 0.994323157477 -0.028272750957 90.197693347077 -0.994643033897 -0.102162959367 0.015743412073 -42.289589663818 0.012765619498 0.029736234211 0.999476242070 3.751390701198
-0.105429878312 0.993970979693 -0.030105189151 90.106769236442 -0.994363151577 -0.105032628075 0.014491419625 -42.989785685296 0.011242027262 0.031463334810 0.999441706387 3.770294050501
-0.107244715750 0.993760422153 -0.030639934946 90.018158132179 -0.994178285308 -0.106865742225 0.013755600978 -43.674939673416 0.010395420888 0.031936785943 0.999435757975 3.788754828153
-0.108247703822 0.993639227733 -0.031039895442 89.930946188840 -0.994069206436 -0.107861488426 0.013864630947 -44.346876406152 0.010428443299 0.032356634021 0.999421992247 3.806098260889
-0.107557461688 0.993684858365 -0.031966301892 89.844862230515 -0.994131760819 -0.107121191415 0.015066829831 -45.000788727408 0.011547417490 0.033399283129 0.999375353103 3.822912750912
-0.104921629825 0.993931649726 -0.033037052061 89.762806507442 -0.994398142958 -0.104427684229 0.016344110355 -45.638631948516 0.012794951467 0.034566849077 0.999320414054 3.839612660949
-0.100020641160 0.994434949928 -0.033092650230 89.689743943835 -0.994889995020 -0.099495260879 0.017163553055 -46.258367858985 0.013775480994 0.034640273868 0.999304882039 3.856746861799
-0.092609528898 0.995172633759 -0.032480683714 89.626054074148 -0.995594782501 -0.092070548426 0.017717918265 -46.859617276729 0.014641884313 0.033978455187 0.999315287324 3.874410674720
-0.081702343624 0.996154157481 -0.031648295386 89.572088504296 -0.996537888205 -0.081160970284 0.018030785099 -47.441735044153 0.015392847477 0.033011898357 0.999336413908 3.893251836483
-0.068223076804 0.997174394753 -0.031444987271 89.528140752794 -0.997540915269 -0.067673340607 0.018228766097 -48.003950108881 0.016049279359 0.032611302384 0.999339197412 3.912496640546
-0.051784122377 0.998192414709 -0.030502122691 89.497957576935 -0.998496813536 -0.051202413120 0.019553690668 -48.546270041170 0.017956572615 0.031468855350 0.999343395497 3.930799943935
-0.031159694574 0.999079779324 -0.029473400196 89.486620195829 -0.999284335897 -0.030506417255 0.022361166308 -49.080860201218 0.021441460056 0.030149086155 0.999315351829 3.953771490488
-0.007232793240 0.999578945862 -0.028099804942 89.489202432327 -0.999651283788 -0.006513959168 0.025589331332 -49.607797111145 0.025395529779 0.028275100078 0.999277473408 3.976833401170
0.020370499506 0.999429396554 -0.026943425489 89.499865254135 -0.999397929099 0.021112098500 0.027532315078 -50.130574827938 0.028085453992 0.026366372254 0.999257681994 3.998165873468
0.053067681100 0.998249130423 -0.026126331176 89.533895249045 -0.998173329740 0.053783841329 0.027517097189 -50.653452257445 0.028874100534 0.024618356934 0.999279827572 4.020597847895
0.090521465404 0.995556335029 -0.025952146836 89.587682483362 -0.995510701231 0.091179208049 0.025390302574 -51.171475718454 0.027643777493 0.023537283083 0.999340636547 4.043724039700
0.131863003667 0.990957584475 -0.024805988577 89.655753526121 -0.990945105130 0.132417341038 0.022210394950 -51.679744131472 0.025294306318 0.021652647112 0.999445455295 4.068552701755
0.176307126185 0.984079974703 -0.022412828262 89.758626030869 -0.984099680386 0.176717401480 0.017855206410 -52.181867970128 0.021531699669 0.018908459826 0.999589272336 4.093101206224
0.223963508699 0.974420889770 -0.018557013821 89.887027977111 -0.974418943181 0.224246327505 0.014873141740 -52.680242351852 0.018654048620 0.014751272807 0.999717163796 4.118448114555
0.274336347789 0.961512294541 -0.015287733558 90.030442778831 -0.961477235139 0.274543846610 0.013678919501 -53.154386795909 0.017349602119 0.010946191004 0.999789505601 4.144354862113
0.328086251008 0.944530054302 -0.014915554745 90.209851772366 -0.944478175079 0.328285596198 0.013763506879 -53.617717126277 0.017896612139 0.009571806179 0.999793952794 4.164726860325
0.385047244472 0.922703965410 -0.018870928528 90.412066814395 -0.922665220514 0.385328195259 0.014525755739 -54.065575926252 0.020674473644 0.011818449618 0.999716360269 4.185764058892
0.443715187983 0.895883305980 -0.022582652215 90.619203672895 -0.895791484868 0.444118198202 0.017791342414 -54.480007201388 0.025968342605 0.012335062975 0.999586613815 4.206032785704
0.502252303055 0.864266118872 -0.028047410836 90.874195727980 -0.864104924192 0.502854613651 0.021444615343 -54.882768028415 0.032637629259 0.013465312774 0.999376483293 4.228040355861
0.559568739442 0.828283541846 -0.028795076852 91.137976020900 -0.827930030037 0.560231531103 0.025930591709 -55.250773204310 0.037609804075 0.009330367918 0.999248929455 4.246857481922
0.614655541847 0.788251613994 -0.029291367768 91.451274851536 -0.787719397189 0.615332700149 0.029389227856 -55.606175698636 0.041190054294 0.005009134871 0.999138758005 4.268220195467
0.667092530440 0.744306976211 -0.031538783804 91.784859712300 -0.743686140838 0.667830634837 0.030547096830 -55.940930399851 0.043798995376 0.003077214004 0.999035634723 4.290733465898
0.715994435108 0.697318627384 -0.033145999479 92.116144165531 -0.696719673581 0.716757496313 0.028988235072 -56.244329022955 0.043971694389 0.002338063609 0.999030068579 4.315722746703
0.761388724524 0.647582978104 -0.030388527420 92.492686633559 -0.647085415193 0.761994912604 0.025381207542 -56.532441966632 0.039592350066 0.000339013967 0.999215862871 4.343018459331
0.803284998631 0.595030114332 -0.025929193523 92.889333437976 -0.594671845960 0.803702546196 0.020678674419 -56.793062461506 0.033143800160 -0.001191509254 0.999449855173 4.371387460294
0.840464349494 0.541444728360 -0.021383932780 93.284765403778 -0.541159870176 0.840729221265 0.017900549225 -57.015790876082 0.027670257754 -0.003472649757 0.999611029240 4.397280160138
0.872326556006 0.488660516642 -0.016038326761 93.714768559286 -0.488464732843 0.872459772970 0.014702822326 -57.225737610110 0.021177484719 -0.004991503044 0.999763271024 4.419419572241
0.898560997059 0.438723896880 -0.010460689694 94.157689627962 -0.438560379904 0.898579529310 0.014821284478 -57.409855294024 0.015902219246 -0.008730188562 0.999835373631 4.442836164178
0.919664308892 0.392640261807 -0.007153502126 94.598178436047 -0.392492033264 0.919612512754 0.016212396306 -57.567393470639 0.012944090532 -0.012102272472 0.999842978354 4.460951256741
0.935622736996 0.352993100553 -0.002434342588 95.067108022127 -0.352857391586 0.935415726073 0.022115007175 -57.706376551712 0.010083574136 -0.019832331964 0.999752436932 4.472595325079
