0.999999900002 -0.000000000070 0.000000000481 0.000000029206 -0.000000000070 1.000000000000 0.000000000009 0.000000000021 0.000000000481 0.000000000009 0.999999999998 -0.000000000140
0.999047515052 0.043578510136 -0.002216885559 1.001546132717 -0.043581557724 0.999048965867 -0.001344453943 -0.038623681664 0.002156188143 0.001439789920 0.999996619081 0.016005566704
0.996035976890 0.088695482233 -0.006738736866 1.997823278278 -0.088728459496 0.996044547048 -0.004763523514 -0.120318467951 0.006289578544 0.005342561602 0.999965876061 0.033170281161
0.990876014650 0.134337111024 -0.010874688815 2.990889239041 -0.134397153658 0.990915035866 -0.004996427472 -0.248265130761 0.010104689477 0.006412371002 0.999928349484 0.052293891168
0.983524694292 0.180289374596 -0.013220989147 3.970856571256 -0.180335773605 0.983602157786 -0.002403524260 -0.412399465755 0.012570866460 0.004748144276 0.999909647922 0.074334644079
0.973961445044 0.226320913989 -0.013335730864 4.945275586015 -0.226400261464 0.974022763480 -0.004757488864 -0.630405529596 0.011912588360 0.007652826761 0.999899691476 0.099274218436
0.962328643973 0.271512959097 -0.014290064139 5.902498481220 -0.271614898091 0.962389063096 -0.005720935368 -0.891624568270 0.012199290060 0.009386819752 0.999881492931 0.126467165250
0.948706989533 0.315629830799 -0.018241354408 6.845692132485 -0.315808365505 0.948790656928 -0.007838436654 -1.195355741456 0.014833186202 0.013197155475 0.999802853539 0.154676476138
0.933471941008 0.357988354922 -0.021779849972 7.768564687547 -0.358268769765 0.933558359026 -0.010601383948 -1.546381695175 0.016537597501 0.017699137164 0.999706599965 0.180913358562
0.916029667221 0.400482693525 -0.022429331613 8.676806194036 -0.400770382335 0.916123068911 -0.010081516147 -1.933165402586 0.016510565083 0.018223987414 0.999697563868 0.208418549805
0.896416601158 0.442661559835 -0.022087289663 9.564627148687 -0.442956574794 0.896478894842 -0.010729754459 -2.359175148282 0.015051138335 0.019402037938 0.999698404001 0.237933592476
0.874399826269 0.484738830329 -0.021287469202 10.428816471637 -0.485024728105 0.874430703719 -0.011041107255 -2.824657101563 0.013262370965 0.019979299900 0.999712370012 0.267239504500
0.850270887810 0.525936618257 -0.020738138265 11.268267786518 -0.526210821838 0.850284166808 -0.010906578183 -3.329575736435 0.011897136428 0.020186185298 0.999725445382 0.296333370225
0.824451293521 0.565527891675 -0.021408539172 12.079866821208 -0.565821574117 0.824449478420 -0.011359383223 -3.871836631439 0.011226210988 0.021478671807 0.999706228059 0.321646918533
0.796959212510 0.603553861238 -0.024057761826 12.859940858397 -0.603932369417 0.796921430367 -0.013489955231 -4.455787448712 0.011030234698 0.025280204162 0.999619557123 0.346422926975
0.768049360630 0.639909692864 -0.024815061634 13.609764584426 -0.640293669140 0.768030503832 -0.012372764181 -5.066028103203 0.011141272386 0.025391823446 0.999615435539 0.370630636990
0.737385215099 0.674903476646 -0.027718306796 14.326178254341 -0.675399571055 0.737287323879 -0.015580976036 -5.717550856514 0.009920709336 0.030210124969 0.999494361023 0.393245804588
0.705133640185 0.708515082377 -0.028157334640 15.011302187796 -0.709017921011 0.705022378852 -0.015395638488 -6.397184224069 0.008943522283 0.030820050270 0.999484880963 0.414571844903
0.670621508282 0.741259191219 -0.028314175951 15.664922483397 -0.741750939457 0.670526205644 -0.014147213423 -7.101213966101 0.008498647558 0.030489504892 0.999498886074 0.435710865672
0.634997354945 0.771813615476 -0.032895022561 16.276076738078 -0.772460375964 0.634880257666 -0.015236006478 -7.836294857054 0.009125043466 0.035084936175 0.999342687389 0.452368930385
0.598279324741 0.800573711276 -0.033818303931 16.854328882071 -0.801234944664 0.598190673346 -0.013798678070 -8.593462672861 0.009182946305 0.035351892423 0.999332701912 0.471067655058
0.560483953874 0.827355305053 -0.036619883472 17.392647096447 -0.828109595648 0.560410842909 -0.013198537191 -9.378518874262 0.009602301559 0.037722857862 0.999242103218 0.489360131795
0.521435741947 0.852199565465 -0.043134937689 17.891961191356 -0.853200907568 0.521447007238 -0.011883603017 -10.189743884191 0.012365383483 0.042999322070 0.998998550815 0.505575380776
0.482082725331 0.875001197403 -0.044375124356 18.356943807101 -0.876046867435 0.482099852084 -0.011025754759 -11.021093612584 0.011745697259 0.044190031482 0.998954022585 0.519645218576
0.443505793997 0.894987279100 -0.047963404699 18.785572231774 -0.896218626339 0.443425503696 -0.012884364049 -11.880780836154 0.009736869332 0.048700001117 0.998766002307 0.536101314460
0.406145684900 0.912400665921 -0.050702378452 19.176526197360 -0.913774138328 0.405984810291 -0.013898642558 -12.761560232300 0.007903274949 0.051975406073 0.998617104809 0.552946873287
0.370298846544 0.927389697867 -0.053170288212 19.537986936020 -0.928871236211 0.370215700172 -0.011770305522 -13.656385958644 0.008768816014 0.053746905153 0.998516053285 0.565513940534
0.336482711822 0.940148899333 -0.053846241376 19.868785041332 -0.941666734385 0.336322302991 -0.012286496371 -14.575896104589 0.006558558854 0.054839429689 0.998473585187 0.576722102799
0.303181144582 0.951371202101 -0.054534404684 20.172125723176 -0.952929920644 0.302827273159 -0.014840173584 -15.515636881502 0.002395994896 0.056466741699 0.998401582259 0.587408017676
0.270055607017 0.961276361575 -0.054934818508 20.443431861819 -0.962844520057 0.269649625688 -0.014813908918 -16.471015550405 0.000572891201 0.056894285822 0.998380067295 0.597264247024
0.237304249945 0.969988071297 -0.053007647803 20.687019073495 -0.971435078574 0.236992378559 -0.012185798681 -17.433577109170 0.000742335294 0.054385251587 0.998519771496 0.602396148243
0.205649257924 0.977183963151 -0.053102306331 20.899387884721 -0.978625316619 0.205394497430 -0.010269533236 -18.411494481664 0.000871700010 0.054079208128 0.998536244646 0.607013096077
0.174748776313 0.983096447004 -0.054628098237 21.079959495368 -0.984612919203 0.174454204099 -0.010151964520 -19.411009074214 -0.000450252018 0.055561598465 0.998455119588 0.611879308704
0.143964675561 0.987999906421 -0.055949563455 21.231850706061 -0.989579412458 0.143585966380 -0.010751934735 -20.426998782109 -0.002589327699 0.056914449836 0.998375658059 0.615107215267
0.113302550682 0.992075473198 -0.054303323270 21.357048203994 -0.993544188073 0.112818477258 -0.011908431267 -21.459098852556 -0.005687643055 0.055302029449 0.998453472060 0.616848626875
0.083602126892 0.994992308497 -0.054782453370 21.452891351869 -0.996471354476 0.083062419290 -0.012059974089 -22.507754982040 -0.007449211059 0.055597407774 0.998425473819 0.614309735296
0.055901599406 0.996785008362 -0.057399142325 21.514820015590 -0.998400607831 0.055321723706 -0.011643706676 -23.570335501349 -0.008430844130 0.057958266760 0.998283386888 0.608278465069
0.030384893744 0.997636135256 -0.061635482049 21.548513845184 -0.999494627990 0.029749498590 -0.011200724006 -24.647712148230 -0.009340618731 0.061944680113 0.998035837666 0.600556685393
0.007396965708 0.997793635095 -0.065978808750 21.555019515298 -0.999917750884 0.006689265135 -0.010940670030 -25.740153564886 -0.010475175621 0.066054329549 0.997760998156 0.591115178991
-0.013322030480 0.997316060228 -0.071994678097 21.536549912994 -0.999839728852 -0.014147373756 -0.010966107224 -26.844125029632 -0.011955201532 0.071837079533 0.997344734235 0.580844168559
-0.031223445146 0.996575336602 -0.076569147131 21.496012133165 -0.999411151197 -0.032218722143 -0.011797352249 -27.959721864833 -0.014223904195 0.076155729616 0.996994407289 0.569528784034
-0.047032528187 0.995691626795 -0.079913976221 21.438600822641 -0.998775002520 -0.048107581083 -0.011579930240 -29.087765911970 -0.015374503574 0.079271467225 0.996734469270 0.557027221809
-0.061545878541 0.994682977049 -0.082570735187 21.365314798324 -0.997952858287 -0.062766210279 -0.012263264645 -30.220861060070 -0.017380708311 0.081646973265 0.996509738820 0.543951743332
-0.074863754376 0.993738457934 -0.082941735494 21.279850751889 -0.996999349539 -0.076232159648 -0.013451671699 -31.360362064786 -0.019690272389 0.081685835095 0.996463544024 0.529389575575
-0.087254782447 0.992731711156 -0.082887981398 21.181012611694 -0.995967512804 -0.088675789064 -0.013612665705 -32.505621866178 -0.020863879646 0.081365992428 0.996465891511 0.513205331491
-0.098882312857 0.991644529415 -0.082845795390 21.066451209242 -0.994915327551 -0.100120649000 -0.010918410955 -33.661347286004 -0.019121750973 0.081344936847 0.996502581857 0.494279730208
-0.109501291815 0.990498844603 -0.083195559250 20.936682520607 -0.993852926181 -0.110474894381 -0.007176832958 -34.833912179455 -0.016299666131 0.081898302786 0.996507386196 0.473919417624
-0.119372484935 0.989286569937 -0.084037362203 20.791583124400 -0.992744099351 -0.120164701797 -0.004414241629 -36.028520383388 -0.014465273660 0.082900683916 0.996452786732 0.453244585658
-0.127087136755 0.988346620824 -0.083784682821 20.636203351025 -0.991793844013 -0.127805961404 -0.003249513519 -37.246447304427 -0.013919822626 0.082684181895 0.996478598158 0.433378395996
-0.133014960313 0.987611041231 -0.083256017669 20.470359081453 -0.991017356143 -0.133704687112 -0.002739241418 -38.487193453283 -0.013837018462 0.082143825393 0.996524447425 0.413396472500
-0.138307544739 0.986811701218 -0.084105797606 20.293992452247 -0.990306032525 -0.138897642142 -0.001177026706 -39.744032402128 -0.012843587693 0.083127675311 0.996456086881 0.393667940990
-0.142994399740 0.986225695859 -0.083135182168 20.109835830274 -0.989659778242 -0.143433134027 0.000703239717 -41.025601217251 -0.011230783479 0.082376127720 0.996538033767 0.373763080846
-0.147217242763 0.985591865642 -0.083281070236 19.915723071377 -0.989047874861 -0.147584158726 0.001767186684 -42.327041179747 -0.010549236503 0.082629160614 0.996524501489 0.355969690458
-0.150214728581 0.985146544691 -0.083197874365 19.714322057750 -0.988583938263 -0.150668713331 0.000830609264 -43.653244839951 -0.011717041675 0.082372879918 0.996532641912 0.339051604244
-0.152286999150 0.984744137211 -0.084188291321 19.505041126127 -0.988230374069 -0.152964472093 -0.001617842873 -45.002072934886 -0.014470969152 0.082951064507 0.996448571243 0.319711580220
-0.154463303157 0.984386891122 -0.084401541266 19.290938129230 -0.987874227868 -0.155234394531 -0.002610287340 -46.369344895153 -0.015671558685 0.082974958780 0.996428397688 0.297762131379
-0.156513947040 0.983874502301 -0.086570585013 19.069027837218 -0.987554412290 -0.157266239193 -0.001895894158 -47.756450884626 -0.015479941667 0.085196496539 0.996243886233 0.272875262741
-0.157570629004 0.983736405598 -0.086221645023 18.843599517654 -0.987393792541 -0.158276865278 -0.001373914578 -49.162849327648 -0.014998460140 0.084918264394 0.996274994282 0.248834620472
-0.158179049754 0.983465420212 -0.088176654868 18.610930419068 -0.987303720946 -0.158842639499 -0.000516086248 -50.592015973310 -0.014513754006 0.086975486359 0.996104689253 0.223450034995
-0.158312348685 0.983494068878 -0.087616948126 18.377306256976 -0.987290774108 -0.158924216349 -0.000007050281 -52.037048747276 -0.013931383414 0.086502326556 0.996154165034 0.200940768007
-0.157910192819 0.983571993680 -0.087467757190 18.140267799107 -0.987372642922 -0.158409946404 0.001242734814 -53.504732690369 -0.012633436671 0.086559555221 0.996166539222 0.180102331756
-0.156731234364 0.983731030947 -0.087798647305 17.900906725582 -0.987561786833 -0.157225761049 0.001297936882 -54.996115057310 -0.012527383652 0.086910118028 0.996137395413 0.159430237257
-0.155134042841 0.984049768825 -0.087060851124 17.661894008951 -0.987801434580 -0.155718512827 0.000079072552 -56.507381033109 -0.013479173921 0.086011163632 0.996202955668 0.140282874449
-0.154070113148 0.984140158955 -0.087924399487 17.419633616442 -0.987977423229 -0.154595699779 0.000840961471 -58.040058373600 -0.012765099854 0.086996900351 0.996126812927 0.119139069200
-0.152952759743 0.984333829131 -0.087705913373 17.178483571661 -0.988163635306 -0.153393595666 0.001731604562 -59.590259496587 -0.011749040388 0.086932650367 0.996144855409 0.097256252146
-0.152050733458 0.984392028592 -0.088617467362 16.933331179010 -0.988309889708 -0.152439133540 0.002407260896 -61.169447743543 -0.011139082510 0.087947561531 0.996062766998 0.077711451551
-0.151006309882 0.984592120511 -0.088178297877 16.688427548648 -0.988471106363 -0.151391077198 0.002347357161 -62.765717376234 -0.011038206228 0.087516149757 0.996101887080 0.058922078587
-0.149882855311 0.984579244978 -0.090215733939 16.439345284024 -0.988618812367 -0.150440366293 0.000627556027 -64.381584143849 -0.012954199473 0.089283031889 0.995922021604 0.040285637736
-0.149017542879 0.984566831294 -0.091770955731 16.188389080323 -0.988723201556 -0.149750399240 -0.001113982424 -66.012914785129 -0.014839520856 0.090570040152 0.995779542120 0.021103265181
-0.148289398669 0.984539286934 -0.093234759297 15.938735374377 -0.988838283163 -0.148991125191 -0.000572581718 -67.653684844343 -0.014454878247 0.092109199373 0.995643923859 0.000265291374
-0.147457111005 0.984466168720 -0.095303808134 15.685399680063 -0.988991001265 -0.147964722351 0.001758041170 -69.311388922585 -0.012370856149 0.094513802947 0.995446633356 -0.019012839291
-0.146787924552 0.984633302545 -0.094607357616 15.435768259181 -0.989088943304 -0.147311985423 0.001459771901 -70.983424107261 -0.012499453454 0.093789452193 0.995513609975 -0.034691847554
-0.146544113275 0.984625934095 -0.095060786412 15.182967513176 -0.989119882361 -0.147107621148 0.001091517293 -72.669555758022 -0.012909428661 0.094186466796 0.995470834423 -0.050773977946
-0.146164597895 0.984726787177 -0.094600033475 14.930317245319 -0.989156307911 -0.146865343475 -0.000449760289 -74.376867580319 -0.014336356637 0.093508539947 0.995515241370 -0.068347653831
-0.145783562090 0.984605461566 -0.096432724280 14.672792207080 -0.989213181048 -0.146482392587 -0.000168796155 -76.095871099631 -0.014291879901 0.095367946084 0.995339454677 -0.088890260198
-0.145783572117 0.984540328466 -0.097095496804 14.415270357193 -0.989214451526 -0.146474044699 0.000017454724 -77.832109161472 -0.014204773956 0.096050854622 0.995275016816 -0.108453012930
-0.145873713536 0.984492988452 -0.097439581077 14.154441806015 -0.989214461539 -0.146470208252 0.001042604913 -79.584163819432 -0.013245543968 0.096540744375 0.995240921788 -0.128097171599
-0.146280303857 0.984495046335 -0.096807207807 13.893918860794 -0.989164069989 -0.146804070852 0.001728587698 -81.346560710722 -0.012509906688 0.096011113973 0.995301574708 -0.145909891670
-0.147431382235 0.984437248385 -0.095641718729 13.629653226150 -0.988997220992 -0.147920626004 0.001993731212 -83.123242012502 -0.012184673305 0.094883381798 0.995413808239 -0.161669593310
-0.148685419659 0.984318796271 -0.094916603039 13.361517447264 -0.988818734741 -0.149095880233 0.002792565522 -84.913939070646 -0.011402901454 0.094270576838 0.995481299893 -0.176373123257
-0.149628679911 0.984277254268 -0.093859777449 13.089726776442 -0.988669989728 -0.150089765122 0.002168549112 -86.725693310475 -0.011952935332 0.093120876155 0.995583045033 -0.191225520934
-0.150557184933 0.984112900658 -0.094097382870 12.812055801768 -0.988521179182 -0.151073184871 0.001657364524 -88.547905158220 -0.012584542914 0.093266808181 0.995561569804 -0.208368031247
-0.150907213610 0.984293657154 -0.091613894839 12.533233010355 -0.988458964258 -0.151487356491 0.000628540933 -90.387156163929 -0.013259668234 0.090651434762 0.995794370100 -0.226657701953
-0.152405404405 0.984096584158 -0.091249785190 12.247096447102 -0.988241721855 -0.152889754458 0.001699747998 -92.236717743303 -0.012278438539 0.090435906136 0.995826558863 -0.246823355734
-0.155147439750 0.983787468153 -0.089952491870 11.956808541479 -0.987829761889 -0.155509785062 0.003009480494 -94.104865467198 -0.011027791850 0.089324666562 0.995941524812 -0.266294856858
-0.158930323851 0.983111905883 -0.090731599268 11.656781619860 -0.987221946132 -0.159323930805 0.002934710662 -95.984718435883 -0.011570563355 0.090038645411 0.995871054656 -0.286223648491
-0.163581577166 0.982549448590 -0.088530259302 11.350558081722 -0.986455303399 -0.164011724896 0.002443009095 -97.875194868825 -0.012119611711 0.087730783506 0.996070502062 -0.301156679156
-0.168327244772 0.981931893420 -0.086462913120 11.033729372461 -0.985640706035 -0.168851399797 0.001267368255 -99.774461976074 -0.013354916349 0.085434688765 0.996254244569 -0.315685585562
-0.173135957571 0.981196918943 -0.085302781030 10.706033838599 -0.984820233843 -0.173559258698 0.002485150254 -101.677375711026 -0.012366667919 0.084438180485 0.996351916269 -0.330078451375
-0.177915439085 0.980314985852 -0.085608037043 10.364434756260 -0.983978210634 -0.178247997478 0.003805725962 -103.592191149537 -0.011528647698 0.084913583253 0.996321636563 -0.345021815580
-0.182662421647 0.979492330588 -0.085024860630 10.012178025519 -0.983123197820 -0.182861919924 0.005502140530 -105.513722575902 -0.010158500657 0.084595006598 0.996363641571 -0.356489909256
-0.187539628541 0.978674134827 -0.083820100511 9.649292227883 -0.982210098604 -0.187680729480 0.006263805736 -107.447951118657 -0.009601192651 0.083503677147 0.996461158021 -0.365219315804
-0.192427355083 0.977891928053 -0.081848184398 9.276886032201 -0.981251512776 -0.192664859293 0.005062064493 -109.391997890952 -0.010819113917 0.081287764948 0.996631914377 -0.374893938896
-0.197773652110 0.976978204810 -0.079994918276 8.894440076856 -0.980184863173 -0.198025002098 0.004858178937 -111.344817327732 -0.011094654562 0.079370658513 0.996783454208 -0.386285269301
-0.203301957747 0.975906182689 -0.079217981540 8.497221877493 -0.979038480164 -0.203637949889 0.003900142097 -113.306295314000 -0.012325612318 0.078350376114 0.996849707635 -0.399446759547
-0.208780227942 0.974748138025 -0.079227054055 8.086914096871 -0.977877090205 -0.209146444042 0.003739753619 -115.273123833007 -0.012924740572 0.078255137600 0.996849571983 -0.414461224522
-0.214320889765 0.973518563420 -0.079550399974 7.662070626029 -0.976687934434 -0.214603794698 0.005076379232 -117.243980885295 -0.012129870148 0.078783922264 0.996817884463 -0.430018795960
-0.220081046662 0.972277606218 -0.078997159916 7.225959120105 -0.975413138179 -0.220301803506 0.006019085931 -119.222595524575 -0.011550994570 0.078379579179 0.996856650168 -0.445201122384
-0.225973600144 0.970883380585 -0.079507858109 6.771433405232 -0.974056980137 -0.226224349918 0.005958500332 -121.213008463274 -0.012201604028 0.078791669777 0.996816450062 -0.459114018627
-0.231572322761 0.969644776493 -0.078506718524 6.305992508474 -0.972741786737 -0.231806650729 0.006241302159 -123.209194729187 -0.012146529421 0.077812115948 0.996893973490 -0.472794988776
-0.236749353708 0.968440692484 -0.077925767439 5.828648841429 -0.971495084496 -0.236968969010 0.006550473835 -125.207443915391 -0.012122242877 0.077255344167 0.996937622718 -0.488432884860
-0.241943592207 0.967259118794 -0.076636454982 5.338568418111 -0.970214670344 -0.242154697051 0.006667360530 -127.217530776612 -0.012108807326 0.075966966514 0.997036789258 -0.502724185756
-0.246338756367 0.966013241368 -0.078330757371 4.831855466841 -0.969098992228 -0.246580259694 0.006726762481 -129.229556141061 -0.012816674419 0.077567343689 0.996904716061 -0.518639936486
-0.250086502569 0.964877378925 -0.080426956522 4.311480260347 -0.968109237555 -0.250468886011 0.005462459256 -131.252997704030 -0.014873838720 0.079228183953 0.996745488580 -0.536822553675
-0.253770304675 0.963815403593 -0.081612170535 3.781359471575 -0.967159208375 -0.254082526283 0.006710427076 -133.278684246200 -0.014268615905 0.080634893500 0.996641530958 -0.556185672051
-0.256845446365 0.962981873256 -0.081831453353 3.241859990754 -0.966348520669 -0.257137365190 0.007132189436 -135.314173902281 -0.014173742865 0.080909600496 0.996620611555 -0.575482082781
-0.260237263670 0.962141386907 -0.080997299793 2.694769960056 -0.965436274067 -0.260547758739 0.006898283249 -137.355939953157 -0.014466544292 0.079992950627 0.996690422409 -0.594387461865
-0.264190028447 0.961176364472 -0.079646856042 2.138137129979 -0.964365143236 -0.264480090310 0.007077100494 -139.411133699679 -0.014262658179 0.078678376107 0.996798018757 -0.614183721547
-0.268729636834 0.960046795096 -0.078068030811 1.573253409669 -0.963122806687 -0.268945053532 0.007940298317 -141.462370958877 -0.013372951035 0.077322915318 0.996916390367 -0.631397881231
-0.273178667846 0.958857548520 -0.077237503272 0.994879181977 -0.961865480406 -0.273413620006 0.007723340909 -143.525272996424 -0.013712191454 0.076401963328 0.996982787852 -0.649055905359
-0.277760551276 0.957527844937 -0.077391484056 0.404086281324 -0.960549144489 -0.277997716829 0.007910298035 -145.594966343536 -0.013940319935 0.076535512881 0.996969368105 -0.667980387620
-0.282293325394 0.956252689879 -0.076754689401 -0.197268503082 -0.959231030004 -0.282498306720 0.008401044498 -147.664255121730 -0.013649551198 0.075997063865 0.997014632113 -0.686017682015
-0.286878601688 0.954925948939 -0.076270367025 -0.811224826345 -0.957873155462 -0.287053828096 0.008893087563 -149.741169363150 -0.013401456245 0.075608597018 0.997047529784 -0.703093268466
-0.290987243300 0.953681611565 -0.076274697813 -1.440404317719 -0.956613480108 -0.291254240473 0.007847451482 -151.831832258941 -0.014731350156 0.075248930861 0.997055983773 -0.721194620429
-0.295211554908 0.952331210000 -0.076911245470 -2.079208007578 -0.955310644085 -0.295498674496 0.007881343852 -153.916846744438 -0.015221514458 0.075800819621 0.997006729404 -0.740118456584
-0.299172001324 0.951020876079 -0.077816552932 -2.731731352242 -0.954077206168 -0.299441385131 0.008457728823 -156.011507164852 -0.015258017749 0.076773340000 0.996931786455 -0.759914686292
-0.302853337304 0.949869431702 -0.077640054748 -3.393610298590 -0.952928295425 -0.303043215626 0.009609212693 -158.110110241149 -0.014400799899 0.076895616391 0.996935152930 -0.780047734851
-0.306613789463 0.948670881657 -0.077534612432 -4.065508025782 -0.951749764974 -0.306651091791 0.011720177201 -160.210880122151 -0.012657473845 0.077387146178 0.996920781254 -0.799485184796
-0.310061892696 0.947506804765 -0.078055157738 -4.750319016832 -0.950633312061 -0.310072865532 0.012287077918 -162.325234246701 -0.012560686614 0.078011624082 0.996873258228 -0.816991364119
-0.313497029291 0.946414778117 -0.077580865324 -5.445008721012 -0.949514506092 -0.313448679323 0.013116975495 -164.441997567791 -0.011903519198 0.077776316095 0.996899708614 -0.832254943195
-0.317003042070 0.945260096420 -0.077410422768 -6.149204068848 -0.948348093419 -0.316955675664 0.013223861410 -166.564621089147 -0.012035682304 0.077604055649 0.996911617734 -0.847301433459
-0.320981445269 0.943912213193 -0.077464255606 -6.863923038263 -0.947003032025 -0.320957241859 0.013102700359 -168.693312904372 -0.012494912289 0.077564637596 0.996908987128 -0.863124137388
-0.324766436197 0.942496995589 -0.078905746017 -7.593621702709 -0.945703396016 -0.324758927681 0.013287650878 -170.827378845985 -0.013101774870 0.078936840531 0.996793463878 -0.878850563923
-0.328035123131 0.941174865431 -0.081135070398 -8.334925802370 -0.944572930979 -0.327993152237 0.014226734081 -172.965342381496 -0.013221893249 0.081304891847 0.996601575368 -0.895846034769
-0.330736672908 0.940149863878 -0.082045188947 -9.085059195268 -0.943615727869 -0.330758197282 0.013725485696 -175.107918767016 -0.014233093946 0.081958670103 0.996534070189 -0.914589501339
-0.333354528465 0.939216092606 -0.082146475455 -9.843874270912 -0.942680069729 -0.333442451169 0.013051393822 -177.258890847906 -0.015133048792 0.081788616078 0.996534779634 -0.934708635553
-0.336118113160 0.938332466360 -0.080974823546 -10.609466266352 -0.941699471160 -0.336204936404 0.012970242740 -179.413941715207 -0.015053733525 0.080613510917 0.996631749564 -0.955732435840
-0.339272679651 0.937331046162 -0.079400815052 -11.384228929527 -0.940596805824 -0.339204419824 0.014761698001 -181.573343236982 -0.013096491961 0.079692425695 0.996733399475 -0.975628562786
-0.342659586974 0.936154372386 -0.078735988844 -12.169921224956 -0.939385611992 -0.342479277732 0.016206797979 -183.740517706303 -0.011793367055 0.079516892846 0.996763764706 -0.993631582136
-0.345972669840 0.935115912219 -0.076558624094 -12.966000316913 -0.938189958078 -0.345678753069 0.017482251253 -185.914151753667 -0.010116759377 0.077874937762 0.996911822908 -1.005476226358
-0.349410120526 0.933981841329 -0.074769838709 -13.771431501836 -0.936932067541 -0.348998115793 0.018934757744 -188.088904198959 -0.008409812518 0.076670283884 0.997021036319 -1.016735015886
-0.353161932534 0.932502047798 -0.075608462509 -14.588919411358 -0.935518660341 -0.352769780383 0.018928027054 -190.265197657146 -0.009021951398 0.077417814080 0.996957912917 -1.026904965812
-0.356646826713 0.931212080187 -0.075146859494 -15.420775366405 -0.934182468483 -0.356356329704 0.017696898694 -192.455251194401 -0.010299493519 0.076512445531 0.997015456417 -1.035746203295
-0.360300733564 0.929805372974 -0.075136212297 -16.263137151859 -0.932767461328 -0.360081396817 0.016918493596 -194.648386377935 -0.011324249002 0.076180384778 0.997029730380 -1.047387653699
-0.364191717954 0.928264855566 -0.075423931272 -17.115306233586 -0.931250428113 -0.363984389510 0.016968350655 -196.841202277298 -0.011702002619 0.076418338575 0.997007107464 -1.060290894937
-0.367657750254 0.926984276270 -0.074349681710 -17.980754810162 -0.929890186018 -0.367440480989 0.017079472410 -199.044769942881 -0.011486675519 0.075416466082 0.997085931243 -1.073369828035
-0.371443842216 0.925574165832 -0.073089012645 -18.848284397983 -0.928392279624 -0.371183789787 0.017615430454 -201.230174865895 -0.010825061666 0.074398440337 0.997169832003 -1.084430983850
-0.374685735441 0.924269250898 -0.073054968094 -19.736470361876 -0.927085911389 -0.374433831571 0.017632930429 -203.438767537327 -0.011056680332 0.074335068448 0.997171967012 -1.093912758037
-0.377522931403 0.923045100224 -0.073920471558 -20.627363290907 -0.925934278491 -0.377243997607 0.018239086766 -205.628288716241 -0.011050555001 0.075331200727 0.997097329011 -1.102056101570
-0.380041650398 0.921904271399 -0.075239449567 -21.535156530146 -0.924896072616 -0.379775874433 0.018369447555 -207.826800271286 -0.011639246658 0.076569859545 0.996996224831 -1.110962467261
-0.382682682050 0.920713019627 -0.076430099457 -22.450819407334 -0.923792844605 -0.382469986997 0.017983288381 -210.027339654850 -0.012674769335 0.077487495963 0.996912769048 -1.122894433469
-0.385216136333 0.919583504479 -0.077296047563 -23.374191807107 -0.922739589044 -0.384974685731 0.018601891823 -212.227801348183 -0.012651015824 0.078489902939 0.996834622064 -1.136090655409
-0.387825526371 0.918481600608 -0.077349798802 -24.300413612103 -0.921656853966 -0.387502791521 0.019753498324 -214.423748312241 -0.011830041358 0.078950911129 0.996808317892 -1.148870079940
-0.390591148114 0.917376726711 -0.076540498917 -25.236915629835 -0.920490910494 -0.390257135752 0.019895806912 -216.626409066745 -0.011618531772 0.078225982199 0.996867883867 -1.158324545929
-0.393383431516 0.916260524651 -0.075604960550 -26.184993300534 -0.919311879962 -0.392983575857 0.020723614292 -218.840955941421 -0.010723271538 0.077656895167 0.996922407372 -1.166019688134
-0.396353512975 0.915018097697 -0.075138367955 -27.130282923459 -0.918046209426 -0.395870757217 0.021852717043 -221.031528475290 -0.009749436348 0.077641920318 0.996933570193 -1.171574657240
-0.398806018536 0.914118169728 -0.073087264611 -28.085037312677 -0.916989763357 -0.398311647983 0.021853694617 -223.231923653160 -0.009134638143 0.075735679524 0.997086066518 -1.174441299530
-0.401763858305 0.912819776406 -0.073115457527 -29.050555606886 -0.915700590800 -0.401233487116 0.022451688186 -225.432274976549 -0.008842016785 0.075972168023 0.997070745421 -1.175750065118
-0.404291621357 0.911530256245 -0.075239473479 -30.024730074583 -0.914573935595 -0.403808209767 0.022212603703 -227.627425239121 -0.010134852653 0.077792464479 0.996918031124 -1.176608492562
-0.406760094651 0.910396638977 -0.075658784229 -31.005422556791 -0.913466761295 -0.406344697166 0.021503890526 -229.825276835113 -0.011166479231 0.077858733171 0.996901891817 -1.180260313222
-0.409866739165 0.909048219325 -0.075103599462 -31.990394849226 -0.912066495894 -0.409522353599 0.020641952938 -232.018991062399 -0.011992062233 0.076959963141 0.996961992765 -1.189003137075
-0.412931095336 0.907777770845 -0.073671929020 -32.981182008541 -0.910691207001 -0.412556167850 0.020950588289 -234.209231905340 -0.011375326852 0.075743550297 0.997062463187 -1.198293729481
-0.416270966863 0.906364576171 -0.072262113698 -33.982199448859 -0.909166411925 -0.415935188269 0.020352158354 -236.402588152464 -0.011609886377 0.074170319635 0.997177955132 -1.205815199209
-0.419626873422 0.904875549876 -0.071509704587 -34.988609502791 -0.907611179491 -0.419364482450 0.019373658292 -238.589970148696 -0.012457880394 0.073032747372 0.997251755872 -1.214042720449
-0.423179668621 0.903268151523 -0.070892175370 -36.004612784208 -0.905959978965 -0.422918720588 0.019394929934 -240.774129433768 -0.012462801888 0.072433044814 0.997295389209 -1.222503465828
-0.426774217204 0.901626501343 -0.070239017169 -37.027737701537 -0.904265616001 -0.426552796673 0.018878240684 -242.951932924477 -0.012939533258 0.071571499854 0.997351513877 -1.231125269183
-0.430685228437 0.899827995838 -0.069425505703 -38.058031316113 -0.902418812291 -0.430414919513 0.019576847685 -245.123423635467 -0.012265977951 0.071082359373 0.997395047950 -1.239388799949
-0.434717791248 0.897950156521 -0.068600711544 -39.096718377106 -0.900473388683 -0.434506661321 0.018754053700 -247.291815889375 -0.012967251945 0.069925858993 0.997467852569 -1.249596891528
-0.438554678362 0.896092037645 -0.068476186834 -40.146322193699 -0.898608587308 -0.438346387764 0.018843040401 -249.452338842684 -0.013131195604 0.069797010672 0.997474766126 -1.259458346124
-0.442113144748 0.894319486760 -0.068765519700 -41.207029439947 -0.896870392494 -0.441847087192 0.019862186593 -251.611785549378 -0.012620705258 0.070455117920 0.997435131939 -1.268000696462
-0.445730640666 0.892552038477 -0.068374376730 -42.272429626775 -0.895075374864 -0.445476550386 0.019766697758 -253.760000213339 -0.012816371632 0.070010859257 0.997463891052 -1.278131757967
-0.449388149983 0.890798337159 -0.067294730462 -43.346990003479 -0.893249583395 -0.449118728002 0.019936695143 -255.913898313764 -0.012463745875 0.069070321505 0.997533877985 -1.290267124087
-0.452993633714 0.888974897192 -0.067234436973 -44.432490432929 -0.891420611504 -0.452746312215 0.019749065566 -258.067514839654 -0.012883709241 0.068880391161 0.997541745929 -1.303048528758
-0.456501133542 0.887156274781 -0.067530694241 -45.526902668928 -0.889634032336 -0.456210958536 0.020563444358 -260.217951601398 -0.012565251815 0.069464865201 0.997505192078 -1.317631232044
-0.460074216983 0.885223391273 -0.068638373892 -46.634930689932 -0.887793534122 -0.459734155814 0.021613244943 -262.366800809320 -0.012422841039 0.070880427453 0.997407472796 -1.331720466646
-0.463430901803 0.883354062633 -0.070124624576 -47.749219693489 -0.886056286789 -0.462978673334 0.023556276793 -264.509186845906 -0.011657677956 0.073051101887 0.997260075137 -1.343766777509
-0.466358597272 0.881761013446 -0.070760881735 -48.881928614707 -0.884521054337 -0.465864077574 0.024354014663 -266.668090221646 -0.011490530286 0.073947218147 0.997195974846 -1.354710066905
-0.469410508548 0.880050611610 -0.071866293529 -50.013610857996 -0.882918073361 -0.468784363063 0.026398202001 -268.802431253680 -0.010458041817 0.075843670081 0.997064871611 -1.367280258676
-0.472235017952 0.878460289960 -0.072811887673 -51.164415557423 -0.881425676606 -0.471448937219 0.028716700824 -270.952126468089 -0.009100597445 0.077739334203 0.996932155171 -1.380423309979
-0.475086097451 0.876872435282 -0.073402310651 -52.330014427655 -0.879893274573 -0.474257998022 0.029445962766 -273.110424638781 -0.008991277556 0.078575596543 0.996867595474 -1.393997165639
-0.478388831016 0.875055209223 -0.073637548890 -53.502591838760 -0.878107814489 -0.477484991075 0.030573547284 -275.266563561198 -0.008407275407 0.079287782752 0.996816322091 -1.409990238866
-0.481649241990 0.873362056166 -0.072475337314 -54.691669323216 -0.876326468512 -0.480744277352 0.030606836222 -277.438576426909 -0.008111256247 0.078253843357 0.996900419342 -1.425215264876
-0.485014909811 0.871470257529 -0.072801816166 -55.891837125804 -0.874472653215 -0.484038473858 0.031690923210 -279.608863209201 -0.007621176883 0.079033793708 0.996842783670 -1.439642636885
-0.488345167199 0.869708228165 -0.071600227698 -57.108865894802 -0.872621741156 -0.487349450032 0.031966141607 -281.799428038877 -0.007093110557 0.078090441214 0.996921017231 -1.450962898561
-0.491106546437 0.868291920570 -0.069881714729 -58.325396478999 -0.871074048284 -0.490122363398 0.031781254206 -283.972134267606 -0.006655177533 0.076480155593 0.997048909835 -1.460901880789
-0.493856904517 0.866634571644 -0.071062873251 -59.560774534673 -0.869512571716 -0.492872621338 0.032005616201 -286.157025287861 -0.007287766873 0.077596285365 0.996958225855 -1.471047047657
-0.495859331151 0.865335079810 -0.072929293129 -60.814751968864 -0.868362318563 -0.494896147967 0.032011362101 -288.355694099147 -0.008391871147 0.079202208694 0.996823179118 -1.482847525642
-0.497896292684 0.864092497367 -0.073779391764 -62.077628050496 -0.867188895212 -0.496956136926 0.031906342068 -290.556760648694 -0.009095091888 0.079866742139 0.996764029609 -1.497193508032
-0.500090858270 0.862822470677 -0.073801332427 -63.350200194269 -0.865922760565 -0.499159544653 0.031897827677 -292.769939413222 -0.009316465451 0.079858098778 0.996762702923 -1.513617748506
-0.502321488127 0.861549127243 -0.073527332736 -64.631461698560 -0.864623104881 -0.501451367898 0.031197624229 -294.983464419257 -0.009992092608 0.079244699493 0.996805056024 -1.530802773960
-0.504858134312 0.859971132008 -0.074619131258 -65.928862585087 -0.863133914355 -0.504016638577 0.031098206084 -297.210305218446 -0.010865718411 0.080106507493 0.996727072890 -1.549922150555
-0.506986949162 0.858664938512 -0.075224822753 -67.230927976020 -0.861878612884 -0.506160273755 0.031096090354 -299.432254167764 -0.011374690296 0.080600002246 0.996681622917 -1.571020323029
-0.509019854244 0.857536533936 -0.074363696408 -68.546253883052 -0.860690707932 -0.508132540440 0.031823145681 -301.667054483854 -0.010497106425 0.080202789747 0.996723294684 -1.591553937419
-0.511450649561 0.856258816876 -0.072380859784 -69.870626362987 -0.859277149215 -0.510377164791 0.034028383579 -303.905660759483 -0.007804437682 0.079599085238 0.996796414353 -1.610630232082
-0.514680621818 0.854438800054 -0.070980999484 -71.208657306725 -0.857344226075 -0.513667960442 0.033258232052 -306.152031005251 -0.008043534234 0.077972541986 0.996923082261 -1.625522064553
-0.518940428454 0.851995988829 -0.069308709785 -72.558752627169 -0.854755698141 -0.518116165555 0.030795552658 -308.407598559498 -0.009672274244 0.075223091238 0.997119794009 -1.641003203998
-0.523616736737 0.849238049667 -0.067972295016 -73.924840291926 -0.851876630946 -0.522975083410 0.028343073120 -310.667136366891 -0.011477799121 0.072744939486 0.997284520147 -1.659603884497
-0.528246713446 0.846415507685 -0.067351556927 -75.310265657789 -0.848994262315 -0.527718709377 0.026863228766 -312.927290353409 -0.012805219077 0.071371525971 0.997367622823 -1.682917417908
-0.532604691005 0.843656246687 -0.067649704528 -76.715297628438 -0.846263572079 -0.532069421127 0.027203496921 -315.183685724559 -0.013043942558 0.071738219449 0.997338212132 -1.708479943917
-0.536813978112 0.840823809502 -0.069613478539 -78.135998634108 -0.843592525790 -0.536235683689 0.028335689218 -317.437990256881 -0.013503900300 0.073936433755 0.997171461801 -1.738092321269
-0.540617853222 0.838298886103 -0.070620780192 -79.576943152006 -0.841161417240 -0.539978821388 0.029500196664 -319.696244910879 -0.013403745953 0.075351843846 0.997066874610 -1.765645056122
-0.544243243440 0.835899624861 -0.071212287022 -81.034472707346 -0.838808342213 -0.543632116718 0.029404278152 -321.959965162785 -0.014134252657 0.075736570119 0.997027660158 -1.791572093580
-0.548008597699 0.833302723775 -0.072753146459 -82.500598507405 -0.836306163130 -0.547558471664 0.027780211291 -324.215424585507 -0.016687277941 0.076067731077 0.996962969363 -1.816572325667
-0.551791560040 0.830866940070 -0.072015269364 -83.978247895420 -0.833791685778 -0.551449715283 0.026354831017 -326.467373364984 -0.017815438460 0.074588138644 0.997055275323 -1.842931445489
-0.555531111040 0.828433691011 -0.071294114422 -85.464842363444 -0.831303523872 -0.555200548920 0.026204454252 -328.711525074849 -0.017873879674 0.073824465274 0.997111059960 -1.872027288692
-0.559493681132 0.825766705593 -0.071247549066 -86.965127617313 -0.828623162905 -0.559221941070 0.025581662137 -330.955063249771 -0.018718716454 0.073350181775 0.997130522202 -1.901525290625
-0.563488893287 0.822866732701 -0.073284424308 -88.479539773579 -0.825864797152 -0.563311789441 0.025042001485 -333.192699893858 -0.020675744065 0.074633936812 0.996996582729 -1.933928003728
-0.567347933110 0.820151234504 -0.073948101521 -90.005200744624 -0.823204796460 -0.567181799464 0.025271715040 -335.423250156748 -0.021215388133 0.075212310647 0.996941832573 -1.968788786393
-0.570937253356 0.817781454181 -0.072553758788 -91.540621732164 -0.820710366250 -0.570828438439 0.024276287735 -337.650090078057 -0.021563050986 0.073405891559 0.997068991795 -2.007736473821
-0.574334186179 0.815363793973 -0.072953015890 -93.087554680513 -0.818292879110 -0.574342174295 0.022972726145 -339.868394326026 -0.023168865178 0.072890980714 0.997070760474 -2.050466835123
-0.577191206854 0.813254147122 -0.073945143904 -94.650974615069 -0.816231506221 -0.577307300387 0.021964456950 -342.088656179679 -0.024826386800 0.073034078431 0.997020407241 -2.095979632726
-0.579965683964 0.811458298461 -0.071939445649 -96.220513584129 -0.814277193430 -0.580080430734 0.021431602344 -344.303655405240 -0.024339811704 0.071008263693 0.997178714698 -2.142745914544
-0.582891041234 0.809723394190 -0.067720091410 -97.794527413844 -0.812226743337 -0.582983621570 0.020441142200 -346.516519790557 -0.022928021616 0.066919058907 0.997494962804 -2.188810606662
-0.585972235161 0.807750429010 -0.064619761065 -99.378942989328 -0.810030786305 -0.586060619965 0.019574411330 -348.726937131890 -0.022059853607 0.063814079868 0.997717955126 -2.233335970084
-0.588963100212 0.805655857147 -0.063569230029 -100.970076323263 -0.807800480661 -0.589222773317 0.016580809180 -350.927310424723 -0.024098006053 0.061116763316 0.997839673529 -2.274186104130
-0.591927121467 0.803379742682 -0.064832862288 -102.581004028971 -0.805577369629 -0.592283939255 0.015644715960 -353.129745335646 -0.025830808998 0.061488441815 0.997773460722 -2.318551310533
-0.594966912187 0.801191884786 -0.064077101421 -104.193108636247 -0.803340086132 -0.595316963266 0.015570506675 -355.319727305220 -0.025671224162 0.060739666882 0.997823475453 -2.364518883058
-0.597863928001 0.799170005757 -0.062337244289 -105.815575388554 -0.801221433412 -0.598155787959 0.015933273010 -357.502081479108 -0.024553996025 0.059471878605 0.997927915960 -2.407129570240
-0.600834137849 0.796970338043 -0.061940975931 -107.451018502183 -0.798882335300 -0.601375997842 0.011575063863 -359.689550709354 -0.028024827236 0.056438265003 0.998012635691 -2.451491242308
-0.603834777227 0.794799493277 -0.060640773840 -109.088086149024 -0.796563262074 -0.604488200348 0.008999681267 -361.862325965975 -0.029503684333 0.053738546952 0.998119077575 -2.507175158208
-0.606816561647 0.792565700088 -0.060110088000 -110.733027699628 -0.794300594329 -0.607457251318 0.009066618999 -364.029813349025 -0.029328419817 0.053247283081 0.998150512964 -2.566333657052
