0.999999900002 -0.000000000070 0.000000000481 0.000000029206 -0.000000000070 1.000000000000 0.000000000009 0.000000000021 0.000000000481 0.000000000009 0.999999999998 -0.000000000140
0.999995618218 -0.001303453515 0.002652941552 1.529292923690 0.001309366867 0.999996674707 -0.002228324744 -0.005553064977 -0.002650028410 0.002231789064 0.999994007075 0.020209530591
0.999989756641 -0.002821903502 0.003522626843 3.052934422367 0.002832565417 0.999991424313 -0.003025731137 -0.005663517734 -0.003514057596 0.003035678911 0.999989219046 0.039141516115
0.999986262129 -0.004208881645 0.003115868313 4.566966015186 0.004215614466 0.999988796687 -0.002157491077 -0.003113935668 -0.003106752879 0.002170597749 0.999992841184 0.056372491145
0.999978961005 -0.005653398065 0.003152154582 6.080169099762 0.005658347837 0.999982857492 -0.001563916967 0.006968948392 -0.003143258339 0.001581721857 0.999993781504 0.067883239050
0.999969380343 -0.006937566914 0.003597961357 7.616172690594 0.006943625908 0.999974499922 -0.001674307951 0.018949016018 -0.003586253490 0.001699239741 0.999992119735 0.077758968129
0.999956506613 -0.008527239424 0.003767105112 9.100097700274 0.008534065108 0.999962041778 -0.001799646661 0.032308801823 -0.003751617375 0.001831719059 0.999991251609 0.088743933572
0.999942861085 -0.010274757318 0.002927437280 10.600366244477 0.010285298197 0.999940659689 -0.003609120330 0.045345185465 -0.002890180661 0.003639026664 0.999989179226 0.099216259028
0.999927293041 -0.011615209297 0.003226383154 12.095321793056 0.011630606597 0.999920902136 -0.004795927358 0.062622633976 -0.003170423017 0.004833105393 0.999983304824 0.103339373898
0.999911340583 -0.012886016363 0.003333292157 13.588531332551 0.012902079533 0.999905057783 -0.004841937278 0.082850474160 -0.003270582424 0.004884516434 0.999982701635 0.109523196456
0.999896730252 -0.014057264273 0.002957772337 15.077159161010 0.014069990226 0.999891666627 -0.004329623035 0.108934987432 -0.002896589957 0.004370794297 0.999986203121 0.118006165366
0.999887679049 -0.014554980048 0.003567385819 16.561764158420 0.014564745891 0.999890280214 -0.002727436272 0.139971406045 -0.003527296532 0.002779089680 0.999989940737 0.132055722552
0.999878021037 -0.015021228927 0.004260010549 18.044323691673 0.015026297263 0.999886479075 -0.001160286994 0.174867572673 -0.004242097882 0.001224160167 0.999990199887 0.144916887452
0.999865313206 -0.015613077316 0.005054549064 19.518101955583 0.015613963247 0.999878155369 -0.000135463220 0.208370178012 -0.005051818002 0.000214367477 0.999987231425 0.158245650114
0.999857313944 -0.016050682226 0.005256721520 20.991444466464 0.016051625941 0.999871210903 -0.000137594843 0.241653974692 -0.005253836855 0.000221955038 0.999986175154 0.165454393784
0.999848560577 -0.016558107162 0.005345764660 22.453461941636 0.016556612200 0.999862875397 0.000323683772 0.271310862047 -0.005350392202 -0.000235127187 0.999985664026 0.169912083315
0.999844581938 -0.016608949163 0.005908636417 23.910610509396 0.016603311683 0.999861695307 0.001001704980 0.301857840898 -0.005924457329 -0.000903445420 0.999982022755 0.173274395520
0.999837375581 -0.016601282888 0.007039894319 25.363014333571 0.016588058210 0.999860540251 0.001932969326 0.333388365440 -0.007071004857 -0.001815876251 0.999973284168 0.178503031502
0.999843936948 -0.016535229797 0.006208477069 26.804034083797 0.016521472521 0.999860954242 0.002260325455 0.363725676623 -0.006244990042 -0.002157399063 0.999978108810 0.181689929210
0.999858487304 -0.016441619627 0.003553383261 28.237057191201 0.016432241148 0.999861512339 0.002651427580 0.394070203837 -0.003596486804 -0.002592660948 0.999990100356 0.191024224763
0.999863675924 -0.016130052253 0.003516026118 29.662679523811 0.016126432726 0.999869430740 0.001054817106 0.422104001036 -0.003532582654 -0.000997971346 0.999993193336 0.203339581965
0.999854188454 -0.015873445996 0.006290459091 31.084393535627 0.015873144684 0.999874085594 0.000098030353 0.449749591363 -0.006291223039 0.000001834281 0.999980225952 0.216442825389
0.999845472611 -0.015691262784 0.007919313796 32.495908614295 0.015704173161 0.999875496145 -0.001571175194 0.475296771539 -0.007893674283 0.001695299563 0.999967431243 0.225864845559
0.999855375856 -0.015425434660 0.007156648066 33.890438310360 0.015444073090 0.999877511431 -0.002556731180 0.501731017203 -0.007116334439 0.002666890670 0.999971112713 0.229650151162
0.999872458332 -0.015005242373 0.005456168624 35.274514374606 0.015018827113 0.999884239590 -0.002457793330 0.531703675941 -0.005418657630 0.002539426925 0.999982102078 0.236121754308
0.999887366644 -0.014372112556 0.004299911448 36.642274168827 0.014379372592 0.999895298681 -0.001660537518 0.564300614692 -0.004275595162 0.001722182537 0.999989334675 0.244372391070
0.999901989647 -0.013475182519 0.003775441928 37.998614570780 0.013478903134 0.999908685522 -0.000962576500 0.593385699076 -0.003762126080 0.001013370899 0.999992424832 0.255658186075
0.999913833502 -0.012343052698 0.004459883138 39.332967144220 0.012344963864 0.999923751676 -0.000401785343 0.622071197016 -0.004454585141 0.000456809492 0.999989914822 0.267441950579
0.999919280651 -0.010763571146 0.006744390301 40.657034394595 0.010762066592 0.999942110090 0.000259604260 0.647200901572 -0.006746794982 -0.000186998662 0.999977209259 0.279163453406
0.999927120901 -0.009104968638 0.007920556825 41.960389046745 0.009107891171 0.999958517597 -0.000333079143 0.668947470317 -0.007917196233 0.000405195663 0.999968561502 0.288969303671
0.999941199248 -0.006828129371 0.008423241932 43.242884268916 0.006828179616 0.999976735832 0.000022765564 0.687327477693 -0.008423202961 0.000034752946 0.999964464919 0.297461753964
0.999959399366 -0.003433234241 0.008322979400 44.506333099242 0.003433066069 0.999994170799 0.000034448027 0.702152507163 -0.008323049323 -0.000005871700 0.999965329835 0.305030593446
0.999980696089 0.000282322903 0.006192205482 45.747578149869 -0.000277501198 0.999999717320 -0.000779529778 0.710700366398 -0.006192423312 0.000777798236 0.999980486591 0.312733983840
0.999982268316 0.003779206030 0.004586659779 46.980971391890 -0.003774332634 0.999992342397 -0.001070671655 0.714529462925 -0.004590670894 0.001053342186 0.999988889287 0.321046241103
0.999955763010 0.007827663998 0.005207889530 48.201372266034 -0.007824547132 0.999969229854 -0.000618527523 0.720475688718 -0.005212571760 0.000577752116 0.999986207137 0.324335406298
0.999899882571 0.013118153382 0.005295980355 49.411191888311 -0.013117461842 0.999913957338 -0.000165527701 0.719846802594 -0.005297696297 0.000096041581 0.999985960091 0.329257792349
0.999796587085 0.019696436990 0.004317428648 50.609419043790 -0.019702339502 0.999805070991 0.001327975093 0.715175776842 -0.004290431367 -0.001412766781 0.999989741924 0.332063203334
0.999623568814 0.027116723281 0.004158408909 51.795347536900 -0.027128989926 0.999627674687 0.002921782472 0.703518852591 -0.004077631065 -0.003033496476 0.999987056499 0.335390970392
0.999353622909 0.035499648022 0.005650695882 52.973193426929 -0.035522419017 0.999360952504 0.003982494980 0.677917569840 -0.005505706833 -0.004180648796 0.999976124586 0.337618114448
0.998936680315 0.045668082274 0.006307995901 54.137689587897 -0.045707660115 0.998935194005 0.006280013430 0.643583503710 -0.006014483236 -0.006561658658 0.999960325681 0.339533487721
0.998260180801 0.058574983922 0.006747581736 55.286238278308 -0.058632455946 0.998242142831 0.008660743974 0.598586329576 -0.006228418281 -0.009041302838 0.999939676368 0.337566234628
0.997283563287 0.073257026902 0.007669305841 56.417898657794 -0.073337620092 0.997248603814 0.010816444859 0.536811658085 -0.006855823452 -0.011349519882 0.999912032900 0.338329646632
0.995947677181 0.089452821539 0.009285915168 57.537486618664 -0.089571483839 0.995892083243 0.013264373836 0.459856223659 -0.008061234303 -0.014042384802 0.999868839576 0.337746802142
0.994190045550 0.107059778626 0.011146137262 58.647481634880 -0.107207318414 0.994143590562 0.013610353504 0.358739160015 -0.009623735003 -0.014726227765 0.999845263887 0.337648300103
0.991958267569 0.126091169157 0.010941885438 59.739865877350 -0.126232845677 0.991910221769 0.013398453858 0.237603857452 -0.009163942751 -0.014671931483 0.999850310662 0.337147434543
0.989189313545 0.146307724057 0.009924882946 60.816684133446 -0.146427441691 0.989140597452 0.012649953441 0.096913357514 -0.007966319109 -0.013966478278 0.999870689003 0.335081621343
0.985892748464 0.167120309470 0.009279843041 61.879009614621 -0.167212129378 0.985868130162 0.010205620588 -0.068445528798 -0.007443135315 -0.011613347087 0.999904821373 0.335162279678
0.981944529764 0.188855144366 0.010893251907 62.925154131726 -0.188917579811 0.981980209057 0.005015235912 -0.263525056848 -0.009749804825 -0.006982610807 0.999928061179 0.337104819327
0.977252430067 0.211739455968 0.012001543668 63.954758384859 -0.211750502888 0.977323729708 -0.000360248258 -0.482708218513 -0.011805675345 -0.002189279839 0.999927940225 0.337106936264
0.971835174507 0.235424833215 0.010553869127 64.964945463295 -0.235379072533 0.971888697127 -0.005406382631 -0.729444519546 -0.011529982695 0.002769957180 0.999929628365 0.331273632035
0.965502912943 0.260300255345 0.006918965704 65.952796291538 -0.260210439664 0.965480899686 -0.011711468704 -0.998154154391 -0.009728627945 0.009507068570 0.999907487371 0.324453686063
0.958161058610 0.286168878005 0.005886195914 66.924324121727 -0.286051405164 0.958087980055 -0.015558936901 -1.292409433893 -0.010091977744 0.013224215426 0.999861561336 0.314420419565
0.949672125358 0.313156966679 0.007444471501 67.879694652191 -0.312985002603 0.949583615058 -0.018202589063 -1.603232298417 -0.012769413866 0.014956489000 0.999806559584 0.310824358394
0.940117678438 0.340727324898 0.009143733543 68.818370900549 -0.340464552482 0.939992163312 -0.022332072058 -1.946525956738 -0.016204186705 0.017881664050 0.999708758250 0.303972293931
0.929424600723 0.368944528613 0.007051765245 69.732722571105 -0.368659984661 0.929203187284 -0.025911647824 -2.312463005165 -0.016112486125 0.021483234635 0.999639311993 0.295896378792
0.917493089753 0.397741019592 0.002918047633 70.622380254065 -0.397549595625 0.917236110321 -0.025145458892 -2.695185299622 -0.012677915755 0.021910722663 0.999679499926 0.286140058821
0.904511355328 0.426428514733 -0.004222913022 71.490629650875 -0.426385137879 0.904158993360 -0.026312594748 -3.103571270308 -0.007402253151 0.025600642762 0.999644851311 0.277791676261
0.890494065724 0.454901526408 -0.009208608504 72.342348633433 -0.454970737260 0.890057230746 -0.028279537980 -3.538650108183 -0.004668212813 0.029372423091 0.999557603530 0.272427425197
0.874978731454 0.484106164653 -0.007298590382 73.179630060665 -0.484096584597 0.874516453837 -0.029520827912 -3.998604308839 -0.007908479758 0.029363328503 0.999537514709 0.268402956507
0.857353221291 0.514727700974 -0.000908833546 74.004854192409 -0.514538583462 0.856987790171 -0.028669377182 -4.480137182809 -0.013978067901 0.025047428768 0.999588488538 0.266333701993
0.837842721862 0.545897244067 0.003954257698 74.800494295597 -0.545580985762 0.837565498012 -0.028730171904 -4.986468939071 -0.018995669305 0.021914004822 0.999579380126 0.263165013595
0.816732049416 0.577016377612 0.000846849040 75.568006913050 -0.576844265314 0.816522678941 -0.023269674483 -5.512409352733 -0.014118450066 0.018516595450 0.999728871643 0.253707183616
0.794780912780 0.606884451975 -0.003818199370 76.309265037472 -0.606856566294 0.794641029322 -0.016454651100 -6.063117108100 -0.006951968450 0.015394945403 0.999857257898 0.242324027492
0.772329907182 0.635196760252 -0.005614713584 77.022244632296 -0.635206648692 0.772220943532 -0.013688626165 -6.640179607184 -0.004359169679 0.014138636354 0.999890549287 0.235110210736
0.749186805355 0.662345690994 -0.004156181939 77.714956460341 -0.662312108585 0.749045100534 -0.016557857898 -7.249192663737 -0.007853854901 0.015157621142 0.999854294111 0.233278991312
0.724867299159 0.688883627565 -0.002608646701 78.379698322019 -0.688820409660 0.724737342737 -0.016799299192 -7.874586095120 -0.009682178262 0.013974153972 0.999855458105 0.235311447860
0.699581582136 0.714527974381 -0.005939275783 79.009341749225 -0.714518855441 0.699443472053 -0.015545481349 -8.515002654352 -0.006953490558 0.015119069505 0.999861545810 0.232968079233
0.673419284540 0.739214695722 -0.008247408096 79.617941866961 -0.739249019224 0.673304082747 -0.013132992343 -9.177839253214 -0.004155080748 0.014940908337 0.999879732713 0.228382495542
0.646445890550 0.762925433612 -0.007244408268 80.201658599739 -0.762951451938 0.646365691550 -0.010786351920 -9.859277628719 -0.003546637987 0.012499928532 0.999915517900 0.226717567383
0.618646202345 0.785627740076 -0.008120866201 80.763096698313 -0.785665012577 0.618574117435 -0.009819850003 -10.566795989580 -0.002691382407 0.012455296492 0.999918780220 0.228550645232
0.590017260030 0.807316067995 -0.010973419167 81.299297996213 -0.807383459841 0.590014766913 -0.003812912546 -11.290869958963 0.003396258096 0.011109454091 0.999932473058 0.231138139478
0.559978395579 0.828373283551 -0.014898900907 81.822380656684 -0.828409938281 0.560097699379 0.005244462036 -12.028754316253 0.012689213553 0.009405617403 0.999875205042 0.252366522311
0.529135084794 0.848337413046 -0.018432163813 82.335066163305 -0.848270828936 0.529388520162 0.013575598288 -12.790921805839 0.021274473520 0.008452147520 0.999737895044 0.285902327365
0.497520717931 0.867278863102 -0.017337563109 82.827386017306 -0.867100995981 0.497788601295 0.018503530118 -13.575839103367 0.024678175588 0.005827536998 0.999678480774 0.329327226279
0.465287947375 0.885064808385 -0.012936330237 83.280146927977 -0.884889710253 0.465457247179 0.017881279302 -14.385689251506 0.021847407129 0.003127283198 0.999756405446 0.367231153347
0.432562367220 0.901585077410 -0.005849436876 83.714623926034 -0.901442926524 0.432598669496 0.016093987650 -15.215599908510 0.017040563697 -0.001688712979 0.999853363284 0.409383103507
0.398487818964 0.917173424995 -0.000661163475 84.105245673296 -0.917039464281 0.398441729938 0.016815641362 -16.058448087346 0.015686301611 -0.006094513967 0.999858351098 0.441294438783
0.363526365534 0.931561216877 0.006500897391 84.477011910089 -0.931448434701 0.363345682487 0.019590068446 -16.921575975508 0.015887276573 -0.013176754342 0.999786951979 0.472597716986
0.327930834564 0.944617655945 0.012602930432 84.811018732018 -0.944561905859 0.327623614687 0.021575071693 -17.800638326830 0.016251177179 -0.018979379707 0.999687750749 0.497457873439
0.291905035090 0.956295976743 0.017012809158 85.107419216201 -0.956334842677 0.291551876273 0.020520400256 -18.699894013104 0.014663469307 -0.022259951616 0.999644688637 0.522980104101
0.255766522723 0.966552454333 0.018971808660 85.368042483401 -0.966630814340 0.255395798332 0.019944478881 -19.614383933268 0.014432073227 -0.023439863393 0.999621078945 0.554746262528
0.219933399623 0.975319845868 0.019508779056 85.596032340446 -0.975412195454 0.219576243122 0.018899776386 -20.545451296542 0.014149665418 -0.023185795054 0.999631057255 0.601209164840
0.184561955601 0.982643913986 0.018652388706 85.783617086168 -0.982720812608 0.184239153967 0.017765853781 -21.487143607257 0.014021015802 -0.021608992056 0.999668190432 0.644941952618
0.149838380582 0.988634772796 0.012235940781 85.932289485627 -0.988615144427 0.149640543376 0.015740347504 -22.439771586621 0.013730471193 -0.014455142580 0.999801176042 0.681924732666
0.116172906622 0.993188342156 0.008985474664 86.046461390821 -0.993073861812 0.115990164849 0.018719254749 -23.393321360958 0.017549524199 -0.011097908550 0.999784428528 0.721419094152
0.083542272653 0.996463785146 0.008984428042 86.137744349936 -0.996228512613 0.083303694887 0.024274249315 -24.351983052072 0.023439979213 -0.010978466772 0.999664942460 0.753755506014
0.053970851460 0.998537904555 0.003045164615 86.192195927158 -0.998164843228 0.053866334565 0.027662540755 -25.314872836793 0.027458067001 -0.004532539318 0.999612623975 0.803096202809
0.028222196810 0.999601033859 0.001118039000 86.219833666715 -0.999236907183 0.028181673960 0.027042550747 -26.285695391256 0.027000258202 -0.001880388026 0.999633659230 0.844627562698
0.005680484613 0.999983329581 0.001021542308 86.231914095043 -0.999720912596 0.005655567822 0.022933675134 -27.267478368112 0.022927518667 -0.001151523221 0.999736456565 0.891153895370
-0.013422321780 0.999909162493 0.001285396749 86.222091386267 -0.999718020126 -0.013444915519 0.019568979022 -28.251099778789 0.019584493697 -0.001022365740 0.999807657299 0.929823674510
-0.030005807787 0.999549768561 -0.000105575105 86.195714698195 -0.999300830842 -0.029995983332 0.022317236505 -29.230272783681 0.022304021429 0.000775151462 0.999750951118 0.986153628075
-0.044908260546 0.998988985505 -0.002091654372 86.150376539524 -0.998604009702 -0.044832492469 0.027927043422 -30.212244385015 0.027805045600 0.003342891272 0.999607723015 1.036667066734
-0.057047335517 0.998354454462 -0.005834838266 86.091046276037 -0.997877410735 -0.056834292467 0.031788538287 -31.198397725774 0.031404611830 0.007635915604 0.999477557984 1.086682878116
-0.066490318216 0.997723693633 -0.011246385750 86.018029199939 -0.997182881608 -0.066053676170 0.035539931658 -32.188450246341 0.034716167723 0.013577776894 0.999304904386 1.144032122345
-0.072495105908 0.997267322896 -0.014229877811 85.938242484302 -0.996590187132 -0.071867516266 0.040534102703 -33.178618952777 0.039400669104 0.017119887304 0.999076792174 1.197499563021
-0.076356586639 0.996959134943 -0.015561665004 85.858561690080 -0.996085224859 -0.075573879274 0.045856491222 -34.169581292587 0.044541009111 0.019002201898 0.998826775913 1.257242647117
-0.079304844120 0.996698690431 -0.017391225778 85.773654867226 -0.995696888857 -0.078362001909 0.049466984380 -35.168238954595 0.047940882096 0.021239366491 0.998624326029 1.313936915387
-0.082106896672 0.996471597139 -0.017403848412 85.688949383500 -0.995297168787 -0.081084513558 0.052997554290 -36.168950273737 0.051399384928 0.021673470020 0.998442930231 1.377593546402
-0.084581684598 0.996255114098 -0.017934529964 85.601284757951 -0.994960633729 -0.083471782224 0.055549877089 -37.171648230335 0.053844841592 0.022542660905 0.998294846822 1.439401148421
-0.086652336723 0.996066338994 -0.018529518834 85.510219371248 -0.994557574651 -0.085411146039 0.059666269109 -38.175327664303 0.057848936833 0.023598903590 0.998046382762 1.504918785746
-0.088893536030 0.995820362482 -0.020970121576 85.407962867869 -0.994277193310 -0.087464039110 0.061342238078 -39.184595862532 0.059251725663 0.026303050732 0.997896495139 1.582485463792
-0.090902485545 0.995633753206 -0.021219442469 85.305849115031 -0.994153877935 -0.089479533859 0.060427083481 -40.202409006735 0.058264552769 0.026588382471 0.997947059404 1.663855538542
-0.093274937280 0.995439179138 -0.020018947483 85.204405707985 -0.994006061329 -0.091951463838 0.059133269801 -41.221473259434 0.057022804431 0.025414622576 0.998049311118 1.740044537194
-0.095332299104 0.995239210906 -0.020265394258 85.099285293611 -0.993724766060 -0.093951297242 0.060697419473 -42.240544159330 0.058504505864 0.025924663083 0.997950396346 1.810784619846
-0.097769145856 0.995033253254 -0.018709206113 84.994091101890 -0.993371360332 -0.096429435454 0.062567509270 -43.262908701173 0.060452641520 0.024702374000 0.997865351310 1.883116238699
-0.100346914777 0.994808745201 -0.016913036943 84.882331703681 -0.992950809447 -0.099052878735 0.065093222642 -44.292021268384 0.063080031795 0.023325738455 0.997735843512 1.959029682150
-0.102814375675 0.994599154509 -0.014201752445 84.767704078552 -0.992466756320 -0.101616741776 0.068437729647 -45.325019996209 0.066624990234 0.021131165181 0.997554317451 2.037507476559
-0.104854911756 0.994434745509 -0.010249633848 84.653697070598 -0.991926627670 -0.103840145427 0.072791879395 -46.360128503206 0.071322456034 0.017799484226 0.997294457183 2.116163346343
-0.107232651116 0.994205557121 -0.007520766462 84.535123725818 -0.991466638666 -0.106367101319 0.075364845249 -47.401154188476 0.074128195034 0.015538168189 0.997127652435 2.198452817091
-0.109745773069 0.993943525161 -0.005672976193 84.415294193865 -0.991288581399 -0.109030858873 0.073885578889 -48.446118000712 0.072819569482 0.013732190971 0.997250531943 2.279525568175
-0.112501747682 0.993648333898 -0.002537284477 84.291238181446 -0.991274991206 -0.112055737971 0.069406724520 -49.502253387161 0.068681571486 0.010323534836 0.997585185653 2.371872422814
-0.115041857945 0.993357828551 -0.002382460519 84.161670419367 -0.991096776956 -0.114617598243 0.067748356138 -50.556828660274 0.067025298238 0.010155153163 0.997699556189 2.456536008810
-0.116925775289 0.993138799813 -0.001919339087 84.028918514488 -0.990858017618 -0.116525876644 0.067986255920 -51.613455643222 0.067296146102 0.009851154618 0.997684351934 2.538993672158
-0.118383405948 0.992963746469 -0.002890059247 83.893170705339 -0.990503206172 -0.117884196143 0.070757709862 -52.669905062635 0.069919169046 0.011239167762 0.997489302091 2.617822604359
-0.119076499782 0.992880427057 -0.003039000505 83.755858887360 -0.990223456165 -0.118532739755 0.073534933072 -53.729037884323 0.072651190021 0.011765579042 0.997287939537 2.699459795120
-0.119452785565 0.992837805220 -0.002035957786 83.618228854014 -0.990083195144 -0.118968253387 0.074711575452 -54.798046411513 0.073934276588 0.010940283324 0.997203038952 2.786257872966
-0.119038213376 0.992889066641 0.001092756884 83.484981707272 -0.990234888241 -0.118800325859 0.072946487470 -55.871546185379 0.072557605907 0.007601341948 0.997335239235 2.872536446238
-0.118965594845 0.992886646481 0.004833235010 83.352789766278 -0.990234786582 -0.119001387526 0.072619977066 -56.946686541843 0.072678579090 0.003853251345 0.997347982371 2.961251619268
-0.118765665782 0.992884503957 0.008663040613 83.222768408238 -0.990161556281 -0.119081166193 0.073482213807 -58.023218856043 0.073990966311 0.000149358682 0.997258831975 3.047109248171
-0.118805608350 0.992835214633 0.012785710600 83.090624520721 -0.990094554543 -0.119428351877 0.073820777091 -59.106075021360 0.074818852214 -0.003888735404 0.997189560226 3.137065863505
-0.119000903016 0.992759686080 0.016340505503 82.958182151246 -0.990105928002 -0.119883176500 0.072925990253 -60.196813264925 0.074356950028 -0.007500567911 0.997203479516 3.226662277325
-0.119425552078 0.992716237700 0.015876637649 82.815059597420 -0.990413571581 -0.120236144898 0.068000904831 -61.303124589423 0.069414559918 -0.007603388159 0.997558896976 3.315031335059
-0.119993481187 0.992703849601 0.011863865705 82.672339856983 -0.990924711790 -0.120490542225 0.059582927268 -62.406669949723 0.060577690463 -0.004606631948 0.998152823412 3.389549114838
-0.120322643596 0.992714552761 0.006352432993 82.523302475951 -0.991302341774 -0.120490210003 0.052930399467 -63.517137144964 0.053310187997 0.000071553701 0.998577953599 3.451521918787
-0.120090744569 0.992760523348 -0.002196047417 82.368838232704 -0.991239523564 -0.119783684580 0.055641102442 -64.618896861859 0.054975251786 0.008858800489 0.998448429149 3.505551322958
-0.119335872068 0.992823796361 -0.007741801429 82.215966289139 -0.991024490874 -0.118639221032 0.061604955713 -65.722906429015 0.060244392977 0.015024008858 0.998070593100 3.557740421874
-0.118802711878 0.992862236957 -0.010517103698 82.069464504315 -0.990750844898 -0.117837302405 0.067282977230 -66.831866206456 0.065563436316 0.018413239686 0.997678514283 3.619232996560
-0.118232804290 0.992922566469 -0.011221031152 81.926384407566 -0.990567480051 -0.117149137445 0.071077299805 -67.945435486516 0.069259727596 0.019518867361 0.997407641735 3.688586798884
-0.118024792218 0.992973994209 -0.008530778565 81.788505181102 -0.990636578377 -0.117144601881 0.070116547278 -69.070664450020 0.068624590175 0.016726392257 0.997502294099 3.760399741316
-0.117548601465 0.993042435153 -0.007002758574 81.649910012052 -0.991017152923 -0.116850248550 0.065045230738 -70.203597606791 0.063774407701 0.014585846293 0.997857750016 3.836769926828
-0.117208158530 0.993090429904 -0.005799666495 81.512456237520 -0.991233947756 -0.116626505279 0.062076637298 -71.340502758491 0.060971325881 0.013024724219 0.998054463809 3.905366279363
-0.117004629135 0.993121848878 -0.004348470047 81.375924197373 -0.991196881405 -0.116502512112 0.062894776224 -72.473059699670 0.061955582288 0.011669180198 0.998010641247 3.972852052793
-0.116874339836 0.993138409414 -0.004075736946 81.235704405185 -0.990923641644 -0.116337305096 0.067349682087 -73.609529578665 0.066413399780 0.011910209980 0.997721044931 4.041472283112
-0.116257955793 0.993211015527 -0.004003690003 81.094826847714 -0.990724775705 -0.115679573861 0.071292341190 -74.748518842040 0.070345202694 0.012254861030 0.997447429655 4.114898656217
-0.115879396043 0.993254362343 -0.004205657321 80.953725887028 -0.990839833476 -0.115300046888 0.070300772171 -75.899496989183 0.069341649326 0.012313558221 0.997516942931 4.192170006756
-0.115328406292 0.993307298490 -0.006322022559 80.809887087258 -0.991444857639 -0.114715862002 0.062268577737 -77.062171138978 0.061126604173 0.013449277082 0.998039368294 4.270825526680
-0.115494695154 0.993288701445 -0.006211559120 80.668869725201 -0.991477211811 -0.114900130020 0.061406749347 -78.220263996867 0.060280931376 0.013250782161 0.998093425174 4.344481152856
-0.115275888241 0.993326710892 -0.003683731254 80.531728568309 -0.991290408575 -0.114800283300 0.064530479096 -79.377810425299 0.063676970408 0.011090468360 0.997908871542 4.412987325052
-0.115023815442 0.993358815642 -0.002811656108 80.392301158263 -0.991104271542 -0.114571056024 0.067718084715 -80.538939416903 0.066946232694 0.010575842543 0.997700471466 4.483622791320
-0.114861143700 0.993379571941 -0.002011953436 80.252331445439 -0.991150294036 -0.114467261348 0.067218360468 -81.713915307378 0.066543050539 0.009714932991 0.997736205048 4.562161383480
-0.114324215953 0.993442239405 -0.001610423933 80.114282822162 -0.991422111331 -0.113988047763 0.063944774938 -82.875194418456 0.063341883348 0.008907050238 0.997952163717 4.641368754388
-0.113376901164 0.993548501599 -0.002680725836 79.973819762917 -0.991618135070 -0.112987527676 0.062667152149 -84.038363526447 0.061959974839 0.009763273116 0.998030828839 4.718209310227
-0.112025447359 0.993696410300 -0.004219763462 79.832484296641 -0.991766786895 -0.111540841945 0.062905947651 -85.208751826743 0.062038746650 0.011232099677 0.998010489305 4.791556166926
-0.111042768850 0.993791046314 -0.006999612522 79.688602344180 -0.991866538081 -0.110381404831 0.063377639832 -86.383689527746 0.062211509243 0.013980315301 0.997965073681 4.852976980935
-0.109850957721 0.993924751810 -0.006818117866 79.548141255180 -0.992024038078 -0.109209164055 0.062940769398 -87.571704714828 0.061813793190 0.013677848169 0.997993921776 4.921259731284
-0.108566222991 0.994056001249 -0.008124750255 79.407539516281 -0.992122151619 -0.107833843290 0.063761315354 -88.759430886347 0.062506204749 0.014983075310 0.997932066281 4.985116471286
-0.107501376041 0.994166951396 -0.008695068236 79.266574958188 -0.992394373321 -0.106773995962 0.061258077015 -89.969087630319 0.059972365254 0.015214272525 0.998084072004 5.059802283940
-0.106388616149 0.994296388303 -0.007492701974 79.129453817060 -0.992540779545 -0.105743604962 0.060671913756 -91.183257947551 0.059533572650 0.013891624448 0.998129621111 5.134569943814
-0.105145582185 0.994419102679 -0.008664861665 78.991459600729 -0.992704686480 -0.104439353741 0.060246846396 -92.397569596243 0.059005668306 0.014936352880 0.998145835927 5.209180722063
-0.103468671774 0.994607205998 -0.007132525641 78.856650946571 -0.992836003431 -0.102848303730 0.060817898171 -93.619237901336 0.059756358665 0.013374187068 0.998123375504 5.285556986083
-0.101972448004 0.994760409147 -0.007309892585 78.722158276953 -0.992807733761 -0.101303449971 0.063799335983 -94.841457037712 0.062724543507 0.013763105610 0.997935997975 5.361228388132
-0.100694590039 0.994901409780 -0.005633059939 78.591957138612 -0.992939681298 -0.100136071832 0.063587791180 -96.071061818500 0.062699518886 0.011996245992 0.997960361870 5.437766232656
-0.099953272315 0.994990570808 -0.001787710273 78.479190988146 -0.993154531527 -0.099659410535 0.060926489598 -97.303144492788 0.060443129338 0.007865279588 0.998140662850 5.512920131667
-0.099629147873 0.995024350245 0.000746608369 78.362554826371 -0.993102675306 -0.099483319281 0.062049356614 -98.536519593805 0.061814903236 0.005440469323 0.998072747154 5.587301571204
-0.099732943495 0.995008544281 0.003365319475 78.245857115206 -0.993069283536 -0.099748760153 0.062157718063 -99.778059094118 0.062183159451 0.002857181379 0.998060633648 5.664123153072
-0.100599494766 0.994908906206 0.006006425587 78.125505293202 -0.993152508870 -0.100778678280 0.059089730706 -101.024634566970 0.059394233084 -0.000020891768 0.998234573046 5.741975620955
-0.101727233001 0.994779261208 0.008116908396 78.004940048227 -0.993112572491 -0.102026744347 0.057601829995 -102.274458644244 0.058129250427 -0.002201328880 0.998306577349 5.819239821067
-0.102946459614 0.994638475103 0.009819155662 77.879240608506 -0.993013062840 -0.103340721578 0.056970137698 -103.522535958357 0.057679418016 -0.003885672765 0.998327581192 5.893932729511
-0.104639045181 0.994457709208 0.010224646850 77.749903665861 -0.992840439513 -0.105053282917 0.056847882049 -104.772531126129 0.057606957906 -0.004202928931 0.998330428099 5.970877402459
-0.106927501468 0.994217217054 0.009931364752 77.614863605347 -0.992674114197 -0.107316010925 0.055508967340 -106.022382845657 0.056253771736 -0.003923164618 0.998408812393 6.045881554941
-0.109770671846 0.993870532548 0.013105450094 77.481693997203 -0.992611971144 -0.110298301038 0.050553740202 -107.273408708122 0.051689391750 -0.007459304283 0.998635372884 6.120992566416
-0.113835262454 0.993405435199 0.013681321266 77.341098719427 -0.992172301112 -0.114384006109 0.050102660253 -108.515484406776 0.051337192151 -0.007870774639 0.998650368563 6.192105343336
-0.119046248782 0.992680452938 0.020335346992 77.203522485471 -0.991257634075 -0.119999261081 0.054849788060 -109.743836043619 0.056888549754 -0.013627902921 0.998287509863 6.263105205282
-0.126206659991 0.991796371042 0.020292745558 77.050835452292 -0.990049295351 -0.127215169480 0.060154747136 -110.981394854359 0.062242826230 -0.012498885906 0.997982729471 6.337677097062
-0.135383693070 0.990626085015 0.018198821582 76.883700301234 -0.989026310666 -0.136215926674 0.057202404292 -112.205922772560 0.059145174526 -0.010254834218 0.998196719744 6.418778783467
-0.146428596464 0.989040991745 0.018882847853 76.704155978939 -0.987750755029 -0.147224690317 0.051704356862 -113.436375901230 0.053917756775 -0.011080549231 0.998483886781 6.497953456419
-0.159184069748 0.987096122098 0.017366933209 76.504796121633 -0.985685650067 -0.159897025760 0.053447657570 -114.658420817168 0.055534907519 -0.008610314198 0.998419595508 6.567888484573
-0.173543828628 0.984683851772 0.016741614999 76.281791739328 -0.983229871176 -0.174205014477 0.053959197055 -115.878182871124 0.056049239344 -0.007096564933 0.998402743105 6.638750385431
-0.188215517752 0.981977865601 0.017159032399 76.047705256208 -0.980650531906 -0.188861680136 0.051533528283 -117.091382954702 0.053845477910 -0.007127598121 0.998523797888 6.713887431358
-0.203724946173 0.978937771786 0.013308095474 75.788406215108 -0.977491759273 -0.204147773781 0.053229798270 -118.293541096760 0.054825489194 -0.002164307128 0.998493619955 6.788538503898
-0.219077720729 0.975591960465 0.015010566028 75.520183953971 -0.973956707058 -0.219579938048 0.056505801057 -119.482025963880 0.058422634706 -0.002240470976 0.998289358777 6.862435539501
-0.234352972099 0.972006633624 0.016789342510 75.234390554395 -0.970096858919 -0.234945055451 0.060932768507 -120.659476152486 0.063171642590 -0.002007502425 0.998000627550 6.939569398350
-0.250350792199 0.967924115460 0.021154432627 74.936402523070 -0.966143313858 -0.251178843683 0.058959968200 -121.837834294633 0.062382327096 -0.005677536699 0.998036135881 7.018961456087
-0.266361750941 0.963504088631 0.026671393604 74.622181560747 -0.962159384290 -0.267435744637 0.052223767098 -123.023653374032 0.057450703242 -0.011751712913 0.998279195578 7.096665803960
-0.282115612895 0.958882130772 0.030918418718 74.286659565059 -0.957831861600 -0.283344292071 0.047687427846 -124.200511830147 0.054487188827 -0.016161271957 0.998383604966 7.168618444068
-0.297378768636 0.954150157049 0.034107695147 73.933812302786 -0.953072708601 -0.298786568261 0.048774990118 -125.361866370918 0.056729587658 -0.018002464134 0.998227236896 7.237200656841
-0.311937322696 0.949422500655 0.035944649256 73.559966922495 -0.948240895422 -0.313470477632 0.050748349894 -126.513390833197 0.059449225578 -0.018253883097 0.998064400327 7.305493884226
-0.325928499293 0.944705848851 0.036077808093 73.168944559908 -0.943407671064 -0.327479386524 0.052336780371 -127.652570951462 0.061257608869 -0.016978030017 0.997977585817 7.378337811053
-0.340260140937 0.939675560224 0.035113046407 72.758136302893 -0.938325031313 -0.341735330819 0.052564388944 -128.787126012291 0.061392848981 -0.015061882720 0.997999971756 7.453476037844
-0.354460396387 0.934385561547 0.035798324539 72.334025239982 -0.933169516138 -0.355920530827 0.050151273169 -129.913166988143 0.059601993276 -0.015629260636 0.998099827214 7.530576885445
-0.368991840970 0.928712416996 0.036582860022 71.894415467842 -0.927576832043 -0.370455767447 0.048617164274 -131.031182790081 0.058703702032 -0.015994071801 0.998147308417 7.605721521619
-0.383740869896 0.922587510217 0.039690457519 71.442684013015 -0.921440391257 -0.385383345367 0.049267242309 -132.134939883455 0.060749394727 -0.017666532813 0.997996715263 7.679509328544
-0.398478523127 0.916269764535 0.040799230843 70.972028757932 -0.914946194952 -0.400216718418 0.051960884215 -133.225294240483 0.063938740274 -0.016623798802 0.997815341544 7.753149476922
-0.413362487999 0.909610501000 0.041715403998 70.480241726317 -0.908207769636 -0.415154188011 0.052966803839 -134.314848856380 0.065497497864 -0.015991760315 0.997724576011 7.830218413827
-0.427796647731 0.902928806661 0.041347208591 69.968747789218 -0.901315715503 -0.429578778157 0.055606175166 -135.393284058938 0.067970316435 -0.013478753310 0.997596225888 7.910193208965
-0.442550479407 0.895661677713 0.044037199844 69.439924316311 -0.893850943313 -0.444531929591 0.058496833964 -136.468301464169 0.071969325047 -0.013474880710 0.997315808998 7.991637325491
-0.457532062341 0.887996341343 0.046118583466 68.893592698631 -0.885985282998 -0.459669524376 0.061106492291 -137.537380773612 0.075461656222 -0.012902206835 0.997065186716 8.075676120430
-0.472833228749 0.879873592620 0.047447025328 68.324326861057 -0.878058780133 -0.474997767377 0.058222785710 -138.608609838375 0.073765931518 -0.014131602158 0.997175396126 8.162588618484
-0.488828108718 0.870935785253 0.050180054946 67.738809402909 -0.869442127742 -0.491092062056 0.053842263420 -139.675261489332 0.071536182847 -0.017309032771 0.997287770774 8.252278521735
-0.504820196528 0.861647744924 0.052151491131 67.129095928214 -0.860194744223 -0.507186881828 0.053165014025 -140.733672341576 0.072260072725 -0.018021653920 0.997222978357 8.337829019316
-0.520633514929 0.852014073285 0.054888388848 66.499975108753 -0.850616379810 -0.523160677997 0.052484550231 -141.777978689218 0.073433031650 -0.019363744290 0.997112092926 8.422284245815
-0.536396892033 0.842060177685 0.056682782732 65.847757985115 -0.840748306981 -0.539004537216 0.051150058939 -142.818445388778 0.073623718630 -0.020219216192 0.997081129249 8.510845394925
-0.551950952415 0.831746919859 0.059559213164 65.174370902258 -0.830521163131 -0.554726931951 0.050125546961 -143.850528176174 0.074730876934 -0.021798342224 0.996965484365 8.601767316510
-0.567332830816 0.821185608789 0.061544108553 64.480666345036 -0.819990032470 -0.570224463439 0.049602804622 -144.868280713111 0.075827066185 -0.022324249721 0.996870994255 8.693157698832
-0.582653637861 0.810345778150 0.062084956681 63.762334985916 -0.809314134670 -0.585503002101 0.046870663905 -145.882405250813 0.074332374878 -0.022936867042 0.996969639962 8.785021449619
-0.597939289704 0.799199941769 0.061220803111 63.022357453244 -0.798399139934 -0.600611907883 0.042709149682 -146.884079274404 0.070903111034 -0.023341155030 0.997210097587 8.876527241049
-0.612881950146 0.787870572716 0.060297187858 62.262037931682 -0.787144315462 -0.615427952772 0.040647563850 -147.873017097656 0.069133599958 -0.022550433776 0.997352502918 8.964815324533
-0.627692237964 0.776018696777 0.061622838769 61.479545545660 -0.775372065644 -0.630284733693 0.039233046826 -148.854278787323 0.069285524761 -0.023154349604 0.997328071657 9.052460864368
-0.642178755934 0.763714067291 0.065933738162 60.681426524661 -0.763069927499 -0.645082655079 0.039908753735 -149.816599513594 0.073011601056 -0.024683492098 0.997025611013 9.141083910913
-0.657108832500 0.750463482020 0.070799797323 59.864046361994 -0.749867560524 -0.660371063042 0.040109179187 -150.770127652162 0.076854618081 -0.026734374933 0.996683795542 9.230208105728
-0.672907469472 0.736200185744 0.072143973249 59.020935399936 -0.735908410147 -0.676139206950 0.035699405218 -151.714875138138 0.075061297826 -0.029068965459 0.996755076422 9.323847907626
-0.689079750311 0.721068560068 0.072312917725 58.153141854313 -0.721257051660 -0.692091698933 0.028235872563 -152.645710772989 0.070407175282 -0.032699428445 0.996982249244 9.418590185082
-0.705819001681 0.704550378238 0.073676573957 57.262949866530 -0.704950741469 -0.708820270567 0.024864545726 -153.557999672407 0.069741794879 -0.034388483708 0.996972172249 9.510022266589
-0.723057268878 0.686574018997 0.076185919674 56.349611696574 -0.687132433445 -0.726174623850 0.022792317937 -154.450140617539 0.070972907574 -0.035869667604 0.996833092728 9.596869967545
-0.740378543395 0.667518887616 0.079108539811 55.413518547232 -0.668444465543 -0.743543246460 0.018040265737 -155.320718939392 0.070862842187 -0.039523043274 0.996702689855 9.687016768722
-0.757096847868 0.648414155325 0.079771105648 54.444637045629 -0.649441253304 -0.760246519132 0.015852848553 -156.189036874896 0.070924926564 -0.039804501213 0.996687167000 9.775380169045
-0.773013944468 0.629173716044 0.081177734803 53.452660208168 -0.630076510157 -0.776342569851 0.017200228590 -157.035651624458 0.073843669766 -0.037852165397 0.996551214320 9.861438314444
-0.788405232433 0.610059245884 0.079024514662 52.436227816720 -0.610759557265 -0.791616028684 0.017800522877 -157.852218938189 0.073416462766 -0.034230950580 0.996713661117 9.951545588941
-0.803216464640 0.590841581640 0.075824500605 51.414668419842 -0.591367107521 -0.806207343041 0.017737624793 -158.667610558969 0.071610404823 -0.030592963977 0.996963407680 10.050806065880
-0.817424220637 0.570778646151 0.077648767485 50.380746637474 -0.571204615266 -0.820592335820 0.018802736828 -159.454471152001 0.074450184257 -0.028983522100 0.996803456458 10.149366416775
-0.830905407813 0.550390599375 0.081647128456 49.332939487949 -0.550762638462 -0.834423956214 0.019931879098 -160.206314305649 0.079098642606 -0.028406678941 0.996461964027 10.248140054487
-0.843886647465 0.530255512432 0.081757446107 48.263630684213 -0.530513306616 -0.847432679632 0.020337250933 -160.937075458780 0.080067880247 -0.026211075022 0.996444727097 10.352296854861
-0.855988285925 0.511013734662 0.078414632329 47.172731602747 -0.511278737628 -0.859222600045 0.018183441539 -161.627367644506 0.076667624978 -0.024526920723 0.996754985970 10.456429399124
-0.866374713237 0.492959585433 0.079910237438 46.064512101544 -0.493140564096 -0.869745782725 0.018832248809 -162.296835908102 0.078785140403 -0.023091194907 0.996624095962 10.566522282503
