0.999999999995 -0.000000000168 -0.000000000358 -0.000000000026 -0.000000000168 1.000000000000 0.000000000014 0.000000000057 -0.000000000358 0.000000000014 1.000000000005 0.000000000120
0.999999103431 -0.000213695617 0.001322472736 1.310828052651 0.000214895344 0.999999595543 -0.000907315696 -0.003942406519 -0.001322279809 0.000907599849 0.999998701026 0.010135860172
0.999998111538 -0.000554984895 0.001853148692 2.625648856035 0.000558048796 0.999998486101 -0.001653342946 -0.005834393323 -0.001852229825 0.001654374902 0.999996902361 0.025598309527
0.999999619309 -0.000711510804 0.000526593269 3.942081485329 0.000713306809 0.999993893585 -0.003419117291 -0.010158245582 -0.000524158756 0.003419492222 0.999993987106 0.037592736057
0.999999520337 -0.000623358656 0.000804661135 5.261499898553 0.000626284081 0.999993190471 -0.003640950687 -0.013443897225 -0.000802388175 0.003641454354 0.999992989192 0.050918642052
0.999998524688 -0.000497466883 0.001631502816 6.582259478370 0.000503877945 0.999992181541 -0.003931517189 -0.017323352459 -0.001629535439 0.003932335399 0.999990893771 0.059234919891
0.999996341505 -0.000388066298 0.002683341141 7.909538663958 0.000402851175 0.999984764141 -0.005511610578 -0.023340019670 -0.002681163304 0.005512673739 0.999981194354 0.066062488506
0.999993453734 -0.000574091523 0.003571855668 9.239866303474 0.000592642896 0.999986349109 -0.005194918838 -0.026664405085 -0.003568826454 0.005197003428 0.999980097157 0.073924947490
0.999997941330 -0.000836734510 0.001855718697 10.570482584452 0.000845336797 0.999988871467 -0.004639806604 -0.028650385118 -0.001851816723 0.004641367502 0.999987487202 0.081671201857
0.999999208996 -0.000942911322 -0.000793552879 11.904971523599 0.000941397472 0.999997708788 -0.001905534679 -0.030048280239 0.000795347895 0.001904785978 0.999997882216 0.085802678745
0.999998298686 -0.000615327344 -0.001728077489 13.242784709790 0.000617993154 0.999998603715 0.001542739127 -0.028840903927 0.001727126022 -0.001543804601 0.999997297599 0.090104208087
0.999998597730 -0.000537235548 -0.001578291607 14.581299904314 0.000543484858 0.999991995331 0.003961972070 -0.025922739677 0.001576150552 -0.003962824922 0.999990906939 0.100661595148
0.999999594865 -0.000409093707 -0.000868649226 15.931652042014 0.000413595229 0.999986494515 0.005188815770 -0.024410929125 0.000866512857 -0.005189171658 0.999986110620 0.113991883847
0.999998390468 -0.000010202124 0.001774644703 17.283501318069 0.000004895735 0.999995509847 0.002989934916 -0.028615235865 -0.001774667766 -0.002989921544 0.999993899685 0.124743925834
0.999992005182 0.000229776638 0.003998285362 18.636215382366 -0.000226159811 0.999999601149 -0.000905091570 -0.036164371900 -0.003998493464 0.000904180916 0.999991593670 0.134012544438
0.999998312935 -0.000024023024 0.001824582888 19.988123343871 0.000030668248 0.999993387336 -0.003642203866 -0.043551297652 -0.001824484012 0.003642254495 0.999991699729 0.140643079613
0.999999801883 -0.000197180428 -0.000563933997 21.342632634355 0.000194290595 0.999986906191 -0.005119621025 -0.045478699943 0.000564935192 0.005119512586 0.999986691927 0.154258207933
0.999997781077 0.000455483561 -0.002069722133 22.707169409516 -0.000461365299 0.999995903434 -0.002842087823 -0.042885948869 0.002068418796 0.002843037833 0.999993815489 0.174040810782
0.999998901392 0.001250706281 -0.000755579259 24.073762654707 -0.001250591614 0.999999192155 0.000151972999 -0.038457728271 0.000755768529 -0.000151028210 0.999999706453 0.190222565125
0.999983403519 0.001881045729 0.005448038968 25.450934868287 -0.001888935214 0.999997198051 0.001443205721 -0.038459434507 -0.005445311739 -0.001453472424 0.999984098430 0.205288906648
0.999982294521 0.002337666422 0.005479864099 26.822639189631 -0.002331970881 0.999996693184 -0.001045561609 -0.045782338398 -0.005482292906 0.001032764211 0.999984412295 0.214761931867
0.999990470005 0.001975372409 0.003883465705 28.197037495763 -0.001954646890 0.999983923410 -0.005333396088 -0.055920648826 -0.003893940421 0.005325757328 0.999978206585 0.228064731124
0.999997137237 0.002020565413 0.001310580899 29.572352357752 -0.002012769548 0.999980406889 -0.005922663621 -0.061933213690 -0.001322524064 0.005920010353 0.999981555874 0.241206662794
0.999996592142 0.002438567442 -0.000982225586 30.952034848336 -0.002444573209 0.999978092003 -0.006159794195 -0.067166724943 0.000967181462 0.006162176305 0.999980515855 0.257678609641
0.999993933758 0.003198964467 -0.001374402879 32.337618099077 -0.003202859296 0.999990871830 -0.002841072203 -0.068261050070 0.001365300986 0.002845457892 0.999994994412 0.274433683369
0.999987443395 0.003603635986 -0.003480976267 33.720095213765 -0.003610220292 0.999991711462 -0.001886911589 -0.072246440973 0.003474147393 0.001899456123 0.999992145144 0.291954746025
0.999985969550 0.003532794146 -0.003940223817 35.113255608103 -0.003536725653 0.999993295546 -0.000991368428 -0.076835221955 0.003936694877 0.001005290915 0.999991734904 0.313609387999
0.999992776150 0.003426803797 -0.001636710527 36.510655711870 -0.003428331237 0.999993657530 -0.000931127262 -0.081588876154 0.001633508696 0.000936732370 0.999998166320 0.336792053532
0.999995496507 0.002987691385 -0.000037284702 37.908900016412 -0.002987698376 0.999995498843 -0.000169520736 -0.087401196560 0.000036778141 0.000169630704 1.000000004650 0.353491204930
0.999995550084 0.002950108953 -0.000343078810 39.304666726423 -0.002949230408 0.999992489741 0.002534338052 -0.091776134581 0.000350551692 -0.002533313816 0.999996660175 0.368242603761
0.999995106407 0.003075597938 -0.000511550366 40.707556946275 -0.003072964619 0.999982381710 0.005072514639 -0.096696701233 0.000527142257 -0.005070919628 0.999987011883 0.378896423915
0.999995344800 0.003064543111 0.000009995751 42.114369776651 -0.003064536703 0.999969199240 0.007223667331 -0.099028166563 0.000012139886 -0.007223663684 0.999973855959 0.396932401726
0.999996047959 0.002785405243 0.000289830171 43.522084963701 -0.002787721855 0.999961509830 0.008326055120 -0.103947901369 -0.000266628690 -0.008326829873 0.999965242211 0.411264119768
0.999997214805 0.002367519985 -0.000133144911 44.931793219271 -0.002366489424 0.999970694872 0.007275471550 -0.111783073233 0.000150364392 -0.007275137165 0.999973490323 0.425659077530
0.999998280487 0.001690621684 -0.000770996023 46.344897811541 -0.001685623926 0.999977879886 0.006438717603 -0.119431667520 0.000781863338 -0.006437407588 0.999978939627 0.437401864247
0.999999728570 0.000724733760 -0.000045061253 47.760821975327 -0.000724460260 0.999982899094 0.005805086129 -0.125753332821 0.000049267326 -0.005805053348 0.999983172336 0.450431847354
0.999999680843 -0.000291380077 0.000799914758 49.183588269174 0.000286568989 0.999981907076 0.006007398057 -0.128340497865 -0.000801652402 -0.006007167890 0.999981612081 0.464429909826
0.999998529761 -0.001362335014 0.001045385109 50.606263408446 0.001355365836 0.999977101515 0.006638366956 -0.129555228132 -0.001054406189 -0.006636938828 0.999977368724 0.476932701076
0.999996584166 -0.002532205701 0.000649363909 52.032466738466 0.002527850666 0.999974894712 0.006620784959 -0.129893572034 -0.000666114344 -0.006619121703 0.999977821122 0.488466066944
0.999991514168 -0.003661684631 0.001912641402 53.461504747514 0.003648493105 0.999969867933 0.006855740490 -0.129393070333 -0.001937689325 -0.006848703736 0.999974617899 0.498477342121
0.999985913787 -0.004462081861 0.002871297819 54.889170174608 0.004446347923 0.999975225930 0.005463103398 -0.127974204259 -0.002895604154 -0.005450259391 0.999980960283 0.511014156071
0.999983248999 -0.005088125691 0.002779503176 56.321225928363 0.005077084569 0.999979306229 0.003965134903 -0.127024082099 -0.002799622771 -0.003950955489 0.999988244772 0.521767238943
0.999981130366 -0.005688510107 0.002344715822 57.750196997261 0.005684582775 0.999982399159 0.001678147360 -0.126563930299 -0.002354223079 -0.001664785634 0.999995770474 0.532739696506
0.999979585321 -0.005756598200 0.002786837428 59.178468678861 0.005755693509 0.999983371893 0.000332424597 -0.126256812806 -0.002788707171 -0.000316377458 0.999996042786 0.541340644269
0.999979935305 -0.005319956745 0.003432325341 60.608150890201 0.005322996698 0.999985447022 -0.000877352447 -0.125392285931 -0.003427609447 0.000895605352 0.999993717672 0.551956941287
0.999979574469 -0.004930832119 0.004068403605 62.033076061005 0.004938586344 0.999986024003 -0.001898292065 -0.124315992462 -0.004058987914 0.001918345678 0.999989901528 0.563090584539
0.999983336681 -0.004479466728 0.003643177457 63.457199445133 0.004493411357 0.999982542506 -0.003828431729 -0.122997920589 -0.003625965571 0.003844738974 0.999986020814 0.576797437249
0.999988165199 -0.003981363182 0.002800286029 64.877129090099 0.003996240340 0.999977882267 -0.005327365862 -0.124107742668 -0.002779015809 0.005338496303 0.999981852534 0.587674427965
0.999991935198 -0.003331909772 0.002232730615 66.294731010129 0.003343585705 0.999980618125 -0.005246360841 -0.123536426931 -0.002215208479 0.005253784091 0.999983746677 0.599826185048
0.999994172534 -0.002540948938 0.002298108762 67.708557250936 0.002548990966 0.999990637937 -0.003503254254 -0.121790980787 -0.002289188322 0.003509092922 0.999991189528 0.611193903011
0.999991213343 -0.002091370403 0.003633855824 69.121634224007 0.002093812343 0.999997634622 -0.000668277604 -0.114840313270 -0.003632450710 0.000675881573 0.999993152035 0.628396225180
0.999986846935 -0.001362197487 0.004951761064 70.535931821058 0.001347374482 0.999994574414 0.002995331145 -0.109384728904 -0.004955816989 -0.002988621525 0.999983278651 0.641449576849
0.999984607320 -0.000652927390 0.005514321848 71.945873676491 0.000616272514 0.999977740962 0.006646245714 -0.103463315986 -0.005518540925 -0.006642744219 0.999962651718 0.652924073613
0.999986799018 -0.000034796846 0.005134199832 73.346023411480 -0.000022414719 0.999937906718 0.011142704087 -0.098569678974 -0.005134271637 -0.011142672013 0.999924694264 0.661487691082
0.999988948511 0.000654699896 0.004663846663 74.748669399723 -0.000720932066 0.999898749095 0.014213578953 -0.096147490977 -0.004654070834 -0.014216789900 0.999888102394 0.669558817339
0.999989421537 0.001331843130 0.004409609217 76.150838429932 -0.001403853410 0.999865081977 0.016367577113 -0.091980432738 -0.004387217771 -0.016373595827 0.999856296486 0.684315059776
0.999988254104 0.001664262868 0.004546633312 77.547245675423 -0.001739712656 0.999860001922 0.016641197815 -0.093227325914 -0.004518303537 -0.016648914798 0.999851143974 0.696011896014
0.999987261662 0.001830915493 0.004709213692 78.941524398621 -0.001903271417 0.999879504738 0.015406202194 -0.097656826393 -0.004680441463 -0.015414973131 0.999870233599 0.707094682058
0.999991375967 0.001784054717 0.003752411286 80.332023322460 -0.001837328968 0.999896853047 0.014241824312 -0.103757869908 -0.003726618947 -0.014248594930 0.999891470986 0.716343097217
0.999992350899 0.001512299434 0.003619797659 81.717619009431 -0.001561017064 0.999907734882 0.013493821781 -0.107292596426 -0.003599058817 -0.013499372824 0.999902414219 0.728929618816
0.999991623999 0.001277283922 0.003887407137 83.103998109464 -0.001329797921 0.999907538111 0.013536138754 -0.110477649035 -0.003869758465 -0.013541197075 0.999900837891 0.740398492398
0.999994090519 0.000753104923 0.003359325895 84.490529695156 -0.000796984093 0.999914102357 0.013079549994 -0.109062549850 -0.003349188799 -0.013082151952 0.999908807124 0.752609410128
0.999993118131 0.000020521773 0.003708035134 85.872617325249 -0.000070315732 0.999909794103 0.013428901233 -0.103907389206 -0.003707426791 -0.013429080531 0.999902887766 0.764026820196
0.999989924202 -0.000922926734 0.004403568508 87.257343759887 0.000865429622 0.999914575630 0.013040888541 -0.092477505060 -0.004415231210 -0.013036944098 0.999905200168 0.778835751567
0.999983051852 -0.002052136753 0.005441321117 88.636469759495 0.001992689429 0.999938522734 0.010908223050 -0.086464066260 -0.005463373615 -0.010897187844 0.999925625415 0.789599147036
0.999975920978 -0.003247047759 0.006138996972 90.013890742676 0.003193210554 0.999956541969 0.008759215200 -0.075916105169 -0.006167175361 -0.008739401176 0.999942737053 0.800666162828
0.999972755397 -0.003849256433 0.006298504071 91.382904886218 0.003806620116 0.999969886165 0.006767417096 -0.065965988998 -0.006324365948 -0.006743256922 0.999957258438 0.809080527367
0.999974992462 -0.004300616278 0.005616281995 92.749009892080 0.004269886571 0.999975963975 0.005472054510 -0.051544948663 -0.005639682100 -0.005447936011 0.999969243562 0.818401242148
0.999976635581 -0.004559045862 0.005096266050 94.111195650851 0.004537436700 0.999980753919 0.004243660319 -0.037205876206 -0.005115517221 -0.004220436805 0.999978010501 0.827426166583
0.999977909135 -0.004698016017 0.004711387934 95.468680696548 0.004674913023 0.999977065324 0.004902695066 -0.015571887581 -0.004734315283 -0.004880560371 0.999976825540 0.838897871372
0.999981526628 -0.004569594875 0.004021292386 96.821827111759 0.004550673952 0.999978587498 0.004701843678 0.003485525578 -0.004042694874 -0.004683456773 0.999980785873 0.850074588373
0.999985015140 -0.004327008645 0.003347553310 98.173545198131 0.004308798215 0.999976017303 0.005428092057 0.021707285897 -0.003370961774 -0.005413586950 0.999979667557 0.861496780970
0.999986075518 -0.003975442565 0.003478575463 99.523384704516 0.003950917268 0.999967534526 0.007029041819 0.041713409518 -0.003506409155 -0.007015199579 0.999969189956 0.874149439254
0.999981153274 -0.003751761552 0.004856513974 100.868769480312 0.003715293037 0.999965022242 0.007496568038 0.053424562148 -0.004884470297 -0.007478384218 0.999960124484 0.883296593100
0.999972893801 -0.003623927068 0.006416074868 102.214135019886 0.003567402960 0.999954920414 0.008799368837 0.071804330909 -0.006447676888 -0.008776242450 0.999940685784 0.896257547468
0.999980635177 -0.003550731959 0.005108277846 103.554660302040 0.003508407781 0.999959634076 0.008270485090 0.086566324290 -0.005137439898 -0.008252403939 0.999952730747 0.906483369924
0.999991083673 -0.003431432948 0.002467191126 104.893196596763 0.003411228352 0.999960969440 0.008147420849 0.102569955320 -0.002495053794 -0.008138933554 0.999963746887 0.917854835541
0.999993212497 -0.003457327326 0.001290789550 106.229506955039 0.003447408163 0.999965082217 0.007608681560 0.110035101463 -0.001317051868 -0.007604181139 0.999970205286 0.926117182675
0.999991157066 -0.003310086204 0.002600551541 107.574274755372 0.003295799023 0.999979557355 0.005478932006 0.126207324499 -0.002618635845 -0.005470313310 0.999981585579 0.943111934012
0.999985218961 -0.002699008271 0.004720765458 108.915688088302 0.002684314271 0.999991525688 0.003116276583 0.140131363083 -0.004729138333 -0.003103558566 0.999983955351 0.958089743870
0.999983867237 -0.001771347620 0.005392659509 110.254121000267 0.001763064449 0.999997239681 0.001540415116 0.160660556763 -0.005395373876 -0.001530883331 0.999984293082 0.975273546848
0.999991690733 -0.001038993683 0.003952804782 111.586172332727 0.001036383253 0.999999272374 0.000662369844 0.178781576934 -0.003953492821 -0.000658266755 0.999991936893 0.989671375831
0.999998686771 -0.000367031573 0.001557830445 112.914552875757 0.000363017462 0.999996602968 0.002576097286 0.195957246892 -0.001558772465 -0.002575528150 0.999995410261 1.004283918527
0.999999526993 0.000726863602 -0.000627988214 114.238107395758 -0.000724006128 0.999989490933 0.004538610305 0.202172435979 0.000631279747 -0.004538152804 0.999989482074 1.014999595238
0.999997417205 0.002125419908 -0.000828052591 115.569719753315 -0.002119078868 0.999968973513 0.007585614176 0.207915933400 0.000844149089 -0.007583841969 0.999970909282 1.027341050912
0.999992885954 0.003515783920 0.001369257973 116.902895486547 -0.003527992054 0.999953160064 0.009017331197 0.209820416505 -0.001337492517 -0.009022098533 0.999958353982 1.038658234608
0.999982409029 0.004543531960 0.003822790762 118.237572682542 -0.004578175058 0.999948102836 0.009102904780 0.207563581819 -0.003781236282 -0.009120245614 0.999951188135 1.048366245456
0.999975616841 0.005324673617 0.004526556247 119.571587389394 -0.005361240608 0.999952760460 0.008104680262 0.202426462987 -0.004483189465 -0.008128751247 0.999956922699 1.053969979422
0.999972699523 0.006350865828 0.003791568908 120.914845060212 -0.006383366678 0.999942451302 0.008621868745 0.203017141701 -0.003736597202 -0.008645837599 0.999955649175 1.065489136024
0.999965653139 0.007581704883 0.003343616276 122.278938487450 -0.007616090349 0.999916962890 0.010393790124 0.214698973315 -0.003264538147 -0.010418899712 0.999940383971 1.091178607113
0.999957541644 0.008709809417 0.002999733417 123.634894670482 -0.008746466695 0.999884470726 0.012431645877 0.221328468825 -0.002891110431 -0.012457353291 0.999918187630 1.111405106119
0.999949702388 0.009838695069 0.001950717273 124.994300301269 -0.009863601357 0.999864290412 0.013197749334 0.225240945296 -0.001820604563 -0.013216331963 0.999911007200 1.132556687544
0.999939284691 0.010929843743 0.001411307601 126.348009230841 -0.010948918096 0.999837846213 0.014300429437 0.224910980562 -0.001254777893 -0.014315016196 0.999896769095 1.149552086751
0.999929113269 0.011848681991 0.001148037125 127.703636261371 -0.011863076816 0.999838921367 0.013469538394 0.229102312970 -0.000988257053 -0.013482203497 0.999908565364 1.180446010669
0.999918619422 0.012608524221 0.001938890825 129.060983519304 -0.012632589194 0.999836425428 0.012942769849 0.227568496227 -0.001775385679 -0.012966214245 0.999914355150 1.204218427232
0.999903775081 0.013433589672 0.003458747005 130.418706829193 -0.013474101810 0.999837532525 0.011970443126 0.227514778300 -0.003297379529 -0.012015891546 0.999922392393 1.230777239747
0.999899115483 0.013760951988 0.003518248072 131.767546483480 -0.013798824491 0.999844543579 0.010974509787 0.220746497500 -0.003366683933 -0.011021953169 0.999933540939 1.248309725114
0.999897934915 0.013751475224 0.003875274203 133.121717612067 -0.013785498233 0.999865377808 0.008894589704 0.213481552850 -0.003752441281 -0.008947105561 0.999952887277 1.267829792765
0.999900175082 0.013436492963 0.004373134880 134.473649446675 -0.013467852339 0.999883219213 0.007221870051 0.209934199475 -0.004275589615 -0.007280046157 0.999964305706 1.294455572107
0.999908638782 0.012914554758 0.003982144836 135.827015452603 -0.012937198718 0.999900046020 0.005712980881 0.207931401466 -0.003907967434 -0.005763976414 0.999975715198 1.321012720707
0.999924383476 0.011676566307 0.003872499482 137.173143278916 -0.011692497416 0.999923186461 0.004117206807 0.203116389317 -0.003824129177 -0.004162175088 0.999984030063 1.340155629326
0.999931971616 0.010607633874 0.004857541357 138.525164444280 -0.010621572667 0.999939535819 0.002851658120 0.200070103503 -0.004827000417 -0.002903058206 0.999984092565 1.360258661341
0.999940667971 0.009600735339 0.005144643275 139.875521259761 -0.009607445226 0.999953006953 0.001280942822 0.196567272377 -0.005132104899 -0.001330293809 0.999985925076 1.378487337486
0.999952823722 0.008308871361 0.005037944471 141.225992903069 -0.008311647635 0.999965340161 0.000530117194 0.196634759948 -0.005033368359 -0.000571964978 0.999987136117 1.402827763056
0.999964609937 0.007062746069 0.004564339801 142.575397207975 -0.007064037281 0.999975060602 0.000266810638 0.196560557723 -0.004562343124 -0.000299042889 0.999989529461 1.420949638166
0.999973596229 0.006029928576 0.004053949698 143.923193604514 -0.006029514749 0.999981795158 -0.000114416922 0.197792024935 -0.004054568292 0.000089971394 0.999991708613 1.437629150327
0.999984549464 0.005072102050 0.002261243576 145.271105663373 -0.005068159910 0.999985684486 -0.001745527745 0.198891652626 -0.002270066017 0.001734042556 0.999995866050 1.455887266381
0.999991722794 0.003994075972 0.000782249396 146.614464973656 -0.003988281815 0.999965614625 -0.007274342874 0.197925110656 -0.000811278655 0.007271165896 0.999973162581 1.478286586935
0.999989431187 0.002915898907 0.003565185046 147.967581479654 -0.002865417680 0.999896689994 -0.014083804435 0.197322813572 -0.003605884941 0.014073436562 0.999894478819 1.506856221692
0.999988779223 0.001522949098 0.004484623047 149.316982774289 -0.001425152653 0.999762871918 -0.021730060350 0.192484717111 -0.004516654842 0.021723427972 0.999753748859 1.524807842978
0.999997858065 0.000331332567 0.002063530485 150.662060252961 -0.000279534183 0.999686107962 -0.025051936057 0.194701187117 -0.002071184888 0.025051309852 0.999684033973 1.544558687780
0.999998039271 0.000511164412 -0.001938357772 152.005520140628 -0.000559707560 0.999684181033 -0.025125945460 0.201332112837 0.001924900805 0.025126984990 0.999682379695 1.561581331714
0.999992273533 0.001339144691 -0.003702180779 153.351226214384 -0.001418706756 0.999766306906 -0.021572035140 0.215170633901 0.003672427124 0.021577125033 0.999760419561 1.588536846432
0.999990973644 0.002091678291 -0.003696308205 154.698406873392 -0.002169991842 0.999770582718 -0.021311549072 0.219117129958 0.003650883361 0.021319379710 0.999766043638 1.609935286602
0.999996058163 0.002756997545 -0.000566531901 156.047403029363 -0.002769821628 0.999707111644 -0.024040941037 0.214934557368 0.000500084467 0.024042422777 0.999710830193 1.631784535562
0.999990932789 0.003331525334 0.002653720910 157.397764805539 -0.003251812493 0.999559623227 -0.029496521715 0.203695697499 -0.002750821808 0.029487630385 0.999561343984 1.648759214052
0.999988706821 0.003376810695 0.003350072303 158.746916449315 -0.003262178982 0.999428277624 -0.033652609941 0.189881737129 -0.003461797389 0.033641310489 0.999427915555 1.663141065037
0.999987515806 0.003340755151 0.003712811382 160.093741334943 -0.003207062961 0.999366350551 -0.035449082406 0.178401757346 -0.003828887326 0.035436739667 0.999364533643 1.676680616311
0.999983081861 0.004149617110 0.004083540119 161.444297400609 -0.004008863758 0.999417474809 -0.033893207195 0.170131022631 -0.004221808633 0.033876269641 0.999417043330 1.693382963459
0.999978802344 0.005321928473 0.003741255958 162.794199984835 -0.005207525857 0.999537849530 -0.029950696497 0.166976139462 -0.003898923917 0.029930587728 0.999544348126 1.708310285925
0.999979921389 0.006191014984 0.001357637216 164.144852838692 -0.006152860014 0.999629700599 -0.026506694622 0.158027769566 -0.001521239711 0.026497809774 0.999647678013 1.725327571599
0.999975976276 0.006913316926 0.000527408433 165.496100998585 -0.006898904779 0.999696306916 -0.023659928856 0.147867875808 -0.000690817917 0.023655729199 0.999719916808 1.739612239804
0.999971460832 0.007312689874 0.001884753155 166.854620951374 -0.007270169648 0.999739036066 -0.021657839845 0.136633046633 -0.002042639756 0.021643522222 0.999763603102 1.756051391940
0.999973555317 0.007070565373 0.001704770794 168.215726390468 -0.007035029906 0.999774834479 -0.020019905184 0.123566426465 -0.001845940456 0.020007392757 0.999798110204 1.773481851237
0.999978315783 0.006545474209 -0.000692866610 169.575856298138 -0.006556938810 0.999814887708 -0.018089721781 0.113859345755 0.000574331845 0.018093876791 0.999836096509 1.788348320639
0.999975538709 0.006004670350 -0.003576491622 170.935378687708 -0.006056247831 0.999875224671 -0.014589283797 0.107807555484 0.003488441188 0.014610593815 0.999887136620 1.806181969991
0.999971449947 0.005795236255 -0.004848198896 172.299620038004 -0.005841996719 0.999936061724 -0.009686848527 0.077678288974 0.004791750634 0.009714898446 0.999941288329 1.815131513268
0.999973660833 0.006081894895 -0.003972277372 173.668494643526 -0.006102109093 0.999968443487 -0.005096532231 0.052373604850 0.003941153807 0.005120639315 0.999979095680 1.834357902903
0.999977217795 0.006588253470 -0.001468072846 175.045101319593 -0.006590867545 0.999976726220 -0.001782846982 0.039913840469 0.001456291948 0.001792483013 0.999997355986 1.851825075157
0.999977438066 0.006702225347 0.000511629094 176.424827791846 -0.006701485328 0.999976525141 -0.001435211320 0.018257152230 -0.000521237401 0.001431750489 0.999998836793 1.865458102788
0.999980748584 0.005930697891 0.001831081891 177.801492110019 -0.005922771981 0.999973172448 -0.004304648762 -0.003094973981 -0.001856563733 0.004293721285 0.999989078968 1.862199956426
0.999989531201 0.004274648908 0.001664262580 179.176960369224 -0.004263123614 0.999967336052 -0.006868327011 -0.025524504784 -0.001693569413 0.006861161625 0.999975032747 1.862107061430
0.999994563311 0.002219350297 -0.002449694195 180.558009824498 -0.002237157669 0.999970889518 -0.007290502724 -0.036621780433 0.002433442659 0.007295943807 0.999970447171 1.869865938267
0.999975492033 0.000729319196 -0.006958050943 181.937164207154 -0.000772683062 0.999980340177 -0.006231524658 -0.044344400749 0.006953370436 0.006236749967 0.999956367790 1.880329967108
0.999968977869 0.000137549170 -0.007870694600 183.325641238442 -0.000149018487 0.999998914340 -0.001456614782 -0.041851310357 0.007870485457 0.001457743705 0.999967907792 1.897079992741
0.999979030423 0.000002196725 -0.006471811464 184.719990276172 0.000014662581 0.999996570423 0.002605049154 -0.039728608608 0.006471795372 -0.002605089352 0.999975599154 1.914814774317
0.999994233542 0.000247480037 -0.003394726914 186.115828410735 -0.000232843831 0.999990666603 0.004311319555 -0.046747806332 0.003395761390 -0.004310504129 0.999984899855 1.929819101124
0.999999032654 0.000634298766 -0.001213720352 187.515526100596 -0.000628104459 0.999986782280 0.005097419559 -0.054702645304 0.001216937787 -0.005096653610 0.999986285066 1.948329419465
0.999999724156 0.000709307499 -0.000400024976 188.917247184354 -0.000707519500 0.999989794309 0.004454140093 -0.057287484085 0.000403178684 -0.004453856595 0.999989981536 1.968966818946
0.999999710725 0.000652298986 0.000376150492 190.321950961741 -0.000653409084 0.999995403983 0.002957642014 -0.062090758741 -0.000374221124 -0.002957886777 0.999995485292 1.988005897977
0.999999501024 0.000654150956 0.000806610538 191.730129886854 -0.000654449749 0.999999704802 0.000369529732 -0.069075808183 -0.000806370155 -0.000370057432 0.999999594174 2.007654261653
0.999999087853 0.001049746759 0.000812079466 193.138794625749 -0.001047884457 0.999996803411 -0.002291498705 -0.074183782410 -0.000814483287 0.002290645617 0.999997008736 2.029131916735
0.999997469620 0.001399006949 0.001766861673 194.557445174106 -0.001389646384 0.999985102548 -0.005288600439 -0.079944736507 -0.001774235497 0.005286133825 0.999984427832 2.053199748912
0.999991951601 0.001837044611 0.003560751539 195.977242047845 -0.001803634545 0.999954590576 -0.009363493035 -0.086324811443 -0.003577792686 0.009356998749 0.999949757823 2.074807805621
0.999991414359 0.002097515436 0.003584150640 197.399175120277 -0.002051486040 0.999915974879 -0.012798269979 -0.088417726423 -0.003610697358 0.012790809424 0.999911610762 2.105784402299
0.999997126685 0.002302537908 -0.000630616104 198.819257017816 -0.002309291786 0.999937601049 -0.010927597800 -0.086675990773 0.000605414990 0.010929027941 0.999940072266 2.129986808044
0.999976871934 0.002757005145 -0.006218831071 200.242276346906 -0.002784243230 0.999986513413 -0.004375419052 -0.073871098220 0.006206685232 0.004392632546 0.999971114653 2.170961951683
0.999969985657 0.003922034918 -0.006676157338 201.675632322155 -0.003888859065 0.999980029144 0.004975228899 -0.058540810825 0.006695537688 -0.004949117825 0.999965285199 2.205295877021
0.999983312455 0.005269690850 -0.002390767878 203.113718404965 -0.005237617205 0.999898735915 0.013229842089 -0.044007494025 0.002460241285 -0.013217095311 0.999909551630 2.237952757315
0.999982077183 0.005995246103 0.000025533560 204.551738662991 -0.005994974104 0.999873995769 0.014700573054 -0.043176686922 0.000062601742 -0.014700463083 0.999891927048 2.254180250654
0.999985055117 0.005476662148 -0.000037932596 205.989744730141 -0.005475742948 0.999904892883 0.012662083449 -0.049998395159 0.000107273920 -0.012661693399 0.999919851999 2.268561274313
0.999990671308 0.004329449009 -0.000018032489 207.437757277834 -0.004329079736 0.999944896596 0.009563628090 -0.057731480218 0.000059435016 -0.009563461112 0.999954232096 2.283743911084
0.999994850663 0.003221736777 -0.000117200627 208.887450999625 -0.003220826883 0.999969794228 0.007077961929 -0.062718218941 0.000139999237 -0.007077548418 0.999974955109 2.296511316675
0.999995845602 0.002714050403 -0.000999111232 210.342802009401 -0.002706542900 0.999968663472 0.007440736318 -0.064913144708 0.001019273243 -0.007438001411 0.999971790925 2.310241084816
0.999996265222 0.002597302534 -0.000857455502 211.804712157774 -0.002589583527 0.999957166881 0.008884515322 -0.062773673118 0.000880494001 -0.008882262511 0.999960167897 2.335407311507
0.999996961919 0.002457114035 0.000124593398 213.265374934793 -0.002458251167 0.999945703615 0.010132019464 -0.060259415347 -0.000099692023 -0.010132297413 0.999948634466 2.359105667151
0.999997540444 0.002226545871 -0.000016235846 214.734472718279 -0.002226290173 0.999951998425 0.009542883525 -0.059061008721 0.000037481739 -0.009542824821 0.999954461131 2.385849262840
0.999997334493 0.001847800886 -0.001423962504 216.206737774295 -0.001834734011 0.999956654107 0.009124190221 -0.062235344806 0.001440758712 -0.009121554347 0.999957311400 2.407739303012
0.999997514507 0.001658766456 -0.001524576252 217.681968470072 -0.001645945547 0.999963555513 0.008372848478 -0.066739249324 0.001538407797 -0.008370318491 0.999963729980 2.425214745480
0.999998588341 0.001204333461 -0.001184689732 219.162564175400 -0.001193957258 0.999961268981 0.008721002161 -0.065275585921 0.001195146055 -0.008719575919 0.999961242678 2.446276987129
0.999998078027 0.000866568436 -0.001735846366 220.640007243698 -0.000851343675 0.999961359556 0.008752507971 -0.061896757809 0.001743364144 -0.008751014616 0.999960162417 2.468621954746
0.999997771534 0.000670700703 -0.002008947428 222.126276857204 -0.000652993088 0.999961056314 0.008802289309 -0.060628534652 0.002014770863 -0.008800957747 0.999959172152 2.492385767581
0.999998057022 0.000319069819 -0.001952516593 223.610538459261 -0.000299728424 0.999950959144 0.009898413418 -0.059254375406 0.001955578125 -0.009897810578 0.999949083834 2.511317667392
0.999997240989 -0.000017131780 -0.002362723175 225.100161963595 0.000039669740 0.999954458731 0.009539518419 -0.060672515993 0.002362451385 -0.009539587705 0.999951700280 2.530326468641
0.999997423762 -0.000284761218 -0.002251458190 226.590510278984 0.000307353084 0.999949563390 0.010040437375 -0.062008098883 0.002248484352 -0.010041097371 0.999947012847 2.547256684039
0.999997713138 -0.000387731349 -0.002117411636 228.081786785098 0.000406975827 0.999958571082 0.009096010385 -0.065299138362 0.002113795260 -0.009096851136 0.999956315780 2.568685723794
0.999996226342 -0.000264728821 -0.002754590330 229.572780638722 0.000286327126 0.999969166171 0.007843644278 -0.068127504014 0.002752427344 -0.007844403629 0.999965407487 2.585735885662
0.999997125567 -0.000096998285 -0.002403997049 231.067225135236 0.000113133409 0.999977472201 0.006712725449 -0.073098879809 0.002403291621 -0.006712979365 0.999974602232 2.600099383859
0.999998619147 0.000101478768 -0.001655525281 232.564112483215 -0.000092994876 0.999986882995 0.005124042957 -0.078099872232 0.001656023933 -0.005123882422 0.999985497858 2.616566402587
0.999999214262 0.000088629661 -0.001221205636 234.059995425654 -0.000082565940 0.999987687902 0.004964694587 -0.081653923969 0.001221630108 -0.004964589843 0.999986897836 2.635619359387
0.999999013969 0.000004110732 -0.001379840579 235.561365572825 0.000003258425 0.999985786331 0.005340574625 -0.082121461603 0.001379843740 -0.005340574390 0.999984799700 2.658539937295
0.999996538134 0.000234064396 -0.002610951928 237.067063449417 -0.000218305434 0.999981766134 0.006034483791 -0.083048016179 0.002612317970 -0.006033893982 0.999978395732 2.682251182708
0.999998060300 0.000748577444 -0.001808148543 238.572612006358 -0.000735343115 0.999973064542 0.007308979849 -0.082677095106 0.001813571223 -0.007307636365 0.999971675158 2.705844264779
0.999998860355 0.001362680984 0.000625041574 240.083374692135 -0.001367406532 0.999970015293 0.007622977226 -0.084015748894 -0.000614636045 -0.007623824272 0.999970724352 2.728923269804
0.999997777411 0.001871952641 0.001015301599 241.594463670864 -0.001879371834 0.999971228613 0.007355715421 -0.087646506938 -0.001001504732 -0.007357605985 0.999972393975 2.748945448611
0.999997025958 0.002364237114 -0.000571506640 243.110619069455 -0.002359818995 0.999968280239 0.007612884691 -0.090674850195 0.000589485939 -0.007611513002 0.999970793803 2.770596191218
0.999993871727 0.002931862314 -0.001929764247 244.625379271995 -0.002917141660 0.999966926455 0.007587578317 -0.095711704593 0.001951945131 -0.007581903352 0.999969301818 2.790790391760
0.999993704845 0.003229618382 -0.001467367955 246.146651631505 -0.003216856951 0.999957737116 0.008617933195 -0.101059325636 0.001495137537 -0.008613158981 0.999961758039 2.808083810102
0.999994482340 0.003283292885 -0.000528621172 247.671455833150 -0.003278890636 0.999961676690 0.008124083587 -0.108969310152 0.000555273690 -0.008122305984 0.999966840971 2.825780862718
0.999995556500 0.002966566491 0.000207623525 249.192137770645 -0.002968169130 0.999962006894 0.008198689043 -0.115792110597 -0.000183294537 -0.008199270126 0.999966336605 2.842314594333
0.999996144968 0.002734492791 0.000535985563 250.720508797923 -0.002738963123 0.999959919158 0.008522812239 -0.121329537889 -0.000512659679 -0.008524249573 0.999963535874 2.861317577214
0.999995970446 0.002763902435 0.000636869493 252.248333528836 -0.002770126250 0.999946324620 0.009988509757 -0.127070503750 -0.000609228876 -0.009990234679 0.999949904934 2.875630791557
0.999995400832 0.002961067398 0.000673488675 253.781355208240 -0.002968278219 0.999935428064 0.010969490274 -0.132990540373 -0.000640965177 -0.010971433405 0.999939571104 2.890095662556
0.999995702697 0.002843975458 0.000698463718 255.312962418236 -0.002851866674 0.999929029325 0.011569065734 -0.139293478446 -0.000665513568 -0.011571008901 0.999932767978 2.902819284598
0.999995370232 0.002862125882 0.001011269092 256.847614468607 -0.002872087591 0.999945940678 0.009989930435 -0.147018695608 -0.000982622607 -0.009992791370 0.999949589089 2.919425826471
0.999994325335 0.002763540641 0.001908096647 258.386011484155 -0.002779643042 0.999960071578 0.008488620675 -0.154605124369 -0.001884563586 -0.008493877236 0.999962103088 2.936343096842
0.999991775560 0.002835271389 0.002915417868 259.925310097631 -0.002851746939 0.999979896808 0.005662419144 -0.164432103910 -0.002899306542 -0.005670686837 0.999979727632 2.952669233465
0.999994552635 0.002537577230 0.002127370869 261.460261518181 -0.002546334582 0.999988259406 0.004124119786 -0.173741522604 -0.002116882256 -0.004129514826 0.999989187959 2.967027839350
0.999997139429 0.002281136479 0.000706986214 262.998164346944 -0.002283178743 0.999993216443 0.002901073305 -0.182437806253 -0.000700364439 -0.002902679324 0.999995544128 2.980839406188
0.999992813278 0.002855060834 0.002511611461 264.536652141845 -0.002857453797 0.999995461994 0.000949606982 -0.189165964115 -0.002508891507 -0.000956776043 0.999996324728 3.000621700113
0.999981898658 0.003289989453 0.005037566087 266.082922883589 -0.003289471319 0.999994632790 -0.000111084517 -0.192623511145 -0.005037905703 0.000094512999 0.999987268552 3.023849510114
0.999985969095 0.003448646807 0.004025403625 267.623963657924 -0.003440412238 0.999991996534 -0.002051052204 -0.199912181842 -0.004032447720 0.002037175680 0.999989734371 3.053677683852
0.999989842640 0.003756881411 0.002486492677 269.163641440031 -0.003749694876 0.999988761741 -0.002888917990 -0.206367989981 -0.002497319353 0.002879565303 0.999992695619 3.079445954830
0.999987453671 0.004393743143 0.002413868096 270.703271435310 -0.004389128198 0.999988576485 -0.001913974189 -0.209985486377 -0.002422251019 0.001903356017 0.999995269844 3.110780598553
0.999981186520 0.005461457615 0.002811731211 272.244934477002 -0.005460253832 0.999985020591 -0.000435836283 -0.213634061118 -0.002814071809 0.000420476675 0.999995892889 3.141416688591
0.999976547002 0.006409864113 0.002413272751 273.791555150599 -0.006412943589 0.999978628644 0.001270121552 -0.217884959650 -0.002405081152 -0.001285567428 0.999996224354 3.174842574774
0.999970207241 0.007362531026 0.002343719497 275.334058691104 -0.007368314163 0.999969847135 0.002468082089 -0.223370809100 -0.002325480146 -0.002485276693 0.999994145625 3.202173437200
0.999964759025 0.008150347051 0.001996959732 276.880641617989 -0.008156775202 0.999961539552 0.003231931177 -0.226072746815 -0.001970542418 -0.003248106058 0.999992801422 3.244214959367
0.999958600144 0.008990754860 0.001404574713 278.422536309477 -0.008995756557 0.999953106619 0.003595906826 -0.234112458845 -0.001372180633 -0.003608392453 0.999992493236 3.276873208791
0.999950490611 0.009905819983 0.000949478834 279.972697313764 -0.009908688316 0.999946176134 0.003064656840 -0.242133505818 -0.000919070994 -0.003073914045 0.999994833255 3.317993833429
0.999941666446 0.010747547888 0.001114874464 281.523606010766 -0.010750283711 0.999939196165 0.002479500714 -0.256377317030 -0.001088160891 -0.002491339915 0.999996237390 3.345787978503
0.999931108234 0.011488883821 0.002424512522 283.077898330733 -0.011492688343 0.999932725874 0.001560421435 -0.272574218811 -0.002406423494 -0.001588178703 0.999995865891 3.374027158563
0.999925908760 0.011840874913 0.002832241697 284.628771639071 -0.011841327617 0.999929866090 0.000141229717 -0.292185955861 -0.002830372428 -0.000174756092 0.999995925150 3.395619782050
0.999928758804 0.011927100546 0.000469269483 286.173661843829 -0.011926863027 0.999928740328 -0.000502255330 -0.310477739533 -0.000475227984 0.000496623698 0.999999700869 3.420585775303
0.999930584081 0.011596007113 -0.002110283955 287.728152703857 -0.011599005829 0.999931705606 -0.001413687703 -0.328344623313 0.002093745674 0.001438067103 0.999996710313 3.448161733547
0.999939314815 0.010753827281 -0.002414485058 289.282015242448 -0.010756509564 0.999941593340 -0.001098041173 -0.344797551422 0.002402535252 0.001123946544 0.999996491845 3.476760852459
0.999948011381 0.010048700887 -0.001758972642 290.838928701478 -0.010053451216 0.999945765009 -0.002715355813 -0.360804327005 0.001731589839 0.002732899051 0.999994723610 3.502103726448
0.999956332492 0.009038052864 -0.002376283028 292.397939926486 -0.009044271541 0.999955637559 -0.002619106469 -0.376057216343 0.002352505486 0.002640484664 0.999993729948 3.526075227895
0.999960556860 0.008477852292 -0.002647637353 293.960505768523 -0.008484087916 0.999961229925 -0.002352451547 -0.389213638188 0.002627590720 0.002374822118 0.999993713215 3.553451208420
0.999967572221 0.007765159029 -0.002143741962 295.529844846675 -0.007770128427 0.999967174363 -0.002319414270 -0.400117001602 0.002125659619 0.002335998637 0.999994953415 3.582928773723
0.999974364976 0.006915143462 -0.001844314209 297.101674648102 -0.006920241141 0.999972206257 -0.002771566772 -0.410737999493 0.001825096855 0.002784259816 0.999994428767 3.613272120541
0.999982161824 0.005878760135 -0.001076341421 298.679766787095 -0.005882418051 0.999976855568 -0.003426890593 -0.425232619091 0.001056168797 0.003433163027 0.999993482609 3.633746135412
0.999985837486 0.005300631628 0.000495448352 300.266542170046 -0.005299706116 0.999984218835 -0.001851368338 -0.435769674702 -0.000505255175 0.001848716618 0.999998143679 3.656345686458
0.999981851200 0.005924727320 0.001076840998 301.851152847291 -0.005923303055 0.999981547838 -0.001321766661 -0.444816390787 -0.001084653358 0.001315364710 0.999998500962 3.678586438003
0.999976066818 0.006895890146 0.000559132557 303.443203523586 -0.006895477195 0.999975928910 -0.000738156929 -0.455037732279 -0.000564211023 0.000734284644 0.999999504272 3.703996223685
