0.999999999995 -0.000000000168 -0.000000000358 -0.000000000026 -0.000000000168 1.000000000000 0.000000000014 0.000000000057 -0.000000000358 0.000000000014 1.000000000005 0.000000000120
0.999999796957 -0.000690588531 -0.000134286886 1.199166143066 0.000690683895 0.999999500558 0.000715452716 0.011448842634 0.000133791017 -0.000715544907 0.999999702485 0.020477394279
0.999998988000 -0.001373034222 -0.000267980563 2.384515478989 0.001373414468 0.999998102202 0.001422467828 0.022765893232 0.000266026171 -0.001422832523 0.999998909798 0.040718554642
0.999997773022 -0.002058899617 -0.000403349520 3.576129754468 0.002059754895 0.999995604980 0.002133019173 0.034142915158 0.000398955555 -0.002133844783 0.999997621998 0.061066418328
0.999996052058 -0.002744698478 -0.000539710709 4.767960155325 0.002746222016 0.999992208866 0.002843500081 0.045522136299 0.000531900845 -0.002844969911 0.999995739075 0.081417669299
0.999993925035 -0.003432221412 -0.000677424845 5.963120084016 0.003434608766 0.999987813900 0.003555763183 0.056933286433 0.000665211367 -0.003558068363 0.999993461065 0.101825533308
0.999991192143 -0.004116959802 -0.000815583628 7.153773509944 0.004120402058 0.999982420036 0.004265137660 0.068301562609 0.000798009592 -0.004268461126 0.999990587821 0.122155991558
0.999988053210 -0.004802737736 -0.000954960062 8.346572298338 0.004807431427 0.999976027320 0.004975587119 0.079690464275 0.000931039065 -0.004980118793 0.999987119469 0.142522887528
0.999984308362 -0.005487590571 -0.001095151530 9.538102036807 0.005493730182 0.999968735740 0.005685073763 0.091067348213 0.001063919741 -0.005691002196 0.999983255897 0.162867633918
0.999980157547 -0.006172357172 -0.001236332160 10.729827864337 0.006180141143 0.999960445313 0.006394468251 0.102446274384 0.001196813987 -0.006401984396 0.999978797140 0.183215376778
0.999975500778 -0.006856901669 -0.001378471418 11.921505780495 0.006866526801 0.999951156025 0.007103630614 0.113824884611 0.001329695157 -0.007112924028 0.999973843197 0.203561995455
0.999970438020 -0.007541573839 -0.001521644751 13.113753838031 0.007553239952 0.999940967905 0.007812921315 0.125209156139 0.001462631115 -0.007824184343 0.999968294075 0.223918001279
0.999965077679 -0.008191824570 -0.001639821994 14.305492905942 0.008205297159 0.999931179635 0.008385499495 0.136498887711 0.001571015178 -0.008398662242 0.999963442685 0.244135338007
0.999956231933 -0.009141508785 -0.001987900856 15.498763882656 0.009161249075 0.999906404890 0.010158829271 0.148597943694 0.001894846121 -0.010176604941 0.999946363177 0.265512151229
0.999952117297 -0.009590098712 -0.001936401506 16.689929641663 0.009608786560 0.999905009490 0.009883619208 0.159318394763 0.001841432611 -0.009901753652 0.999949273214 0.284920547166
0.999946809277 -0.010185338814 -0.001613307874 17.883583241993 0.010199927602 0.999904599239 0.009310347088 0.169810804116 0.001518323733 -0.009326308950 0.999955291484 0.304089383716
0.999942295610 -0.010677230831 -0.001216850003 19.079369000381 0.010687729528 0.999902678566 0.008969558433 0.181147023910 0.001120959937 -0.008982046476 0.999959025825 0.322497354612
0.999933154126 -0.011357451746 -0.002151111528 20.273030608688 0.011376786327 0.999892953309 0.009199820934 0.193792616570 0.002046394029 -0.009223679328 0.999955292565 0.340987575862
0.999924860945 -0.011833060089 -0.003196992074 21.467614564114 0.011861208244 0.999889744448 0.008935507181 0.207103139674 0.003090904449 -0.008972756079 0.999954894607 0.359274266960
0.999916456988 -0.012657110360 -0.002616020217 22.661987598289 0.012681524283 0.999874111685 0.009535216456 0.222108840876 0.002495002737 -0.009567597940 0.999951131328 0.378814949947
0.999907390457 -0.013382203511 -0.002498103299 23.856313744859 0.013405997845 0.999862413993 0.009766516478 0.237529760986 0.002367060993 -0.009799102852 0.999949195550 0.399228493161
0.999892645916 -0.014282469734 -0.003279538806 25.050326877920 0.014313878900 0.999849906327 0.009764715821 0.253164975024 0.003139581817 -0.009810611350 0.999946947757 0.419863242092
0.999881362782 -0.015119590594 -0.002958790613 26.246788127988 0.015148539371 0.999835092053 0.010021170894 0.270774506008 0.002806785182 -0.010064807660 0.999945345165 0.438114367793
0.999873964972 -0.015856607511 -0.000790820085 27.445708838500 0.015863189408 0.999832273295 0.009152563247 0.287994335891 0.000645557675 -0.009163955271 0.999957761733 0.457172076088
0.999859477758 -0.016753281625 -0.000589838334 28.641328612796 0.016757691883 0.999823454637 0.008502532393 0.305847249899 0.000447288042 -0.008511222806 0.999963667606 0.473260912480
0.999844222791 -0.017541720813 -0.001969946977 29.832585894741 0.017556714379 0.999814832500 0.007873403247 0.324588606275 0.001831467551 -0.007906763439 0.999967044708 0.491096983774
0.999824643491 -0.018517778934 -0.002776556634 31.032350874783 0.018537741525 0.999801157506 0.007344706118 0.343905552673 0.002639995909 -0.007394890470 0.999969099003 0.509506918330
0.999810458252 -0.019268214743 -0.002797384988 32.236532946963 0.019289389926 0.999783873077 0.007750987045 0.365733912321 0.002647432421 -0.007803479254 0.999966068671 0.528803142999
0.999798776400 -0.019932169220 -0.002244011171 33.425081818526 0.019948018763 0.999774508092 0.007277041790 0.387046969218 0.002098458252 -0.007320342663 0.999971015509 0.549066295470
0.999786274384 -0.020580361579 -0.001987974873 34.619865248010 0.020593858744 0.999763280526 0.007027770541 0.409471620061 0.001842869456 -0.007067208441 0.999973345090 0.569933866107
0.999776151951 -0.021070444502 -0.001904997085 35.817824849280 0.021082004369 0.999758077823 0.006267583713 0.431993991343 0.001772473674 -0.006306342003 0.999978470226 0.589058733330
0.999763418544 -0.021665152030 -0.001916042294 37.014746415251 0.021676884676 0.999744987038 0.006330277578 0.456303832443 0.001778405986 -0.006370314866 0.999978094418 0.609007481523
0.999759827026 -0.021868685390 -0.001403398684 38.212605916031 0.021876039536 0.999745808994 0.005454331846 0.479820576128 0.001283763238 -0.005483723906 0.999984163980 0.629289820484
0.999762500798 -0.021793546565 -0.000199580856 39.411483263809 0.021794323534 0.999746909299 0.005587092916 0.505199001953 0.000077766826 -0.005590116244 0.999984389903 0.648770598442
0.999765130956 -0.021658692782 0.000736226222 40.608701338104 0.021653846707 0.999747156180 0.006057068962 0.530612339867 -0.000867230294 -0.006039704858 0.999981312864 0.668275885640
0.999766525270 -0.021605970287 0.000305387528 41.805134469159 0.021603370510 0.999743126006 0.006851564805 0.556778405584 -0.000453345207 -0.006843368914 0.999976448724 0.686860344516
0.999768714976 -0.021505549983 0.000195510056 43.002521408128 0.021503420846 0.999739243325 0.007680664122 0.583550605858 -0.000360637469 -0.007674684757 0.999970441699 0.703782305601
0.999776402526 -0.021080723643 0.001648554329 44.202521129359 0.021061984372 0.999721425474 0.010656853993 0.613920037063 -0.001872749636 -0.010619754224 0.999941872000 0.719516417801
0.999797717168 -0.019532495979 0.004791834612 45.402912739696 0.019479154788 0.999750422419 0.010937269558 0.639986308846 -0.005004273906 -0.010841720724 0.999928660413 0.732939098317
0.999812514624 -0.017831258153 0.007546263604 46.603745553042 0.017743763073 0.999776363246 0.011507510755 0.664168574482 -0.007749771040 -0.011371449299 0.999905322130 0.743337854102
0.999811042609 -0.016115954584 0.010868004991 47.809479287034 0.015987588770 0.999802621982 0.011795954128 0.685207770980 -0.011055970452 -0.011619972620 0.999871335409 0.750551327045
0.999805333497 -0.014843623053 0.013002329606 49.012792941551 0.014694523961 0.999826023998 0.011488227835 0.703912678353 -0.013170600699 -0.011294928256 0.999849442505 0.756490934481
0.999847156454 -0.013323445736 0.011320291186 50.211666650839 0.013212528279 0.999864492011 0.009816907148 0.719018530017 -0.011449559350 -0.009665839006 0.999887751535 0.758033120133
0.999884518432 -0.012232192802 0.009019948195 51.412656502381 0.012139103162 0.999873282745 0.010303308190 0.735439985703 -0.009144840737 -0.010192619754 0.999906198823 0.761072252694
0.999895571994 -0.011432248219 0.008840764071 52.613995445436 0.011330653629 0.999870174016 0.011457912202 0.752695652357 -0.008970608500 -0.011356545001 0.999895253990 0.766328562639
0.999900271503 -0.011368486041 0.008385210943 53.819474874368 0.011280346093 0.999881394752 0.010485061677 0.766261758298 -0.008503419377 -0.010389428487 0.999909833745 0.772824031813
0.999897597217 -0.012086385682 0.007665345250 55.023471831623 0.012010940767 0.999879690832 0.009812920211 0.781164856551 -0.007783028606 -0.009719848167 0.999922411950 0.780154678448
0.999878384564 -0.013622978138 0.007589673007 56.228641948451 0.013547036419 0.999858502625 0.009969995078 0.797352151833 -0.007724422201 -0.009865968829 0.999921512812 0.787726825309
0.999843557225 -0.015175376077 0.009086675088 57.436385117073 0.015084549415 0.999836351729 0.009982340836 0.815888817293 -0.009236676355 -0.009843710858 0.999908891046 0.798092039578
0.999824989428 -0.016146357953 0.009454196992 58.641376706822 0.016052007644 0.999821438140 0.009972260452 0.836252737346 -0.009613527710 -0.009818761958 0.999905572432 0.805542631502
0.999813519184 -0.016992786075 0.009170095438 59.847419172544 0.016892300247 0.999797621071 0.010925824970 0.858969471572 -0.009353901102 -0.010768878148 0.999898259745 0.812441833861
0.999802420272 -0.017708959585 0.009033156343 61.051047955091 0.017606349736 0.999780989576 0.011314044354 0.881742372185 -0.009231540799 -0.011152773468 0.999895190152 0.820105066255
0.999804403471 -0.017863352605 0.008488235400 62.254665201028 0.017772420919 0.999785134211 0.010669571758 0.903748865247 -0.008677007735 -0.010516630251 0.999907062318 0.828021058580
0.999808876289 -0.018045143958 0.007523431880 63.456549551290 0.017974319956 0.999794523828 0.009377693556 0.924020064146 -0.007691110610 -0.009240672599 0.999927699883 0.836237480990
0.999794796793 -0.018405253995 0.008457628070 64.656813670411 0.018329453926 0.999791873607 0.008953235655 0.946197433924 -0.008620657412 -0.008796376341 0.999924129600 0.843168490852
0.999769050846 -0.018669659171 0.010641975245 65.859954426322 0.018574818030 0.999787465415 0.008942471754 0.968538148073 -0.010806664854 -0.008742735413 0.999903383739 0.851680191298
0.999778194469 -0.018952250487 0.009185513000 67.057162436586 0.018866033281 0.999777944079 0.009383955623 0.992544038249 -0.009361323494 -0.009208581894 0.999913761452 0.857641458249
0.999791210638 -0.019017570247 0.007474864164 68.250596625848 0.018935537451 0.999761389315 0.010896074805 1.018518133291 -0.007680299735 -0.010752253090 0.999912700047 0.862355962878
0.999788103775 -0.019128369859 0.007601586992 69.444934284232 0.019028047748 0.999733694954 0.013057689713 1.045618597138 -0.007849338141 -0.012910281621 0.999885801271 0.870371530315
0.999787053499 -0.019092764062 0.007830003856 70.635966598421 0.018974853783 0.999709393485 0.014866106801 1.071884865994 -0.008111566037 -0.014714377636 0.999858853016 0.878200439050
0.999786833314 -0.018913535416 0.008283397073 71.825962337065 0.018774786436 0.999687274256 0.016519477502 1.097718211164 -0.008593251668 -0.016360437606 0.999829192430 0.885623110747
0.999796053956 -0.017968801104 0.009224412864 73.012350543517 0.017810823334 0.999698041539 0.016932547695 1.121138264192 -0.009525887128 -0.016764802349 0.999814104506 0.894715208822
0.999824658472 -0.015939769742 0.009828916954 74.197816455561 0.015754862155 0.999702671353 0.018611242386 1.143954280772 -0.010122658209 -0.018453122196 0.999778470175 0.903124792459
0.999870361281 -0.013272124067 0.009121872676 75.375937007493 0.013105945215 0.999751329022 0.018041772330 1.159931096731 -0.009359060894 -0.017919879943 0.999795609697 0.914015141068
0.999934885331 -0.010805230834 0.003665188553 76.550869228391 0.010750788023 0.999836175495 0.014561792810 1.168077641286 -0.003821933582 -0.014521447774 0.999887239175 0.922025598457
0.999963329677 -0.008332655592 0.002005710214 77.726376284798 0.008301361577 0.999851019249 0.015135660946 1.177439620262 -0.002131532826 -0.015118458879 0.999883451074 0.933477981563
0.999967337128 -0.005486241518 0.005939458218 78.905112861449 0.005399898226 0.999880899865 0.014456974668 1.183083604789 -0.006018067727 -0.014424433588 0.999877863007 0.948889950175
0.999965991869 -0.002208275693 0.007942242211 80.079217152913 0.002092423848 0.999891779751 0.014565685686 1.184908525745 -0.007973549845 -0.014548571457 0.999862328381 0.961674905964
0.999981630586 0.001821375400 0.005785167261 81.245266263695 -0.001908136559 0.999885247950 0.015027117802 1.185380850273 -0.005757135824 -0.015037883298 0.999870321464 0.970660605049
0.999980314804 0.005340080311 0.003285310148 82.409777170010 -0.005386102455 0.999885223481 0.014163050300 1.177570776808 -0.003209303069 -0.014180467215 0.999894261716 0.982466938503
0.999961245663 0.008793794005 -0.000532414528 83.568500227037 -0.008786269014 0.999879640030 0.012787184044 1.164527761388 0.000644797288 -0.012782016310 0.999918114306 0.997781714401
0.999925573665 0.012101554237 -0.001569592695 84.727999154501 -0.012081936869 0.999855596885 0.011954769299 1.148671363543 0.001714036649 -0.011934913289 0.999927329449 1.014939215341
0.999876693196 0.015700989389 0.000398068598 85.887797576813 -0.015704591985 0.999807334257 0.011776997954 1.131295671412 -0.000213082592 -0.011781791138 0.999930572547 1.033033292907
0.999808703338 0.019511962819 0.001392791239 87.042189222191 -0.019528315949 0.999726212969 0.012894167854 1.110502551377 -0.001140821036 -0.012918907966 0.999915883693 1.050164267385
0.999729913018 0.023225754788 -0.000856256790 88.194844719679 -0.023213144793 0.999651167407 0.012594681650 1.083432014348 0.001148477861 -0.012571406527 0.999920319575 1.067303341808
0.999641678285 0.026554993919 -0.003376632026 89.344312077436 -0.026511622289 0.999572836785 0.012300640785 1.051769758414 0.003701832460 -0.012206708180 0.999918584931 1.084229563663
0.999548361589 0.029820207667 -0.003709045995 90.494499521480 -0.029772106802 0.999479643796 0.012409594276 1.016646184736 0.004077173385 -0.012293559275 0.999916094615 1.103358420435
0.999462973668 0.032675123766 -0.002468550805 91.647824107204 -0.032645892930 0.999405610140 0.011076899090 0.976586407165 0.002829022015 -0.010990366036 0.999935616191 1.123235637314
0.999370774951 0.035450482684 -0.001121694478 92.802771298295 -0.035437027920 0.999318456935 0.010335915264 0.932792702247 0.001487343612 -0.010289663938 0.999945968114 1.141510721042
0.999270728617 0.038175811177 0.000754118390 93.958847433887 -0.038181264064 0.999225433024 0.009528861471 0.885628344121 -0.000389762182 -0.009550706987 0.999954338359 1.158827328987
0.999173070997 0.040613904809 0.001913547839 95.114508603074 -0.040628626484 0.999138937956 0.008411585807 0.834182487408 -0.001570273248 -0.008482376055 0.999962791047 1.175739032213
0.999078255429 0.042925454210 -0.000260747224 96.267182459251 -0.042922506738 0.999052887418 0.007135235465 0.780421018453 0.000566782308 -0.007117467438 0.999974457153 1.191596562213
0.998971639935 0.045175174887 -0.003863121328 97.424779517191 -0.045152818142 0.998963939764 0.005690796039 0.722336602438 0.004116201448 -0.005510512478 0.999976320301 1.207772404175
0.998857734718 0.047271627844 -0.006973443420 98.583686354480 -0.047229702563 0.998865643838 0.006059486812 0.664211410458 0.007251975416 -0.005723212280 0.999957321444 1.225783729369
0.998771446428 0.048907971583 -0.007974122109 99.751163912459 -0.048859063164 0.998786335874 0.006217458895 0.603463335254 0.008268528556 -0.005820211845 0.999948817698 1.247110930862
0.998746887333 0.049505530779 -0.007346460152 100.925706356299 -0.049459817393 0.998756348680 0.006279419656 0.542613267072 0.007648190053 -0.005908196678 0.999953263987 1.270028959752
0.998797716207 0.048731465266 -0.005335773147 102.106501501188 -0.048696669840 0.998792703420 0.006468146314 0.482172391131 0.005644532844 -0.006200534888 0.999964780373 1.293132694350
0.998871439140 0.047346328385 -0.003754284202 103.290750290580 -0.047324227443 0.998862902105 0.005773386929 0.421470772807 0.004023363995 -0.005589202295 0.999976258755 1.315582579793
0.998966848618 0.045338056364 -0.003120294036 104.482016497866 -0.045318619823 0.998954306637 0.006040379092 0.361287209028 0.003390889653 -0.005892731483 0.999976844744 1.337374774620
0.999077293518 0.042871840452 -0.002549944912 105.679968588914 -0.042855449854 0.999062182035 0.006171392483 0.305264495530 0.002812133311 -0.006056420754 0.999977724446 1.357602065658
0.999205698703 0.039766559984 -0.002584728928 106.879274628343 -0.039748684501 0.999187743576 0.006633872310 0.252448689327 0.002846435069 -0.006525864134 0.999974657720 1.378019372126
0.999347391434 0.036007182962 -0.002891893238 108.083963905996 -0.035982844640 0.999319829836 0.008069217977 0.205948295615 0.003180475594 -0.007959894065 0.999963278730 1.398270411152
0.999481017630 0.032095736448 -0.002738295241 109.290696036850 -0.032072379320 0.999452079355 0.008184789239 0.161975411382 0.002999491721 -0.008092717622 0.999962703015 1.418883820673
0.999605611548 0.028034402251 -0.001655764789 110.503815753116 -0.028018781235 0.999568640984 0.008804320706 0.122209347082 0.001901873531 -0.008754456707 0.999959847469 1.440928303275
0.999718783622 0.023699450613 -0.000881726483 111.719618032500 -0.023690610420 0.999679173948 0.008962433896 0.087805429550 0.001093846645 -0.008939025437 0.999959442430 1.461864297138
0.999814933984 0.019238802032 -0.000183803923 112.936121363340 -0.019236336897 0.999773638757 0.009088045430 0.058054654865 0.000358603658 -0.009082828259 0.999958627259 1.481734403367
0.999895685264 0.014444318745 -0.000041324283 114.154992689050 -0.014443288735 0.999851176440 0.009440721306 0.035175310436 0.000177682183 -0.009439140036 0.999955438296 1.500464893942
0.999954834739 0.009500301384 -0.000079156856 115.375375160142 -0.009498992931 0.999902483292 0.010240005225 0.018934541650 0.000176432333 -0.010238795020 0.999947581969 1.520092782895
0.999989627072 0.004543090167 -0.000420557298 116.598660359471 -0.004538320449 0.999932173387 0.010724130051 0.007394283707 0.000469248352 -0.010722118693 0.999942399541 1.541010566807
0.999999417042 -0.000103337658 -0.001064043542 117.824354752817 0.000115653297 0.999932977907 0.011580958323 0.001945963086 0.001062774537 -0.011581075584 0.999932305051 1.563577285903
0.999991806022 -0.003798317302 -0.001412612904 119.052791233009 0.003816898542 0.999903008041 0.013393141087 0.003107520410 0.001361603951 -0.013398426839 0.999909285936 1.585950221230
0.999981631977 -0.005932352131 -0.001248685039 120.284481134781 0.005951257282 0.999858622170 0.015724009037 0.009255992138 0.001155226254 -0.015731147945 0.999875545853 1.608224198786
0.999975001469 -0.006900359605 -0.001548510509 121.514535971628 0.006925219800 0.999837036427 0.016669118228 0.016333617558 0.001433234439 -0.016679419655 0.999859862103 1.629489197137
0.999967365228 -0.008001010927 -0.001158624802 122.755835793848 0.008021376211 0.999791231536 0.018792393665 0.027114999256 0.001008023312 -0.018801068118 0.999822703235 1.648873245346
0.999959219456 -0.009032874438 -0.000012159618 123.996591896160 0.009031276597 0.999755196672 0.020197851873 0.038320497110 -0.000170289221 -0.020197142424 0.999795983872 1.668174225013
0.999952119329 -0.009787556921 -0.000057102701 125.237961674896 0.009786708399 0.999747397539 0.020231170066 0.049052583200 -0.000140927091 -0.020230769903 0.999795283132 1.687626753444
0.999941506718 -0.010700969587 0.001603203531 126.484341828103 0.010660358730 0.999667126289 0.023496152996 0.066374005249 -0.001854104789 -0.023477694946 0.999722566993 1.702936095362
0.999925053812 -0.011383788515 0.004504497319 127.734711113065 0.011267162934 0.999620993282 0.025120439667 0.083122889823 -0.004788757672 -0.025067806717 0.999674252906 1.717610982268
0.999913493684 -0.012164495359 0.005005224808 128.984569136657 0.012040542896 0.999637328553 0.024089585527 0.097513496995 -0.005296448534 -0.024027237380 0.999697277763 1.727811474240
0.999915322915 -0.012643869862 0.003088238419 130.234733983145 0.012566875314 0.999637913532 0.023793806376 0.112160338538 -0.003387968836 -0.023752977286 0.999712063552 1.736023561426
0.999903433635 -0.013369486314 0.003800551573 131.490402871813 0.013286540809 0.999689730054 0.021070218497 0.123404712472 -0.004081072345 -0.021017694716 0.999770736312 1.746273705028
0.999879561903 -0.014418780153 0.005740654835 132.748568883563 0.014309063138 0.999722523199 0.018714121868 0.133541692306 -0.006008897179 -0.018629720916 0.999808414898 1.757501518047
0.999862365154 -0.014736564714 0.007621323626 134.011223008900 0.014613769204 0.999766413151 0.015924269703 0.146566842330 -0.007854215604 -0.015810694385 0.999844121695 1.766607101935
0.999841580710 -0.015070892763 0.009473824225 135.274866118283 0.014935897695 0.999788193785 0.014162142454 0.160464637022 -0.009685256327 -0.014018395626 0.999854825505 1.773935047869
0.999860422278 -0.014909503987 0.007545194408 136.538102236233 0.014835390548 0.999842123619 0.009784752029 0.171748727924 -0.007689891643 -0.009671450956 0.999923654103 1.779116593060
0.999871935736 -0.014891270104 0.005867393271 137.804970582628 0.014849358842 0.999864365601 0.007123860484 0.182295782003 -0.005972682932 -0.007035821606 0.999957398663 1.786370073220
0.999874912621 -0.014693759672 0.005851988503 139.072380001224 0.014661377362 0.999877160189 0.005538187680 0.194812774209 -0.005932648503 -0.005451697690 0.999967527190 1.795473137039
0.999876223065 -0.014427689915 0.006272026305 140.346335761942 0.014393299194 0.999881328423 0.005492881760 0.211210490784 -0.006350534138 -0.005401927487 0.999965248512 1.805590553228
0.999872992019 -0.013753830786 0.008053041726 141.621990190519 0.013706788752 0.999888891248 0.005867213477 0.228164733322 -0.008132846719 -0.005756085875 0.999950316733 1.814867830949
0.999866131164 -0.013111981693 0.009787450248 142.896441655011 0.013029051670 0.999879119011 0.008489560431 0.247865334021 -0.009897584478 -0.008360903228 0.999916049825 1.823337499992
0.999881167845 -0.012525103011 0.008992191820 144.169284496948 0.012448148839 0.999885834076 0.008563394335 0.264130714870 -0.009098426059 -0.008450441948 0.999922898079 1.830345523667
0.999906704192 -0.012078669530 0.006385047357 145.440288069306 0.012021843804 0.999888479979 0.008864451812 0.279833615397 -0.006491409065 -0.008786864767 0.999940315830 1.837187010548
0.999923048881 -0.011628234316 0.004318644312 146.710159575545 0.011588902998 0.999892162857 0.009021776934 0.295656534861 -0.004423087069 -0.008971036363 0.999949988261 1.847868153317
0.999936026499 -0.011313491115 0.000208248887 147.977101528577 0.011311538582 0.999906077791 0.007738306581 0.308515174182 -0.000295778616 -0.007735455319 0.999969995710 1.862423863655
0.999936796217 -0.010759292223 -0.003276671342 149.242909451869 0.010784666695 0.999911230770 0.007826806098 0.323036613382 0.003192168732 -0.007861649250 0.999963973013 1.878852968958
0.999934436084 -0.010572525631 -0.004396215574 150.508425258037 0.010605657415 0.999915007456 0.007582359828 0.336588831926 0.004315676309 -0.007628488713 0.999961556461 1.900896259884
0.999935036948 -0.010668877336 -0.004010049791 151.772471003088 0.010698383157 0.999915384191 0.007408173921 0.348833963654 0.003930673088 -0.007450593964 0.999964478861 1.926633368242
0.999936693406 -0.010641593006 -0.003665772055 153.041301111979 0.010670843506 0.999910654015 0.008054313567 0.363970580026 0.003579732737 -0.008092920517 0.999960852579 1.949605972122
0.999937508419 -0.010907353513 -0.002456158027 154.305090018933 0.010928732963 0.999900969310 0.008865452966 0.378690614774 0.002359214273 -0.008891741302 0.999957622272 1.972135227649
0.999935852003 -0.011171197436 -0.001894666470 155.570318361698 0.011188414191 0.999893831143 0.009333813303 0.395432145235 0.001790193853 -0.009354414031 0.999954616854 1.991963550365
0.999929104125 -0.011709810531 -0.002154467874 156.834079329406 0.011729980585 0.999885157498 0.009598711493 0.410525696016 0.002041819839 -0.009623303306 0.999951538377 2.011076806301
0.999921736562 -0.012352995853 -0.001989254289 158.095171439352 0.012372129832 0.999874352969 0.009914925446 0.426745280985 0.001866523404 -0.009938762115 0.999948810469 2.029915033775
0.999914418735 -0.013052113885 -0.000891062302 159.359837293906 0.013059883288 0.999870968911 0.009353398253 0.441973227008 0.000768864432 -0.009364236414 0.999955812354 2.049847882970
0.999905696663 -0.013722476208 -0.000596278352 160.621549806683 0.013727853177 0.999853543917 0.010219030747 0.459689263149 0.000455958932 -0.010226250912 0.999947559420 2.069903856430
0.999896247848 -0.014319288979 -0.001543059684 161.882068868989 0.014334722829 0.999842135988 0.010501554027 0.477456477393 0.001392440416 -0.010522591709 0.999943616164 2.089496923124
0.999882071185 -0.015124440730 -0.002655504768 163.144273383368 0.015152643265 0.999825355872 0.010942070749 0.496767172828 0.002489548013 -0.010981021025 0.999936572943 2.108183260154
0.999872545325 -0.015742830229 -0.002657807943 164.408576123976 0.015773089010 0.999806263516 0.011776446954 0.517941669710 0.002471897682 -0.011816867349 0.999927091159 2.129046653471
0.999860141420 -0.016388360020 -0.003343843336 165.670337336006 0.016425666886 0.999799453719 0.011454939956 0.537933213666 0.003155444241 -0.011508270073 0.999928804861 2.151427029981
0.999842079455 -0.017178350692 -0.004558864610 166.932861132671 0.017230713246 0.999783013320 0.011706919665 0.559142322722 0.004356767646 -0.011783623445 0.999921007224 2.173498869265
0.999831909954 -0.017799542019 -0.004409277999 168.195286216591 0.017850818584 0.999770114810 0.011878032646 0.580758510308 0.004196839929 -0.011954745690 0.999919675236 2.195924802075
0.999823483479 -0.018546742005 -0.002999827923 169.460513745350 0.018582086572 0.999752657475 0.012219867221 0.603881813323 0.002772448249 -0.012273455119 0.999920859046 2.219631743211
0.999810605359 -0.019296866794 -0.002543216970 170.724067969980 0.019326712578 0.999737712422 0.012287594416 0.627561425007 0.002305437451 -0.012334413019 0.999921282219 2.242439611121
0.999798501892 -0.019944782162 -0.002255441265 171.990302505759 0.019971759678 0.999720582340 0.012645986154 0.652365765732 0.002002590867 -0.012688481743 0.999917515768 2.263782090238
0.999784477167 -0.020674275407 -0.001912714905 173.254139214130 0.020697553570 0.999700242386 0.013078109620 0.678192757870 0.001641758847 -0.013114873655 0.999912580447 2.284518415492
0.999770316131 -0.021262646269 -0.002702377380 174.518298195404 0.021296735967 0.999684964351 0.013284990358 0.704815949989 0.002419051016 -0.013339487320 0.999908119518 2.305758790603
0.999758854725 -0.021694165044 -0.003397111403 175.779163563703 0.021740684637 0.999661169062 0.014314614752 0.731751334514 0.003085416969 -0.014385020385 0.999891776213 2.326889306788
0.999751275649 -0.022112573799 -0.002892812434 177.046825782042 0.022152304922 0.999649301338 0.014512530448 0.757891506426 0.002570888748 -0.014573011902 0.999890523014 2.349750522968
0.999741178001 -0.022432910712 -0.003797474708 178.309689136130 0.022485534899 0.999642947373 0.014432870915 0.784214046547 0.003472346270 -0.014514523592 0.999888574626 2.373079529500
0.999731498191 -0.022470928388 -0.005662080875 179.569878764449 0.022543627108 0.999659751671 0.013120287178 0.808120515195 0.005365328738 -0.013244408707 0.999897850138 2.396396957812
0.999727274800 -0.022750927733 -0.005272432571 180.831632677680 0.022803648718 0.999688233800 0.010166049666 0.831163387393 0.005039501233 -0.010283501868 0.999934391400 2.420168057223
0.999731106671 -0.023101512476 -0.002037437932 182.093591941258 0.023120949118 0.999681706984 0.010100407282 0.856059326648 0.001803452957 -0.010144797236 0.999946886345 2.443407657902
0.999723945696 -0.023287066024 0.003121935584 183.358686318192 0.023255241306 0.999680839644 0.009870577873 0.882398920861 -0.003350796793 -0.009795251152 0.999946414660 2.464612760106
0.999721693643 -0.023473909530 0.002347842991 184.615514062442 0.023448801120 0.999672966973 0.010204302093 0.910340671393 -0.002586611898 -0.010146401725 0.999945139384 2.480881836466
0.999731016506 -0.023181932428 -0.000762752102 185.865170145814 0.023189357940 0.999660689269 0.011868067760 0.939745510983 0.000487367293 -0.011882561904 0.999929294225 2.497059961419
0.999720797410 -0.023440702001 -0.002987855127 187.114415453487 0.023475384602 0.999650558738 0.012155471342 0.968037623485 0.002701877355 -0.012222219317 0.999921643852 2.516599668378
0.999716944333 -0.023613408169 -0.002896685878 188.361144174052 0.023645855832 0.999651549882 0.011733095082 0.994160263473 0.002618617052 -0.011798272051 0.999926905785 2.539067533696
0.999721510154 -0.023564492008 -0.001250654608 189.608282751075 0.023577608193 0.999652672429 0.011774684417 1.021095948175 0.000972755803 -0.011800901236 0.999929917417 2.560948975856
0.999724966065 -0.023440484657 0.000743918406 190.853847678538 0.023430001449 0.999654939334 0.011873661008 1.047709463993 -0.001021988180 -0.011852969713 0.999929194601 2.582938785196
0.999737683489 -0.022840467765 0.001716787124 192.093027886875 0.022819684797 0.999675986744 0.011282119892 1.072406442068 -0.001973921243 -0.011239980737 0.999934829767 2.604137080367
0.999768085144 -0.021497954526 0.001267134547 193.326998006965 0.021482251273 0.999705077825 0.011326141741 1.095820047919 -0.001510250836 -0.011296299679 0.999935037031 2.625278050964
0.999798200374 -0.020083639154 -0.000386925393 194.557968714399 0.020086495473 0.999748730890 0.009948567524 1.115767312343 0.000187023263 -0.009954337802 0.999950368737 2.645606087302
0.999821512330 -0.018809602933 -0.001794338168 195.784677546554 0.018826477218 0.999773717307 0.009907770612 1.134754642408 0.001607569220 -0.009939781149 0.999949270362 2.669069545369
0.999844611665 -0.017438187592 -0.002576440038 197.005435448641 0.017460778850 0.999806901060 0.009020281101 1.150586572918 0.002418645211 -0.009063866953 0.999955987275 2.693826749227
0.999867156810 -0.016209506969 -0.001693301983 198.222816292102 0.016224364962 0.999826377188 0.009162227223 1.166525686056 0.001544492932 -0.009188484806 0.999956566002 2.718760986897
0.999889636420 -0.014850060310 0.000344309663 199.435971455022 0.014846432724 0.999850552521 0.008857004605 1.180545541109 -0.000475785700 -0.008850916746 0.999960711059 2.742541263878
0.999905833046 -0.013700039978 0.000772989531 200.643902624467 0.013692027790 0.999860518343 0.009563939619 1.194446653572 -0.000903909003 -0.009552456780 0.999953948611 2.765299822375
0.999920321029 -0.012608224112 0.000601726033 201.845575014340 0.012602042405 0.999876741041 0.009362372617 1.206220385336 -0.000719696270 -0.009354044936 0.999955937929 2.786333930483
0.999932046436 -0.011622417634 0.000915981705 203.040577778107 0.011612942966 0.999885023980 0.009752425357 1.216712820113 -0.001029223742 -0.009741126993 0.999952029584 2.806875478377
0.999943891151 -0.010511467996 0.001351792835 204.228595715138 0.010497401304 0.999894705443 0.010019094018 1.225008128846 -0.001456967333 -0.010004341943 0.999948903406 2.828936563726
0.999952048037 -0.009737959303 0.001023298807 205.407537212087 0.009727231261 0.999902534317 0.010012559128 1.232762811511 -0.001120702608 -0.010002124927 0.999949317646 2.848073439130
0.999960301463 -0.008842359267 0.001146089910 206.578115247287 0.008830382678 0.999910336428 0.010064152243 1.240109145083 -0.001234980366 -0.010053640231 0.999948662109 2.867805026406
0.999964901380 -0.008273443295 0.001326634415 207.735193590033 0.008261335608 0.999926430704 0.008886314191 1.244801010718 -0.001400059179 -0.008875042126 0.999959567916 2.887718116574
0.999965713594 -0.008062625025 0.001916741855 208.878199309173 0.008045619399 0.999929604173 0.008720253743 1.249769837547 -0.001986917881 -0.008704533732 0.999960082233 2.907246196847
0.999959402485 -0.008391281983 0.003297328642 210.008065935504 0.008363872090 0.999931125544 0.008240548657 1.254726747668 -0.003366252937 -0.008212635159 0.999960571971 2.927245197553
0.999953450569 -0.009082684480 0.003253020264 211.120115768805 0.009054825126 0.999923110519 0.008478817311 1.262705954785 -0.003329782144 -0.008448967079 0.999958738911 2.944855918231
0.999952827206 -0.009442803675 0.002262534252 212.217198480603 0.009422652344 0.999917261143 0.008757775336 1.272114591178 -0.002345045782 -0.008736044354 0.999959111651 2.962540493200
0.999950396414 -0.009868893922 0.001361814566 213.301488669378 0.009856156739 0.999910410273 0.009062945242 1.282612733240 -0.001451134700 -0.009049073655 0.999957993313 2.980054004060
0.999944971381 -0.010424606569 0.001161335528 214.372034336167 0.010413748862 0.999905316782 0.008994713073 1.292558733757 -0.001254993161 -0.008982124607 0.999958811837 2.998319765536
0.999932748034 -0.011537475636 0.001223844314 215.431501640470 0.011526759326 0.999897999043 0.008433049713 1.303010472609 -0.001321018015 -0.008418376549 0.999963652923 3.016845450744
0.999911883974 -0.013132582339 0.001958391251 216.475318522548 0.013116446409 0.999881613815 0.008039990542 1.313902202228 -0.002063747533 -0.008013595252 0.999965702210 3.035213317415
0.999880071131 -0.015110207009 0.003400009012 217.512783677418 0.015086231916 0.999861919978 0.006971143722 1.325021361370 -0.003504876759 -0.006919014835 0.999969908891 3.052652302830
0.999834218524 -0.017347473825 0.005532289465 218.535402266330 0.017307563920 0.999824387913 0.007181931959 1.340134279078 -0.005655909050 -0.007084992554 0.999958893564 3.068927416410
0.999792185441 -0.019592327410 0.005626924107 219.539268895281 0.019550602489 0.999781671539 0.007377450508 1.358002925703 -0.005770239299 -0.007265908011 0.999956943021 3.084336673729
0.999739709724 -0.022270642148 0.004957603836 220.522966914148 0.022231926247 0.999722956960 0.007733343720 1.378847492792 -0.005128460607 -0.007621112888 0.999957733315 3.096809391763
0.999674961126 -0.025004268314 0.004968535220 221.489324694831 0.024965110810 0.999657938650 0.007793203869 1.400376233926 -0.005161700476 -0.007666632869 0.999957300224 3.110064230903
0.999595902630 -0.027872599083 0.005588093983 222.430948102225 0.027825453252 0.999577989751 0.008344078199 1.424669050951 -0.005818310544 -0.008185214064 0.999949507619 3.125227171879
0.999508369571 -0.030862036890 0.005528990137 223.351327665517 0.030813361903 0.999487460623 0.008681220895 1.450768692142 -0.005794079185 -0.008506585744 0.999946969806 3.140520805711
0.999413221995 -0.033913360200 0.004812075607 224.247855588399 0.033871103669 0.999389195432 0.008607069297 1.478539546713 -0.005101032724 -0.008439029118 0.999951382573 3.154555902165
0.999301002671 -0.037133516346 0.004317435067 225.122007577397 0.037096410917 0.999276594866 0.008378581684 1.507854470910 -0.004625439687 -0.008212565134 0.999955602463 3.168661414238
0.999181417423 -0.040250878173 0.004039290126 225.975191735381 0.040210797774 0.999145559601 0.009555268628 1.541293017544 -0.004420449177 -0.009385024196 0.999946122976 3.183795557306
0.999059963746 -0.043237713094 0.003126605921 226.804935498726 0.043205159417 0.999017946373 0.009820740915 1.575433387105 -0.003548163468 -0.009676426313 0.999946889882 3.199562708162
0.998954129397 -0.045616328960 0.003137639692 227.617836842349 0.045576609186 0.998891866334 0.011739718853 1.613121013015 -0.003669688359 -0.011584442635 0.999926104268 3.213287275140
0.998915317145 -0.046447581180 0.003278305324 228.411526330333 0.046403123516 0.998844089389 0.012538583961 1.649214468302 -0.003856904251 -0.012372862419 0.999915993466 3.226635086883
0.998919995812 -0.046251046159 0.004444076415 229.188780534473 0.046191891635 0.998853090136 0.012602070814 1.683215440347 -0.005021841054 -0.012383178021 0.999910714052 3.240542857545
0.998938393536 -0.045762249786 0.005285441834 229.946604291234 0.045692158175 0.998874822050 0.012698399907 1.715279464819 -0.005860604463 -0.012443420658 0.999905384414 3.254550982828
0.998955889795 -0.045438792536 0.004734922421 230.687815715485 0.045376631474 0.998891725536 0.012498650057 1.746224731028 -0.005297599507 -0.012270743511 0.999910684669 3.267416150232
0.998979208153 -0.045085595994 0.002792689598 231.418310061871 0.045045796856 0.998900699197 0.012971754590 1.777660811430 -0.003374461221 -0.012832715148 0.999911892650 3.278186057205
0.999021812315 -0.044216513436 0.000624010335 232.145683685695 0.044204686751 0.998937943183 0.012995319989 1.807399309303 -0.001197957254 -0.012955028175 0.999915344501 3.289448098222
0.999072025984 -0.043065033273 -0.000716629681 232.868419482124 0.043070715934 0.998987088565 0.013027392376 1.836666525337 0.000154877869 -0.013046168489 0.999914885451 3.301278577434
0.999134165301 -0.041586296726 -0.001192127387 233.590221695723 0.041598778701 0.999039632036 0.013762884919 1.865181118272 0.000618633994 -0.013800553837 0.999904502664 3.314189743182
0.999203368165 -0.039882451587 -0.001394644579 234.307936374623 0.039897420794 0.999116491193 0.013207327288 1.890517644286 0.000866670309 -0.013252450760 0.999911740642 3.327011620096
0.999275571948 -0.038033632517 -0.001356296623 235.021966791737 0.038048102040 0.999190872499 0.013036185677 1.914468684279 0.000859383754 -0.013078345984 0.999914055553 3.340003695763
0.999351228635 -0.035988953465 -0.001389402654 235.732688948493 0.036004116788 0.999265370534 0.013127993519 1.938866661651 0.000915918013 -0.013169504943 0.999912800830 3.352476240255
0.999424669314 -0.033879247313 -0.001624169948 236.439190785550 0.033897398666 0.999342218513 0.012888830670 1.960595794039 0.001186436398 -0.012936470116 0.999915612173 3.364691077732
0.999518282537 -0.031007081516 -0.001325018959 237.142418580152 0.031021722449 0.999433927578 0.013022131508 1.981280658413 0.000920489659 -0.013056963896 0.999914289884 3.375720509951
0.999613407087 -0.027796449384 -0.000715515537 237.842362471973 0.027803079289 0.999539889760 0.012128063536 1.997848447699 0.000378067706 -0.012143266822 0.999926203153 3.386709098305
0.999689793439 -0.024904679920 -0.000170057494 238.538715815455 0.024905041000 0.999628189593 0.011104441954 2.011364501592 -0.000106559001 -0.011105233462 0.999938316968 3.399980785594
0.999760045218 -0.021906037889 0.000087134565 239.231149355636 0.021903802692 0.999701255754 0.010845800904 2.023251660197 -0.000324697800 -0.010841290852 0.999941199029 3.413562632840
0.999820606945 -0.018940278382 -0.000159145475 239.919145154361 0.018940910465 0.999765699115 0.010475469157 2.033230742999 -0.000039301237 -0.010476599575 0.999945093940 3.427091458588
0.999870933555 -0.016055144591 -0.000572676593 240.606715656631 0.016060188206 0.999818247881 0.010277679969 2.041148932511 0.000407562232 -0.010285549565 0.999947018564 3.438721570517
0.999913168532 -0.013096148606 -0.001466249706 241.295353992156 0.013111833728 0.999850614092 0.011258799917 2.048740358681 0.001318582902 -0.011277048051 0.999935517375 3.450471546706
0.999945597193 -0.010220340004 -0.002102266452 241.988817635952 0.010243266244 0.999884823882 0.011198718488 2.054448994455 0.001987569213 -0.011219639664 0.999935078925 3.463242716723
0.999972083701 -0.007388279993 -0.001155627954 242.685191693733 0.007400820639 0.999909342290 0.011252684560 2.058008092621 0.001072383484 -0.011260926922 0.999935974009 3.475440400605
0.999988241670 -0.004830874841 -0.000455193113 243.387749406512 0.004835904024 0.999918907183 0.011785574391 2.062550605583 0.000398220712 -0.011787644944 0.999930451148 3.487265060217
0.999996625449 -0.002522983567 -0.000586808683 244.090940243789 0.002529586297 0.999930199391 0.011538565442 2.064104884868 0.000557656041 -0.011540012990 0.999933275160 3.498774659420
0.999998422883 -0.000210869856 -0.001764975049 244.795351770561 0.000230967280 0.999935065738 0.011394497816 2.064715828120 0.001762457676 -0.011394888817 0.999933511379 3.509819883156
