0.999999999995 -0.000000000168 -0.000000000358 -0.000000000026 -0.000000000168 1.000000000000 0.000000000014 0.000000000057 -0.000000000358 0.000000000014 1.000000000005 0.000000000120
0.999979579832 -0.006385929294 0.000260939941 0.091558071864 0.006385809080 0.999979485484 0.000460404793 0.002320159154 -0.000263875883 -0.000458729021 0.999999834684 0.001529485508
0.999910011242 -0.013413971676 0.000092932811 0.185752626521 0.013413874064 0.999909583849 0.000973508953 0.005239913472 -0.000105983930 -0.000972174986 0.999999504910 0.003264019304
0.999780721386 -0.020933151103 -0.000597173835 0.283465378185 0.020933884956 0.999780083189 0.001250112531 0.010077948753 0.000570872170 -0.001262338743 0.999998995425 0.004962289638
0.999545424885 -0.030075434449 -0.002086639410 0.387247622567 0.030079262137 0.999545862560 0.001830096317 0.017982044981 0.002030650280 -0.001892028037 0.999996112555 0.003753856307
0.999135930810 -0.041372619520 -0.003955059753 0.501045742878 0.041380617450 0.999141533771 0.001962246682 0.028115444329 0.003870481043 -0.002124214594 0.999990235419 0.003088974498
0.998480871009 -0.054871397828 -0.005017902957 0.627949563606 0.054880960172 0.998491279498 0.001786187027 0.040624049670 0.004912320234 -0.002058860046 0.999985749493 0.002819006387
0.997466923938 -0.070944251135 -0.005166465246 0.767248240220 0.070954115148 0.997478033315 0.001751337700 0.057753688352 0.005029188341 -0.002113485058 0.999985142747 0.002989169954
0.995969779180 -0.089534552567 -0.005274387433 0.919945222223 0.089537832447 0.995983320393 0.000386908748 0.077451811337 0.005218559297 -0.000857607135 0.999986000426 0.003499255521
0.993973622623 -0.109488110902 -0.005362666963 1.083308161301 0.109483720306 0.993987993208 -0.001106295956 0.102853242907 0.005451551544 0.000512505397 0.999984984169 0.004243045362
0.991287175400 -0.131593742476 -0.005727798597 1.253632608730 0.131588093749 0.991303602933 -0.001365520637 0.135180758366 0.005857681451 0.000599914544 0.999982621667 0.007423191362
0.987773472277 -0.155708335140 -0.007645837951 1.428942358835 0.155726446793 0.987798477941 0.001832186674 0.177944384235 0.007267259821 -0.003000444522 0.999969049782 0.012820578629
0.983415076704 -0.181068401142 -0.010437669815 1.608724495577 0.181136569093 0.983439727904 0.005991584905 0.230265262952 0.009179933600 -0.007782860182 0.999927595391 0.019996856984
0.978087226810 -0.207836285312 -0.012225934780 1.794913253586 0.207954049954 0.978094408273 0.009298137255 0.289336754000 0.010025628914 -0.011636825844 0.999881964917 0.027211438294
0.971361444482 -0.237234251234 -0.013298144780 1.987684881753 0.237370858918 0.971369358218 0.009836964770 0.354130399265 0.010583746634 -0.012711835867 0.999863197300 0.030184689884
0.963321295608 -0.267997276721 -0.013768944823 2.184144151433 0.268156823178 0.963307408015 0.011435101928 0.429439092693 0.010199151735 -0.014707911291 0.999839796378 0.032334263691
0.953884383936 -0.299848440482 -0.013983222573 2.383041609927 0.300030253951 0.953834492728 0.013478858674 0.516137122695 0.009296065934 -0.017052672706 0.999811323335 0.035421088814
0.942628751999 -0.333535910310 -0.014312346906 2.583762547711 0.333736212360 0.942544934742 0.015139245419 0.609340203263 0.008440544185 -0.019047237193 0.999782913259 0.037642461333
0.930129772842 -0.366889194899 -0.015838240083 2.780476986903 0.367136529591 0.930003392815 0.017450018447 0.712591395521 0.008327389414 -0.022045580594 0.999722234343 0.039902181075
0.916263906437 -0.400194241866 -0.017467140094 2.977166005242 0.400497463336 0.916073882207 0.020257062343 0.830549008802 0.007894427029 -0.025556363821 0.999642211356 0.036847139560
0.900213748901 -0.435061877782 -0.018339498007 3.174173313338 0.435383884047 0.900006086579 0.020732752688 0.953430556942 0.007485628870 -0.026648639534 0.999616764520 0.032568152810
0.881737818876 -0.471373536748 -0.018588054517 3.371391442418 0.471661559698 0.881624753851 0.016527934842 1.079738082067 0.008596857055 -0.023340576632 0.999690627273 0.028261311228
0.860515295141 -0.509124458852 -0.017485363580 3.568564854946 0.509338199556 0.860494759488 0.011112854628 1.216029454655 0.009388229497 -0.018468748128 0.999785345371 0.027460732208
0.835847479468 -0.548725420485 -0.016108343098 3.760276535103 0.548918707590 0.835789738673 0.011992523526 1.374391092886 0.006882580442 -0.018866089073 0.999798281859 0.031017789540
0.807194769509 -0.590048283737 -0.016725588870 3.944412146690 0.590279198102 0.806990557164 0.018348055738 1.557706925211 0.002671148686 -0.024683226286 0.999691773328 0.036912129014
0.775098605817 -0.631569966033 -0.018479883013 4.123977489055 0.631839411753 0.774815475935 0.020975294906 1.751352342320 0.001071128843 -0.027934242371 0.999609118248 0.040415198658
0.739414755139 -0.672961650921 -0.019709803894 4.302388930533 0.673249825782 0.739127926709 0.020605174683 1.955491264546 0.000701571563 -0.028505391270 0.999593318152 0.043386086156
0.700083540956 -0.713874806544 -0.016304882080 4.482490811168 0.714060946168 0.699900967685 0.015988392010 2.168730318005 -0.000001908139 -0.022835894808 0.999739191360 0.044009612258
0.657608621585 -0.753240990848 -0.013378328385 4.655526116951 0.753359720770 0.657499741752 0.011966840673 2.402443858046 -0.000217672043 -0.017948186541 0.999838836663 0.044755732924
0.613270251650 -0.789796612024 -0.010991814245 4.817714763115 0.789870560816 0.613173281260 0.011089861744 2.655683408227 -0.002018850463 -0.015483193961 0.999878067090 0.046522776320
0.565564503032 -0.824658430418 -0.008671393380 4.970906577179 0.824691561337 0.565466731483 0.011457030690 2.930021383938 -0.004544759559 -0.013630917373 0.999896765485 0.047341206144
0.514780433068 -0.857291044809 -0.007292662738 5.112076883751 0.857300676090 0.514688939972 0.011443417642 3.221015854708 -0.006056894769 -0.012142853246 0.999907926960 0.046866675814
0.462289688339 -0.886704485395 -0.006583322952 5.239154582631 0.886691696988 0.462189436611 0.012602230657 3.529987707439 -0.008131721208 -0.011663253082 0.999898875050 0.045698519350
0.408158867553 -0.912894061191 -0.005544690164 5.353946497167 0.912848690909 0.408052628511 0.014151080284 3.861161842405 -0.010655925697 -0.010837353188 0.999884503936 0.042385486587
0.352863058429 -0.935657494186 -0.005718859136 5.453217444007 0.935590702516 0.352742607572 0.015583142150 4.210512631267 -0.012563210525 -0.010849222366 0.999862233999 0.039832486139
0.297738822236 -0.954641007673 -0.003490098455 5.541009752953 0.954508336281 0.297631142387 0.018153099177 4.580767202930 -0.016290939678 -0.008736208692 0.999829135378 0.039870187263
0.243824999228 -0.969819192198 -0.000134621194 5.618366963174 0.969628005599 0.243774195923 0.019891427083 4.963752914412 -0.019258283653 -0.004980558041 0.999802104848 0.041140618848
0.192627245806 -0.981270777148 0.001550138926 5.676985420256 0.981074817427 0.192619966584 0.019744880244 5.361651445131 -0.019673670141 -0.002282594775 0.999803787610 0.040313348148
0.144977455270 -0.989433900751 -0.001467599436 5.712941497781 0.989234827533 0.144918147676 0.020330414758 5.779486076608 -0.019902928882 -0.004399247908 0.999792197055 0.036646373875
0.102012791955 -0.994771372609 -0.004823515966 5.734120022641 0.994588823344 0.101895898258 0.020255581832 6.214447916003 -0.019658186197 -0.006863742206 0.999783209787 0.029738404786
0.063783477473 -0.997937602456 -0.007227999395 5.743774568525 0.997801013602 0.063640586030 0.018523387844 6.663246730013 -0.018025201930 -0.008393586730 0.999802236497 0.020882431174
0.029039768719 -0.999551190867 -0.007354956889 5.742822141664 0.999459532205 0.028922108274 0.015628548232 7.126732544318 -0.015408823726 -0.007804825971 0.999850753008 0.013777109868
-0.002737654028 -0.999969655425 -0.007295389087 5.732849999998 0.999915192172 -0.002830289992 0.012717819238 7.603270587663 -0.012738085448 -0.007259948385 0.999892509020 0.010053492710
-0.029646796346 -0.999525033814 -0.008413287213 5.706973618651 0.999499912350 -0.029736572951 0.010753628997 8.097441303767 -0.010998714438 -0.008090264730 0.999906759297 0.006075800283
-0.050905019084 -0.998661156170 -0.009195235223 5.671974588820 0.998665941156 -0.050980862395 0.008211349264 8.605960379789 -0.008669147686 -0.008764964401 0.999924001479 -0.000246806970
-0.067324999239 -0.997690209664 -0.009032228176 5.631511261671 0.997704523470 -0.067386573743 0.006694823668 9.133620308742 -0.007288022649 -0.008560761215 0.999936782981 -0.008075533047
-0.080616191787 -0.996712048661 -0.008135663398 5.584325814820 0.996715854284 -0.080673862538 0.007027427918 9.676702899615 -0.007660668414 -0.007542413749 0.999942184325 -0.012168065435
-0.090440161823 -0.995856685150 -0.009485414388 5.530357369228 0.995857194012 -0.090522286738 0.008618360727 10.233374926001 -0.009441299924 -0.008666668351 0.999917878561 -0.011276361930
-0.097200029205 -0.995193229889 -0.011937436436 5.468759570903 0.995201321986 -0.097322434010 0.010139735091 10.807330743419 -0.011252777731 -0.010894564326 0.999877343215 -0.009056284170
-0.101748433274 -0.994736088034 -0.012139898758 5.408815109086 0.994736022670 -0.101882283962 0.010963998195 11.394363188439 -0.012143133500 -0.010960421832 0.999866217236 -0.012827997220
-0.103486469034 -0.994583387211 -0.009714505338 5.349582417997 0.994557072784 -0.103592896474 0.011172374294 11.999332097253 -0.012118220634 -0.008505436085 0.999890365509 -0.020239394089
-0.102858989612 -0.994666208486 -0.007692734345 5.287575913124 0.994599113237 -0.102953815558 0.013160244445 12.619806191338 -0.013882058874 -0.006297532914 0.999883805169 -0.025686031280
-0.101373064072 -0.994811166644 -0.008620716311 5.222016959513 0.994707288674 -0.101500901744 0.015971569155 13.256022424844 -0.016763721167 -0.006955996313 0.999835265816 -0.026034184631
-0.099458418835 -0.994980147529 -0.011070003307 5.153894501821 0.994889727106 -0.099631539456 0.016373269673 13.907659219818 -0.017394007504 -0.009384964440 0.999804598291 -0.028462737462
-0.097787158645 -0.995128880094 -0.012497804072 5.084521069675 0.995098783872 -0.097954290954 0.013542824156 14.569352166764 -0.014701071930 -0.011112234570 0.999830129599 -0.035382816944
-0.096548877459 -0.995245371326 -0.012839698312 5.017882835342 0.995222561294 -0.096718601593 0.013328677915 15.249833615849 -0.014507152894 -0.011491484138 0.999828679052 -0.045006206553
-0.095001777045 -0.995398081125 -0.012540701669 4.951877452309 0.995336016856 -0.095192903032 0.015641271109 15.947472616947 -0.016763089480 -0.010996254275 0.999799000077 -0.055359162627
-0.093120935889 -0.995560134230 -0.013729824686 4.883719268094 0.995447937474 -0.093373823655 0.019098233139 16.661724090008 -0.020295449969 -0.011888874627 0.999723339543 -0.062798671332
-0.091255526061 -0.995713287235 -0.015081584358 4.816163285348 0.995548452346 -0.091577999189 0.022287513930 17.390587402284 -0.023573128738 -0.012980585034 0.999637825250 -0.068958107748
-0.089424653150 -0.995863018863 -0.016124863357 4.749442482873 0.995739384887 -0.089755892918 0.021143179464 18.129303010596 -0.022503022134 -0.014165443101 0.999646406068 -0.081659437603
-0.087524417440 -0.995998171953 -0.018087738301 4.681656210234 0.995966155739 -0.087853161848 0.018257383522 18.881727385793 -0.019773398837 -0.016416805766 0.999669679288 -0.097364819596
-0.085929071418 -0.996113741699 -0.019327943081 4.614460740870 0.996120797426 -0.086266573762 0.017362549943 19.645931437903 -0.018962446121 -0.017761017563 0.999662365180 -0.110820751351
-0.084292996565 -0.996298830663 -0.016831605828 4.554239333692 0.996218239143 -0.084619290268 0.019717557280 20.431099898052 -0.021068866500 -0.015105897778 0.999663896832 -0.123429976484
-0.083151889767 -0.996430143823 -0.014587124319 4.493672807571 0.996270320298 -0.083459280768 0.021908557396 21.222860468191 -0.023047785462 -0.012710976337 0.999653570536 -0.133668078446
-0.081804429020 -0.996550572584 -0.013964014334 4.430383100258 0.996326940160 -0.082125844213 0.024248147737 22.022970126778 -0.025311314157 -0.011929113453 0.999608383233 -0.144263505450
-0.081119357721 -0.996610446144 -0.013685107460 4.366621253202 0.996479569435 -0.081385070496 0.020126617375 22.822785228884 -0.021172170189 -0.012004270010 0.999703798217 -0.154174321639
-0.080682629466 -0.996670444167 -0.011760603915 4.305987702856 0.996646899191 -0.080830612476 0.012702460440 23.627706966842 -0.013610784910 -0.010696299043 0.999850141942 -0.162390596554
-0.080697493787 -0.996707289374 -0.007902378181 4.247793205089 0.996701283453 -0.080760631067 0.008025035066 24.447507082749 -0.008636824300 -0.007228705081 0.999936564854 -0.172091491656
-0.081212768069 -0.996676739071 -0.006320402028 4.186574548435 0.996664596737 -0.081259526021 0.007530196563 25.277053672709 -0.008018772587 -0.005687767734 0.999951684090 -0.177467066744
-0.081011404734 -0.996681032412 -0.008005226901 4.118144267859 0.996573497398 -0.081131896932 0.016090158499 26.120411456833 -0.016686248121 -0.006674306576 0.999838521666 -0.177622560668
-0.081312032497 -0.996641336485 -0.009713417949 4.048009259838 0.996408580876 -0.081516375857 0.022915976936 26.967381497117 -0.023630822653 -0.007815183176 0.999690188354 -0.181783445224
-0.081560469889 -0.996594372749 -0.012148964819 3.974156697845 0.996227572385 -0.081880844989 0.028743075346 27.813447497390 -0.029639969186 -0.009758832244 0.999512994878 -0.189898614104
-0.081876862264 -0.996543756740 -0.014022392538 3.898941762381 0.996173467244 -0.082261828000 0.029520883709 28.658515265000 -0.030572372406 -0.011551652618 0.999465740264 -0.198844982446
-0.082289623655 -0.996509093354 -0.014073810496 3.826085130416 0.996235449824 -0.082636959497 0.026193108827 29.498078727967 -0.027264697045 -0.011865399339 0.999557773153 -0.210297070233
-0.082763919501 -0.996475849535 -0.013640418564 3.755291470720 0.996281155255 -0.083061313213 0.022906790868 30.335103574060 -0.023959063246 -0.011693831558 0.999644522714 -0.223844869121
-0.082693419637 -0.996457856306 -0.015283702488 3.682525196067 0.996254858230 -0.083045853870 0.024075869962 31.177084657650 -0.025259847565 -0.013235539183 0.999593293507 -0.235898776959
-0.082442339780 -0.996457720537 -0.016591050229 3.610633718049 0.996200043687 -0.082867357596 0.026806900676 32.016097278404 -0.028086813315 -0.014317978460 0.999502927375 -0.243089950116
-0.082439978952 -0.996444286453 -0.017388610712 3.536838139043 0.996229351576 -0.082870386987 0.025683929178 32.856987944532 -0.027033616057 -0.015205663022 0.999518885939 -0.252115106262
-0.082060318539 -0.996470227967 -0.017698236097 3.465761358244 0.996386491966 -0.082417994392 0.020526652405 33.687873504460 -0.021912866177 -0.015949854653 0.999632662932 -0.263209446323
-0.081712604355 -0.996483324178 -0.018546281389 3.396134943344 0.996504334184 -0.082010619966 0.015919880028 34.521484209009 -0.017384893872 -0.017180596052 0.999701184321 -0.272035626405
-0.081269138184 -0.996518545516 -0.018605242322 3.327727086725 0.996531305639 -0.081577228771 0.016446106752 35.358055986314 -0.017906621873 -0.017204142286 0.999691646955 -0.276046395757
-0.080499279068 -0.996594498183 -0.017865378495 3.261547112625 0.996540337219 -0.080840742353 0.019292178578 36.195488748474 -0.020670739853 -0.016250564985 0.999654271421 -0.275876846387
-0.080006647489 -0.996637430825 -0.017685179667 3.194808727443 0.996476892098 -0.080416296665 0.023811747604 37.036351063102 -0.025153871142 -0.015717770223 0.999559974154 -0.280010319381
-0.079351014202 -0.996696768835 -0.017288375406 3.127987974989 0.996376969949 -0.079834063275 0.029316336001 37.878045062592 -0.030599708016 -0.014899453139 0.999420617476 -0.288079608557
-0.079466240501 -0.996680373824 -0.017703732661 3.061302033653 0.996238601564 -0.080021522091 0.033244056401 38.713044307287 -0.034550384816 -0.014995356576 0.999290462592 -0.297323187947
-0.079208187825 -0.996707505196 -0.017326375125 2.996070728426 0.996280605413 -0.079741896996 0.032654088542 39.545722623358 -0.033928222773 -0.014675446629 0.999316484821 -0.309485328310
-0.079068004368 -0.996725466598 -0.016930634577 2.930004802640 0.996405731781 -0.079537696199 0.029144333854 40.375725958491 -0.030395540305 -0.014565393238 0.999431750566 -0.325377612249
-0.078704023179 -0.996748096011 -0.017287348585 2.862628054720 0.996564943868 -0.079114163482 0.024481836278 41.202249473609 -0.025769907771 -0.015301145872 0.999550796660 -0.337352433175
-0.078257803569 -0.996711219518 -0.021035269660 2.790543517170 0.996660474688 -0.078712496168 0.021733501175 42.029050141030 -0.023317772825 -0.019264201719 0.999542419737 -0.347772572832
-0.078690047253 -0.996605879267 -0.024178061637 2.719009877852 0.996669421536 -0.079169468028 0.019555184602 42.855350853864 -0.021402981254 -0.022558731292 0.999516365281 -0.358337398019
-0.079391528506 -0.996583115054 -0.022780998013 2.654284633391 0.996647345839 -0.079808547864 0.018019043922 43.679183956404 -0.019775599930 -0.021274054978 0.999578016370 -0.363344050375
-0.080761305339 -0.996556351546 -0.018788915259 2.593725824229 0.996603296818 -0.081041036695 0.014634969392 44.502754225174 -0.016107259684 -0.017543153276 0.999716312034 -0.368928559140
-0.081563264013 -0.996563935834 -0.014415657271 2.531482998899 0.996575106905 -0.081744806868 0.012487247581 45.325166634738 -0.013622757797 -0.013347784623 0.999818040881 -0.375196525755
-0.083192222252 -0.996437847962 -0.013808731230 2.465169188962 0.996391601723 -0.083406289465 0.015726150096 46.147782628139 -0.016821870793 -0.012450604737 0.999780911718 -0.377322457777
-0.084964590358 -0.996304890798 -0.012553933120 2.398192657298 0.996108650095 -0.085230536606 0.022433895143 46.972642240385 -0.023420985448 -0.010598987712 0.999669436964 -0.378015281877
-0.086780668246 -0.996168294687 -0.010851552826 2.331742824177 0.995853459916 -0.087041400872 0.026453619099 47.789099407750 -0.027296804501 -0.008510889385 0.999591079118 -0.380990019808
-0.088539333636 -0.996024190405 -0.009830555287 2.263637253607 0.995731666994 -0.088762941858 0.025290843363 48.599049917531 -0.026062892085 -0.007549355572 0.999631735493 -0.386455135960
-0.089461196350 -0.995899173753 -0.013472835616 2.185493122679 0.995721495955 -0.089743166837 0.022022854925 49.401394163403 -0.023141649873 -0.011444993882 0.999666643187 -0.391174965022
-0.090662339725 -0.995731417599 -0.017300776297 2.105683639278 0.995693423883 -0.090969295984 0.017865608818 50.198286346175 -0.019363204004 -0.015606527507 0.999690725710 -0.397090406110
-0.091709978172 -0.995552773517 -0.021537181978 2.023044261508 0.995621646021 -0.092066126105 0.016170040449 50.994601454214 -0.018080982768 -0.019959926927 0.999637284277 -0.404244890683
-0.092615804117 -0.995413968353 -0.023945549020 1.943029679503 0.995508502425 -0.093045042011 0.017477715269 51.788978469514 -0.019625582727 -0.022219289425 0.999560436127 -0.406138286009
-0.093552776369 -0.995333222250 -0.023654588345 1.867831093420 0.995388241439 -0.094011474330 0.019083839028 52.582466323050 -0.021218593108 -0.021760156023 0.999538000699 -0.408549202525
-0.094436119500 -0.995205777220 -0.025440596386 1.790059411093 0.995310621868 -0.094921954776 0.018616180956 53.368710968118 -0.020941810559 -0.023563260947 0.999502994277 -0.412001326973
-0.094992562506 -0.995124716616 -0.026518223343 1.713084680738 0.995258948981 -0.095496740911 0.018438968247 54.150927835715 -0.020881478772 -0.024640930965 0.999478243417 -0.412769548102
-0.095538162263 -0.995106060954 -0.025226881610 1.640452271629 0.995174526161 -0.096052778975 0.020040527067 54.930297678128 -0.022365571065 -0.023190514171 0.999480821238 -0.416163879017
-0.095841289023 -0.995101064426 -0.024254963510 1.568060551178 0.995086061361 -0.096391613083 0.022637469759 55.705755751830 -0.024864552514 -0.021966173138 0.999449412106 -0.418152498416
-0.095749402696 -0.995085271996 -0.025244654253 1.491193316722 0.994972092390 -0.096425211316 0.027067924188 56.479002627869 -0.029369116878 -0.022525989017 0.999314764012 -0.422292662635
-0.096181609061 -0.995038709576 -0.025437732555 1.416557229025 0.994853721991 -0.096918998390 0.029543763862 57.243308373186 -0.031862606214 -0.022465252302 0.999239737451 -0.428506857233
-0.096920999579 -0.994977757654 -0.025009696586 1.344669272139 0.994787812072 -0.097641137840 0.029386091951 57.999332313372 -0.031680489329 -0.022031210878 0.999255187419 -0.436963598074
-0.097418533073 -0.994949652345 -0.024184223838 1.273148921996 0.994796330655 -0.098074405244 0.027600879261 58.746602007340 -0.029833353575 -0.021369539793 0.999326378317 -0.443889235513
-0.097565442176 -0.994949121226 -0.023604504533 1.200498769313 0.994882499209 -0.098129945811 0.024070172976 59.479308022855 -0.026264919646 -0.021135290283 0.999431577987 -0.449021752251
-0.097562721924 -0.994950266374 -0.023569241249 1.128188279590 0.994948970801 -0.098070031571 0.021421243645 60.205450098716 -0.023624520955 -0.021360278817 0.999492703495 -0.453019491687
-0.096343306754 -0.995062901125 -0.023828600620 1.058612158204 0.995123630598 -0.096802444582 0.018927776566 60.914273546393 -0.021140996790 -0.021888837166 0.999536831336 -0.455273161272
-0.094010109521 -0.995237405040 -0.025780438318 0.990753065735 0.995360206145 -0.094491841890 0.018149290101 61.609142327000 -0.020498902552 -0.023954605765 0.999502871411 -0.455179832509
-0.090150570699 -0.995568191296 -0.026774067951 0.928584440809 0.995693152206 -0.090680699974 0.019291551553 62.289148729836 -0.021633955370 -0.024919605136 0.999455280674 -0.453157751654
-0.084292138252 -0.996106284423 -0.025826335639 0.875028852545 0.996184743740 -0.084830028508 0.020489999017 62.954504453220 -0.022601078831 -0.024000647727 0.999456426761 -0.451883848071
-0.077194448293 -0.996704250942 -0.024932426692 0.827362121580 0.996723458923 -0.077753482400 0.022289021619 63.604540407804 -0.024154159255 -0.023130144094 0.999440630694 -0.450032431780
-0.068533123619 -0.997315809405 -0.025777091267 0.783450569452 0.997323293629 -0.069147896598 0.023765401357 64.239594182806 -0.025484046949 -0.024079373970 0.999385140217 -0.448758909350
-0.056501654362 -0.998016897557 -0.027744776591 0.746169184773 0.998034251998 -0.057213695364 0.025578009123 64.859080087765 -0.027114678592 -0.026245032245 0.999287729725 -0.448999571557
-0.041929045742 -0.998658382004 -0.030386320989 0.718980740757 0.998712001738 -0.042762261064 0.027310057589 65.460590582535 -0.028572817275 -0.029202096990 0.999165076806 -0.451612098773
-0.023440803790 -0.999230323166 -0.031452044950 0.706562628083 0.999288445530 -0.024348830320 0.028804741601 66.044930418261 -0.029548405825 -0.030754464844 0.999090064110 -0.454962512123
-0.001616984370 -0.999490828130 -0.031867616420 0.709301393622 0.999553320452 -0.002566509750 0.029777589786 66.606441464663 -0.029844228537 -0.031805235896 0.999048414120 -0.457476631121
0.023774119911 -0.999245405271 -0.030713703961 0.731438322181 0.999266983717 0.022830106718 0.030729350839 67.146403262283 -0.030004981879 -0.031421758563 0.999055713371 -0.458774124758
0.052445360682 -0.998229483708 -0.028058736492 0.774395261108 0.998207220883 0.051591237952 0.030344941358 67.660582347264 -0.028843644953 -0.029599875221 0.999145591366 -0.459948640206
0.086084546793 -0.995953992847 -0.025787429674 0.835174428540 0.995883165147 0.085283123742 0.030715907995 68.153043720986 -0.028392411884 -0.028325431504 0.999195399464 -0.459261214364
0.123431174456 -0.992068622301 -0.023759651774 0.912144651382 0.991958518160 0.122671608403 0.031144980454 68.626395628633 -0.027983333176 -0.027412850961 0.999232417140 -0.459516851027
0.163616324549 -0.986274474867 -0.022187306155 1.005918991782 0.986150678981 0.162894225694 0.031183146797 69.077975138847 -0.027140972734 -0.026982096574 0.999267349757 -0.458586838214
0.208382318406 -0.977854925966 -0.019404194209 1.122925243106 0.977653557089 0.207694336946 0.032507299503 69.525591673769 -0.027757296944 -0.025744522281 0.999283044649 -0.458033872120
0.256000772750 -0.966556677253 -0.015222125828 1.261800960664 0.966299427468 0.255429314655 0.031958419983 69.951287369533 -0.027001458028 -0.022890512836 0.999373212595 -0.456279346252
0.305429885556 -0.952189132328 -0.006961862802 1.431940694344 0.951906846349 0.305137168242 0.027651617817 70.366888322551 -0.024205252189 -0.015072675637 0.999593346202 -0.454605319955
0.356093928234 -0.934449496548 -0.001080761034 1.621276690329 0.934214270147 0.355977812785 0.022882474969 70.759205067580 -0.020997801647 -0.009157973180 0.999737558981 -0.455856714556
0.407805076303 -0.913057832407 0.004528598551 1.833035370823 0.912882277318 0.407816863488 0.018203209788 71.148672131449 -0.018467438576 -0.003289280993 0.999824060209 -0.461541554631
0.458793524515 -0.888523567675 0.005867669402 2.057135387644 0.888351324211 0.458821746660 0.017738707805 71.519430519868 -0.018453473847 -0.002925848277 0.999825428825 -0.468117277069
0.506681151842 -0.862094322575 0.008220483345 2.301909616134 0.861928786428 0.506745650598 0.016962986739 71.884534870474 -0.018789400853 -0.001509351870 0.999822297560 -0.472077502928
0.551621228569 -0.833941141241 0.016006584439 2.571537809215 0.833851111496 0.551822412953 0.013580195625 72.230035740363 -0.020157878806 0.005855992973 0.999779658478 -0.474357348967
0.595071284790 -0.803211440633 0.027230399396 2.863407700573 0.803368759318 0.595436635142 0.007339956423 72.542692778029 -0.022109526081 0.017508263035 0.999602180068 -0.476208613551
0.637619644841 -0.769849706423 0.027795534495 3.156859485002 0.770099178213 0.637919062532 0.002568210954 72.850907422958 -0.019708440280 0.019767782032 0.999610292628 -0.476623948800
0.679088560628 -0.733741148212 0.021510242400 3.455393907248 0.733927938168 0.679226289022 -0.001199163916 73.138999258352 -0.013730456290 0.016601307074 0.999767850350 -0.478201186690
0.719853752323 -0.694032586407 0.011373355985 3.775259902271 0.694120692047 0.719815005823 -0.007935685534 73.425462040145 -0.002679084314 0.013607010960 0.999903841854 -0.485944026197
0.759413467201 -0.650606564560 0.001520240042 4.118861580645 0.650580311018 0.759356837406 -0.011066005123 73.693314526047 0.006045207100 0.009392713483 0.999937595393 -0.491819300586
0.796772265265 -0.604276636677 -0.001920331590 4.496111542287 0.604219323330 0.796733655470 -0.011600538594 73.960746312382 0.008539924956 0.008082689070 0.999930879265 -0.492258492271
0.831102777089 -0.556107180553 -0.003594448669 4.903159294682 0.556024719498 0.831063691791 -0.013022930643 74.211937651072 0.010229359757 0.008824793724 0.999908731120 -0.492860162456
0.862122046451 -0.506643267651 -0.007626831276 5.330473708002 0.506545639520 0.862132998761 -0.011759826813 74.441297639258 0.012533378563 0.006275070572 0.999901754788 -0.491147360950
0.888655042042 -0.458528674803 -0.006605197104 5.789696949074 0.458464406200 0.888664240625 -0.009294232873 74.667176261425 0.010131473334 0.005231122345 0.999934917333 -0.483080119986
0.910376290115 -0.413704853440 -0.007959375075 6.270047665432 0.413692095202 0.910410953621 -0.003268641080 74.874287581154 0.008598553596 -0.000317036824 0.999962956263 -0.477484804900
0.928272678510 -0.371724821442 -0.011426179571 6.772218851580 0.371764049489 0.928326135508 0.001447902030 75.075181476816 0.010068998942 -0.005591891186 0.999933685981 -0.477512156969
0.942221397571 -0.334789265774 -0.011621097699 7.301956985053 0.334873373272 0.942242660912 0.006207705734 75.261216585734 0.008871618883 -0.009740628235 0.999913141517 -0.473647236923
0.952641505471 -0.303960217326 -0.009080472331 7.853290004117 0.304032158561 0.952628307980 0.007982798586 75.430008631234 0.006223861736 -0.010365498765 0.999926886549 -0.464936715079
0.960154262694 -0.279385302995 -0.006906963109 8.426395861317 0.279431688643 0.960139836385 0.007037463577 75.589716256126 0.004665484319 -0.008687073422 0.999951400921 -0.457233511898
0.966168893592 -0.257872188139 -0.004430095312 9.018286588827 0.257898410715 0.966146470023 0.007022494874 75.740822791459 0.002469212824 -0.007927432171 0.999965536385 -0.453420965956
0.970917808362 -0.239406356176 -0.001812974880 9.629308410626 0.239412446255 0.970867828817 0.009861166987 75.889760378818 -0.000600670965 -0.010008429240 0.999949662821 -0.447174498516
0.974622446676 -0.223849657572 -0.001568639299 10.254246518170 0.223849592433 0.974524491724 0.013909876403 76.035637629608 -0.001585046851 -0.013908020963 0.999901961601 -0.442110691441
0.977671103662 -0.210140828336 -0.000117412291 10.896712562956 0.210106672224 0.977501739183 0.018590989803 76.175151629272 -0.003791957177 -0.018200538824 0.999827157155 -0.436813267842
0.980434620569 -0.196845041371 0.000206137347 11.555887823019 0.196813219146 0.980293845592 0.016989454055 76.299236102906 -0.003546369006 -0.016616480506 0.999855633839 -0.435733805107
0.983098270313 -0.183078437522 0.000271421942 12.231798434645 0.183047501880 0.982957404554 0.016979118452 76.416496633516 -0.003375309042 -0.016642462999 0.999855825133 -0.435909556972
0.985714855729 -0.168419555902 0.001033862975 12.923979095329 0.168376306984 0.985568800063 0.017423184947 76.529248225695 -0.003953351299 -0.017000218590 0.999847644207 -0.436489832642
0.988069660951 -0.153998962282 0.001631744648 13.633364702154 0.153941814384 0.987901859445 0.018755732065 76.633524638579 -0.004500368230 -0.018280772229 0.999822779604 -0.434606080452
0.989998728656 -0.141075496209 -0.000553647015 14.351273833609 0.141060727545 0.989821130962 0.018869533483 76.730323971864 -0.002114020363 -0.018758910283 0.999821740382 -0.428880623075
0.991550335361 -0.129631328946 -0.004857731581 15.083653586415 0.129703923537 0.991345246658 0.020284166593 76.820851475390 0.002186224644 -0.020742839515 0.999782417981 -0.423463398443
0.992743096975 -0.119716730850 -0.011358474555 15.825398874613 0.119904763457 0.992628741500 0.017637478042 76.902524050015 0.009163247888 -0.018871424420 0.999779861525 -0.421458343705
0.993695606951 -0.111428611923 -0.012362241615 16.584214433141 0.111631312720 0.993601980138 0.017135841914 76.980088847324 0.010373721772 -0.018407823804 0.999776712911 -0.417705573664
0.994490412134 -0.104662833152 -0.005878119086 17.356406007011 0.104756884451 0.994316209096 0.019007281518 77.058842103913 0.003855353001 -0.019518335190 0.999802078770 -0.406479073363
0.995022649516 -0.099626619123 0.002125157004 18.132120900140 0.099549145593 0.994752411306 0.023612889273 77.139480000562 -0.004466480137 -0.023283809084 0.999718939179 -0.392344500007
0.995409892724 -0.095416162866 0.007416465072 18.906555349331 0.095206317025 0.995148539812 0.024803194209 77.212727000476 -0.009747110864 -0.023983253055 0.999664767464 -0.383439063205
0.995750606179 -0.091915137230 0.005695081757 19.672962941972 0.091763456724 0.995519859895 0.022796427103 77.277483659987 -0.007764908078 -0.022176959307 0.999723833926 -0.379158289038
0.996054662125 -0.088613835721 0.004775836085 20.440471120648 0.088481649252 0.995811093658 0.023050942072 77.342346838685 -0.006798466058 -0.022537428192 0.999722844217 -0.374755445892
0.996293150296 -0.085749464513 0.006856433222 21.211659767850 0.085584832326 0.996099038361 0.021494671160 77.403039441598 -0.008672846916 -0.020828189903 0.999745411343 -0.370787144496
0.996472293655 -0.083326318359 0.009983244713 21.982489544437 0.083119226683 0.996346459890 0.019620734704 77.459652943764 -0.011581691797 -0.018721716664 0.999757646456 -0.366248846643
0.996700938186 -0.080217386942 0.012342796357 22.754134803016 0.079999163923 0.996645426727 0.017261521483 77.511306714433 -0.013686067482 -0.016217164395 0.999774835087 -0.359520774579
0.996955458265 -0.077378322902 0.009615937143 23.517334180677 0.077212865036 0.996877662009 0.016528605345 77.559397911552 -0.010864869787 -0.015735813603 0.999817079726 -0.352118480703
0.997163027711 -0.075251031399 0.001767770937 24.277433142514 0.075203941440 0.996986322180 0.019041576698 77.613462454878 -0.003195343101 -0.018854617580 0.999817150108 -0.350409618856
0.997279536116 -0.073473150885 -0.005931470952 25.036844030199 0.073576101050 0.997097736598 0.019562666964 77.670005006099 0.004476926153 -0.019945861909 0.999791027286 -0.342995516054
0.997334330061 -0.072163722246 -0.010798836270 25.793312925645 0.072370451152 0.997174022924 0.020163988926 77.724379236999 0.009313205725 -0.020891753778 0.999738347015 -0.334731310611
0.997488731118 -0.070258400041 -0.008940250870 26.560734719929 0.070440598639 0.997272744763 0.022026147570 77.780175219287 0.007368346920 -0.022600603155 0.999717424118 -0.322247775807
0.997671194211 -0.067996352067 -0.005364370107 27.319963733057 0.068109842516 0.997364734134 0.024991436858 77.842259067080 0.003650906411 -0.025298610093 0.999673271655 -0.302359637936
0.997824327791 -0.065929352166 -0.000020604339 28.079120192602 0.065902533109 0.997409342827 0.028835620699 77.901931390604 -0.001880565539 -0.028774243872 0.999584129382 -0.283506854203
0.997967524033 -0.063695802155 0.001908586787 28.832178289369 0.063621895877 0.997613416164 0.026827949928 77.952154197795 -0.003612861930 -0.026652004928 0.999638259803 -0.271727797016
0.998039405838 -0.062562116174 0.001803666403 29.580996146720 0.062501911754 0.997762926621 0.023719701844 77.995425491765 -0.003283588413 -0.023560476336 0.999716967542 -0.259585798601
0.998090189619 -0.061722819687 0.002490039662 30.333312385134 0.061654090251 0.997859054861 0.021820199363 78.039078047131 -0.003831514178 -0.021625002946 0.999758755520 -0.246823050374
0.998170499176 -0.060455164850 0.000913031398 31.086258486412 0.060420830756 0.997933699615 0.021856746324 78.083789630676 -0.002232499236 -0.021761590766 0.999760701210 -0.236746697527
0.998208776331 -0.059816632603 -0.001092427909 31.841879799075 0.059826550989 0.998014024378 0.019715914583 78.124943267674 -0.000089082336 -0.019745957539 0.999804999291 -0.224949066488
0.998248152209 -0.059164115227 -0.000434063538 32.604927864723 0.059162244357 0.998083556773 0.018141637932 78.167756335893 -0.000640104336 -0.018135542575 0.999835291018 -0.211842711480
0.998298290461 -0.058314606297 -0.000034820448 33.371784612575 0.058302264315 0.998074157230 0.021183836981 78.219414180620 -0.001200575640 -0.021149823590 0.999775552309 -0.200978653096
0.998300065619 -0.058275587822 -0.000983554643 34.142032967318 0.058283375023 0.998077766256 0.021065879203 78.269151653563 -0.000245964089 -0.021087389992 0.999777568125 -0.190031873004
0.998196173619 -0.060027823807 -0.001067338314 34.918183729508 0.060036962502 0.997971192615 0.021190658871 78.320051513711 -0.000206858231 -0.021216513434 0.999774833766 -0.174606206473
0.998067765344 -0.062134169317 -0.000409350957 35.703108263845 0.062130951948 0.997892711863 0.018704074620 78.368086868340 -0.000753676602 -0.018693372271 0.999824922793 -0.164256824932
0.997871583674 -0.065200904797 -0.001090490872 36.489325139894 0.065209732541 0.997677499545 0.019679214205 78.423016416272 -0.000195145932 -0.019708433662 0.999805716781 -0.152304244273
0.997669164221 -0.068228702154 -0.001061251376 37.285533817210 0.068234752046 0.997391001946 0.023562116356 78.485048725821 -0.000549131756 -0.023579615514 0.999721833833 -0.138030332326
0.997481101721 -0.070729076353 -0.005372579871 38.079524227844 0.070842200359 0.997172606481 0.025064387070 78.547364733339 0.003584607601 -0.025381866265 0.999671391798 -0.126548571812
0.997260087704 -0.073243155567 -0.010385326611 38.877127934998 0.073482343396 0.996985497967 0.024904816328 78.609122453984 0.008529911451 -0.025599714993 0.999635814330 -0.115934671451
0.997109551203 -0.075134106967 -0.011286179413 39.688062885599 0.075384662013 0.996872470255 0.023714277295 78.669138767641 0.009469132212 -0.024496542338 0.999655078542 -0.109494240554
0.996953690960 -0.077326621516 -0.010194088693 40.506927063864 0.077558023057 0.996682058658 0.024691204405 78.732782214719 0.008250978232 -0.025406625295 0.999643150382 -0.095930083275
0.996794236039 -0.079520767394 -0.008820585547 41.337439380836 0.079711977680 0.996529003881 0.023998560300 78.797670926064 0.006881585924 -0.024624727364 0.999673060080 -0.081849948363
0.996645978782 -0.081479458091 -0.007608373048 42.173710203953 0.081629448870 0.996417931640 0.022089864473 78.859236522750 0.005781248751 -0.022636848911 0.999726989578 -0.074140654328
0.996572565638 -0.082633774731 -0.003859808341 43.017856624382 0.082698334200 0.996339154654 0.021662468246 78.926296133610 0.002055625550 -0.021907421618 0.999757879707 -0.064697629800
0.996496364468 -0.083631966705 0.000820417428 43.868903020777 0.083595708001 0.996272916698 0.021260942453 78.995663057097 -0.002595456385 -0.021117878424 0.999773618834 -0.051303175954
0.996523878943 -0.083229272118 0.003626939028 44.723518100681 0.083134158502 0.996311560487 0.021262027849 79.065111011672 -0.005383186097 -0.020886591525 0.999767360570 -0.040257165439
0.996697582652 -0.081136231714 0.003283416541 45.583340511108 0.081030527575 0.996402915470 0.024805045471 79.139799439727 -0.005284194684 -0.024457076998 0.999686901878 -0.032054160014
0.996851292836 -0.079264929242 0.002130741816 46.443971199476 0.079187869255 0.996549983062 0.024847185797 79.210717185525 -0.004092902963 -0.024600219623 0.999688924102 -0.025734883340
0.996980685814 -0.077650519256 0.000052269627 47.307733135259 0.077629647895 0.996727889663 0.022522425937 79.275677220095 -0.001800978669 -0.022450368703 0.999746324523 -0.017530742248
0.997103883713 -0.076036672662 -0.001489755841 48.176475768870 0.076051221238 0.996933788326 0.018421445251 79.334549689887 0.000084480420 -0.018481402028 0.999829127962 -0.007835023361
0.997248205779 -0.074121688489 -0.001431445286 49.047036201896 0.074135314218 0.997103392467 0.016994856123 79.396739706836 0.000167609638 -0.017054207347 0.999854501754 0.000442288797
0.997326795494 -0.073062671512 0.001041821640 49.924301047880 0.073038230286 0.997211548103 0.015318290796 79.460397371718 -0.002158113078 -0.015201244206 0.999882056403 0.014259038751
0.997364017005 -0.072449329631 0.004016550486 50.802062156922 0.072395618185 0.997301347069 0.012206961935 79.518821674530 -0.004890099757 -0.011884002241 0.999917435927 0.026013536788
0.997424775503 -0.071582587992 0.004451444736 51.675422331395 0.071529231704 0.997375954671 0.011170716170 79.580835573538 -0.005239395381 -0.010823543223 0.999927669826 0.035681280670
0.997509274664 -0.070510428647 0.001859644844 52.542593256024 0.070480802382 0.997429995999 0.012880193234 79.646889087827 -0.002763054594 -0.012717044500 0.999915329338 0.044354041084
0.997556909742 -0.069736569371 -0.004135015260 53.400503935687 0.069792770004 0.997440869978 0.015515203901 79.714532470577 0.003042454355 -0.015765895309 0.999871020280 0.053958591340
0.997596764475 -0.068629205649 -0.009529422154 54.259027370883 0.068785861528 0.997482813696 0.017219594794 79.780087456753 0.008323668480 -0.017833700033 0.999806321829 0.067900225699
0.997566691283 -0.067775797480 -0.016343657116 55.110935916953 0.068124043517 0.997438959027 0.021784904033 79.848138273560 0.014825314111 -0.022845293893 0.999629049689 0.088514799691
0.997624003193 -0.066712925943 -0.017200251576 55.964572038908 0.067091346480 0.997494232448 0.022451801633 79.909719955581 0.015659326253 -0.023552453204 0.999599964359 0.110556897038
0.997703933824 -0.066651954642 -0.012015846325 56.816756216225 0.066871821841 0.997581981008 0.018932625172 79.967933764652 0.010724889985 -0.019692674246 0.999748485168 0.131309654683
0.997732881690 -0.067288410519 -0.001164276854 57.674080980027 0.067298424368 0.997559543991 0.018600648920 80.028869305073 -0.000090174457 -0.018636833397 0.999826274319 0.154564626666
0.997613836913 -0.068608129371 0.007712136944 58.525904162492 0.068442939543 0.997455350360 0.019958116916 80.093719721385 -0.009061804921 -0.019382659904 0.999771012726 0.176334906798
0.997457893429 -0.071143286320 0.004060027972 59.361219202547 0.071070577034 0.997344844063 0.015882593869 80.149305832245 -0.005179191097 -0.015553668867 0.999865562508 0.187342207811
