0.999999999995 -0.000000000168 -0.000000000358 -0.000000000026 -0.000000000168 1.000000000000 0.000000000014 0.000000000057 -0.000000000358 0.000000000014 1.000000000005 0.000000000120
0.999997400783 0.000641366246 0.002202798919 0.809857419295 -0.000647693310 0.999995623280 0.002872532480 -0.006395829738 -0.002200949489 -0.002873952038 0.999993375937 0.180416992957
0.999993722409 0.001482726593 0.003221374336 1.633006894200 -0.001500724278 0.999983272122 0.005591750366 -0.012177872224 -0.003213031544 -0.005596548547 0.999979105469 0.358610304216
0.999992664828 0.002264063664 0.003097422998 2.393621824680 -0.002285487343 0.999973396152 0.006930642581 -0.027930333690 -0.003081651362 -0.006937670964 0.999971139020 0.537592720765
0.999991809241 0.002686588683 0.003041272460 3.178792749652 -0.002713574348 0.999956715481 0.008903795254 -0.039651199414 -0.003017223037 -0.008911974476 0.999955675278 0.714391641763
0.999989057967 0.003497648589 0.003114329692 3.904644060513 -0.003525767413 0.999952639038 0.009069242341 -0.045922115029 -0.003082463163 -0.009080124253 0.999954002995 0.893647348890
0.999981087405 0.004256339906 0.004442031173 4.638098220883 -0.004297791742 0.999946928406 0.009364342105 -0.053262265785 -0.004401939085 -0.009383257371 0.999946284189 1.073364813940
0.999959512642 0.005214185342 0.007331914565 5.330302791209 -0.005287716639 0.999935544997 0.010045477865 -0.068024784468 -0.007279064940 -0.010083841628 0.999922642362 1.252424765243
0.999910639425 0.006815621076 0.011502104462 5.979513414320 -0.006929399064 0.999927146833 0.009881141893 -0.071267712116 -0.011433925647 -0.009959963882 0.999885013742 1.435077801548
0.999849642380 0.008224983723 0.015267546141 6.596284154036 -0.008363996406 0.999923978342 0.009063657245 -0.084218845689 -0.015191836402 -0.009189992757 0.999842379278 1.617391026550
0.999796146908 0.009435627503 0.017853580006 7.192510141815 -0.009583506329 0.999920343427 0.008215472212 -0.101428382911 -0.017774645530 -0.008384897484 0.999806809665 1.798367869716
0.999775240825 0.010958838414 0.018150191163 7.777591888966 -0.011116524777 0.999901105183 0.008609892379 -0.117544179482 -0.018054047942 -0.008809725817 0.999798153992 1.978078882708
0.999791920115 0.012468666212 0.016144715466 8.309821768503 -0.012627794205 0.999872320003 0.009792681205 -0.105854558332 -0.016020554015 -0.009994516945 0.999821659882 2.157603163507
0.999821755214 0.013743780693 0.012947880628 8.787375872337 -0.013870801767 0.999856063154 0.009772276082 -0.082448850996 -0.012811716035 -0.009950131456 0.999868381632 2.341597918802
0.999809589967 0.015614822798 0.011704772574 9.236612709486 -0.015714492994 0.999840645519 0.008472313648 -0.076935202255 -0.011570614188 -0.008654635869 0.999895564513 2.523227990641
0.999797777608 0.017711301755 0.009526331409 9.665654655543 -0.017757886682 0.999830630288 0.004828261410 -0.069717659034 -0.009439207440 -0.004996452133 0.999942892103 2.707963226843
0.999772384371 0.019702734062 0.008179357900 10.066815514574 -0.019723651031 0.999802420251 0.002483863153 -0.082410758198 -0.008128804873 -0.002644623366 0.999963395378 2.890464089854
0.999734594235 0.022025959709 0.006761346468 10.456057826383 -0.022071923025 0.999733254139 0.006800564231 -0.078284812749 -0.006609757875 -0.006947995169 0.999953951626 3.076422974101
0.999665151547 0.025133730217 0.006161120396 10.777677396665 -0.025203101233 0.999616722677 0.011453893118 -0.074679452493 -0.005870882156 -0.011605345185 0.999915425776 3.264812560391
0.999565747277 0.028586922624 0.007149319836 11.071597344582 -0.028673718820 0.999512535768 0.012346978909 -0.069586531300 -0.006792875755 -0.012546610656 0.999898216955 3.453208199738
0.999463503551 0.031820384031 0.007763484383 11.348610759489 -0.031884401745 0.999457338425 0.008266867360 -0.089756457057 -0.007496220012 -0.008509967377 0.999935658023 3.634940274896
0.999382964255 0.034433215357 0.006929369914 11.597725753330 -0.034455541761 0.999401307013 0.003128161645 -0.110875160092 -0.006817511568 -0.003364985915 0.999971028732 3.815149300379
0.999280618098 0.036977967874 0.008420540221 11.822235610445 -0.036975845758 0.999316059946 -0.000407294968 -0.137073849665 -0.008429844947 0.000095645729 0.999964421956 3.996434085574
0.999165627081 0.039653870324 0.009776932635 11.924452162735 -0.039647985550 0.999213363632 -0.000794804069 -0.132963822663 -0.009800761130 0.000406504170 0.999951909287 4.193109954943
0.999092723784 0.041697207133 0.008670563131 12.037595778894 -0.041699131974 0.999130256241 0.000040019106 -0.140353120715 -0.008661355728 -0.000401537206 0.999962419975 4.381335779173
0.999007647295 0.043972237330 0.007079251204 12.135067319990 -0.043979591636 0.999032048128 0.000886697122 -0.151007635165 -0.007033411037 -0.001197159071 0.999974504577 4.567212195506
0.998896702226 0.046559284255 0.006139999712 12.223368520128 -0.046578939920 0.998909837176 0.003096352132 -0.157508502912 -0.005989143606 -0.003378930360 0.999976360598 4.755329541475
0.998815629906 0.048289735435 0.005948813512 12.314083309497 -0.048325581823 0.998813441479 0.006037485999 -0.170440589906 -0.005650208037 -0.006317815203 0.999964028615 4.942487043937
0.998759514715 0.049569125487 0.004729055083 12.327600912158 -0.049604697726 0.998739090232 0.007726892339 -0.152707856414 -0.004340078814 -0.007951889769 0.999958895053 5.141175787670
0.998666466859 0.051548559645 0.002823359211 12.370923285409 -0.051567121285 0.998645339175 0.006954838815 -0.155512946420 -0.002461023973 -0.007091156768 0.999971793967 5.330054488944
0.998591403495 0.053045701916 0.001163653277 12.403588102110 -0.053051495285 0.998575547028 0.005691435772 -0.155353175334 -0.000860089815 -0.005745154215 0.999983149477 5.518519726071
0.998533159155 0.054144545030 -0.000022074325 12.461551377722 -0.054143790757 0.998521232488 0.004888546600 -0.171113979366 0.000286728254 -0.004880180038 0.999988008357 5.700692065194
0.998450767437 0.055627120577 -0.001327147110 12.484167098983 -0.055618843843 0.998436216431 0.005621941603 -0.169159112428 0.001637804193 -0.005539418803 0.999983316132 5.890612461134
0.998371801894 0.056938656736 -0.003416098322 12.520690584483 -0.056914992422 0.998356795566 0.006665648195 -0.177932567893 0.003790018843 -0.006460367471 0.999971902540 6.076871098186
0.998314991595 0.057752468179 -0.005645301864 12.541651042714 -0.057713634301 0.998309903606 0.006815191226 -0.180976249892 0.006029354979 -0.006477897143 0.999960804798 6.265711929117
0.998256420583 0.058485879254 -0.007973601038 12.587204159357 -0.058438446922 0.998272667266 0.006057674006 -0.197864042904 0.008314115981 -0.005581146697 0.999949812151 6.449033544778
0.998259150101 0.058123117506 -0.010024155807 12.633193842414 -0.058073604006 0.998298945560 0.005162596662 -0.214024623009 0.010307174342 -0.004571469941 0.999936404339 6.632341800445
0.998362194284 0.056072959114 -0.011343640916 12.673720166287 -0.056023267048 0.998418636292 0.004652627474 -0.219541479776 0.011586586982 -0.004009498500 0.999924769424 6.816329560098
0.998513974751 0.053075289369 -0.012362493870 12.701721697729 -0.053019479402 0.998581980010 0.004799510466 -0.212327925449 0.012599705182 -0.004136924838 0.999912045239 7.003496760543
0.998704384574 0.049052332783 -0.013547328468 12.749108091557 -0.048982890328 0.998785004444 0.005411420834 -0.216280395483 0.013796321556 -0.004740821439 0.999893610982 7.186654578681
0.998948916592 0.043396158639 -0.014762418184 12.802140420720 -0.043315927966 0.999045104904 0.005711783625 -0.223379537079 0.014996199086 -0.005066331771 0.999874678504 7.368062965714
0.999201981979 0.036751808121 -0.015646599473 12.854683155222 -0.036668220685 0.999311858068 0.005595859062 -0.228755331075 0.015841490265 -0.005017660294 0.999861859953 7.549473908456
0.999426379025 0.029534756538 -0.016572519755 12.885822876767 -0.029444378793 0.999550361706 0.005671345940 -0.222066444118 0.016732574215 -0.005180124497 0.999846559269 7.732670796564
0.999613650406 0.021407815897 -0.017724946622 12.916940358301 -0.021307449844 0.999755953228 0.005832543414 -0.211524606380 0.017845489891 -0.005452618617 0.999825896366 7.915695274184
0.999751091008 0.011411374960 -0.019173704499 12.975522823636 -0.011323543799 0.999924889497 0.004683144246 -0.213247710979 0.019225710089 -0.004464865607 0.999805219495 8.095551377187
0.999777490808 -0.001509512780 -0.021038388450 13.038804428218 0.001577935588 0.999993549047 0.003236064501 -0.209213654491 0.021033373106 -0.003268540442 0.999773360145 8.276075988058
0.999579718021 -0.017346073043 -0.023227451977 13.131672666397 0.017404791764 0.999845842493 0.002328084949 -0.211481087861 0.023183485087 -0.002731374651 0.999727439486 8.453309264500
0.999025566372 -0.036724692755 -0.024479451534 13.201506510400 0.036801813862 0.999318956755 0.002707120820 -0.183968175162 0.024363365705 -0.003605370627 0.999696676872 8.638202908875
0.997987649290 -0.058495580703 -0.024471877597 13.307773293369 0.058596538411 0.998275898624 0.003428099824 -0.161018863721 0.024229160050 -0.004855169341 0.999694652086 8.821055998959
0.996348950027 -0.082057902074 -0.023564547158 13.419888166960 0.082173438581 0.996610142955 0.003975751385 -0.126888233318 0.023158427308 -0.005897615494 0.999714407018 9.003746765543
0.993816153931 -0.108749115891 -0.022431025293 13.574406332534 0.108882433190 0.994042991676 0.004807758596 -0.096764048207 0.021774566796 -0.007220375432 0.999736854393 9.186146923643
0.990112461409 -0.138697473582 -0.020986512930 13.724718506336 0.138848275031 0.990296082373 0.005897422716 -0.044040862430 0.019964905388 -0.008753053581 0.999762356218 9.369148778574
0.984948868457 -0.171897660677 -0.018082852099 13.912072262134 0.172026833706 0.985074929500 0.005837907022 0.018723236605 0.016809443810 -0.008860776620 0.999819402044 9.552447591103
0.977878402324 -0.208643266694 -0.014890888022 14.118268501080 0.208758275189 0.977944809281 0.006624312515 0.089804000681 0.013180350354 -0.009586372044 0.999867188394 9.735019742110
0.968593279424 -0.248440213874 -0.010222112289 14.310925282881 0.248522907071 0.968594610192 0.007800624718 0.188655662189 0.007963093440 -0.010096058478 0.999917310384 9.914021318496
0.957022418543 -0.289923826651 -0.007226441672 14.544935380812 0.289991656534 0.956960538715 0.011464860548 0.287089226318 0.003591482328 -0.013067730260 0.999908142742 10.093444440026
0.943254883615 -0.332035985866 -0.004736677401 14.783152106638 0.332069507454 0.943140077793 0.014718399646 0.417373618309 -0.000419689399 -0.015456106386 0.999880438592 10.273864453736
0.926943183678 -0.375200446281 -0.000980796053 15.010058277811 0.375161060299 0.926801035127 0.017146602276 0.567738222326 -0.005524411456 -0.016261882645 0.999852481194 10.450590926417
0.907964678160 -0.419017443827 0.004943700431 15.269028714216 0.418846612818 0.907832607340 0.020188561457 0.732489484294 -0.012947419536 -0.016259859002 0.999783914501 10.630727649982
0.886487135952 -0.462661899718 0.009194327760 15.517839983603 0.462346236217 0.886365635179 0.024329859799 0.903428047807 -0.019406043262 -0.017317147408 0.999661628869 10.807822642580
0.862161460983 -0.506528065254 0.010343119335 15.717773299452 0.506083674821 0.861996918688 0.028994341307 1.108970756764 -0.023602192661 -0.019763316332 0.999526020329 10.980495716699
0.834696991681 -0.550601780309 0.010889210768 15.966024310662 0.550060789254 0.834510261161 0.032027456025 1.327358760622 -0.026721535261 -0.020743498767 0.999427647158 11.151707955458
0.804407261588 -0.594018391539 0.008432112136 16.171087449444 0.593433178632 0.804114105764 0.035178532736 1.592403282535 -0.027677083425 -0.023293973773 0.999345432648 11.319240756413
0.771312373421 -0.636406220251 0.008025032474 16.410353764795 0.635750071567 0.770988616248 0.037396249904 1.850823235678 -0.029986426839 -0.023742283574 0.999268310330 11.482535182658
0.734921062630 -0.678111188098 0.007496808639 16.647250105059 0.677349630849 0.734543780713 0.040534059056 2.129099299203 -0.032993338363 -0.024711379354 0.999150056657 11.643176459953
0.696477714281 -0.717529752933 0.008355174983 16.837952649845 0.716685667545 0.696144739650 0.041763557770 2.449731587415 -0.035783020612 -0.023099359471 0.999092546069 11.802492987020
0.656119701082 -0.754606218727 0.008737920939 17.086861527228 0.753754878636 0.655857521236 0.041285097468 2.791203260822 -0.036884841237 -0.020501714094 0.999109177683 11.963516592734
0.613753816222 -0.789418003672 0.011199557822 17.324603934815 0.788560906428 0.613654783698 0.039994412407 3.167491338181 -0.038444985949 -0.015715188214 0.999137100080 12.123866990177
0.569264911248 -0.822034050274 0.014054632272 17.520449424787 0.821150485350 0.569331295030 0.039669963912 3.571670281105 -0.040611816135 -0.011041757043 0.999113993722 12.280849649516
0.523010887697 -0.852209758026 0.014077679398 17.736835443594 0.851284504610 0.523116814835 0.040786241076 3.995036992145 -0.042122708896 -0.009347533002 0.999068697468 12.434633897510
0.474091282364 -0.880396383603 0.011819405646 17.887897893733 0.879535089700 0.474162425238 0.039850673943 4.441840061756 -0.040688725595 -0.008497268412 0.999135692398 12.585953476857
0.421880497071 -0.906545828476 0.013836828824 18.082007883335 0.905743158168 0.422091651564 0.038313749681 4.934953141180 -0.040573599002 -0.003631204523 0.999169951366 12.736737778344
0.368399202309 -0.929524453801 0.016319166974 18.259710527241 0.928763779485 0.368758243022 0.037621127832 5.440484516499 -0.040987594516 0.001297065842 0.999158754669 12.887475777989
0.314563511635 -0.949093051210 0.016499437919 18.370681982102 0.948449395111 0.314962869252 0.035243110945 5.989404671274 -0.038645712673 0.004562685021 0.999242519113 13.034707452710
0.261323970618 -0.965118599715 0.015995981125 18.497037665111 0.964308060800 0.261765202007 0.039862139823 6.549456837049 -0.042658904176 0.005008124144 0.999077127375 13.182569989877
0.209770595011 -0.977602664523 0.017007573984 18.602371286186 0.976577759023 0.210338964092 0.045315947120 7.136510194398 -0.047878363406 0.007103265685 0.998827940897 13.331267082158
0.160651386056 -0.986795929555 0.020611527914 18.665522921033 0.985802285554 0.161452877675 0.046118577121 7.781581905573 -0.048837430133 0.012909881614 0.998723236269 13.476343137036
0.115888223298 -0.993039928285 0.021014784524 18.727739101233 0.992013577290 0.116777207175 0.047668160682 8.427947286754 -0.049790455685 0.015322775587 0.998642069527 13.625199760823
0.075131965019 -0.997005293775 0.018318914532 18.745399416910 0.996032600471 0.075911897432 0.046437524494 9.116173207244 -0.047689092379 0.014757301257 0.998753137549 13.768439121823
0.039562533473 -0.999109017387 0.014692955910 18.753779032552 0.998326801603 0.040143610820 0.041618524648 9.797661298262 -0.042171282058 0.013021842198 0.999025555707 13.901836845833
0.010359264680 -0.999888112114 0.010794859296 18.734125279856 0.999122574953 0.010788245054 0.040469956953 10.510948775595 -0.040581899809 0.010366153238 0.999122430266 14.037854492489
-0.011127132704 -0.999904835996 0.008154779325 18.708785877051 0.998936323438 -0.010750652864 0.044840971767 11.255708233507 -0.044749040376 0.008645065359 0.998960855569 14.177914950827
-0.024706664550 -0.999660475687 0.008276035330 18.678389535509 0.998412307153 -0.024254927409 0.050838714310 12.058789198216 -0.050620737969 0.009518960134 0.998672551959 14.314750987249
-0.033036161031 -0.999423147373 0.007869438668 18.638040397803 0.998008900705 -0.032564073228 0.054018029382 12.832923551668 -0.053730623787 0.009638324070 0.998508964258 14.452223502015
-0.037150282216 -0.999270533614 0.008845332904 18.599272508885 0.997997051785 -0.036646490203 0.051564953597 13.639074864072 -0.051203207075 0.010743279505 0.998630462419 14.586945600892
-0.037046015660 -0.999204078728 0.014792869070 18.562900762697 0.998196719757 -0.036300898292 0.047807256076 14.444560851945 -0.047232222527 0.016537273137 0.998746973952 14.716361734101
-0.033604865670 -0.999040141954 0.028097098872 18.544549405051 0.998452303487 -0.032312066306 0.045264815737 15.314221010137 -0.044313505907 0.029574743304 0.998579831976 14.835467122675
-0.028224500755 -0.999162760246 0.029616697783 18.511262117226 0.998600381251 -0.026858055694 0.045563203919 16.172163069487 -0.044729620820 0.030861257377 0.998522256449 14.965607554401
-0.022540294702 -0.999391050360 0.026635928632 18.475228320305 0.998758839176 -0.021326373737 0.045011789853 17.064469619293 -0.044416340151 0.027617457124 0.998631298439 15.102168127213
-0.019481692362 -0.999300645438 0.031917292183 18.450901899661 0.999096777047 -0.018252061437 0.038374291118 17.949773576236 -0.037764905669 0.032636067716 0.998753533799 15.233147081288
-0.017052557942 -0.999394224120 0.030336395184 18.412971624057 0.999480634812 -0.016208547959 0.027853610332 18.887954555497 -0.027345049798 0.030795628457 0.999151545900 15.353621152817
-0.015642064416 -0.999622180366 0.022601035537 18.366767919071 0.999685341087 -0.015191696460 0.019962690825 19.814978230855 -0.019611811445 0.022906191158 0.999545220876 15.489343580469
-0.016783845406 -0.999713169559 0.017083877127 18.322440793770 0.999732666549 -0.016507453888 0.016192620136 20.765188998528 -0.015905969927 0.017351096323 0.999722929294 15.625762306938
-0.020145464178 -0.999763321871 0.008209335574 18.269938900499 0.999542401088 -0.019954319558 0.022736024840 21.736177467194 -0.022566840796 0.008663607836 0.999707803736 15.775255905488
-0.024414538963 -0.999701389038 0.001035830394 18.214906913967 0.999235564796 -0.024371484747 0.030567533854 22.730405247494 -0.030533172375 0.001781337235 0.999532103710 15.920026385450
-0.029357774621 -0.999568915939 -0.000110239309 18.159879307909 0.998770708688 -0.029338743605 0.039953526047 23.757796395669 -0.039939553417 0.001062848323 0.999201458226 16.047454089183
-0.031305561780 -0.999508189816 -0.001841052486 18.102323648725 0.998278480317 -0.031358341774 0.049564967525 24.798375986206 -0.049598337527 -0.000286217532 0.998769143554 16.170610519057
-0.032544838625 -0.999469871066 -0.000915519063 18.048040271874 0.997755385620 -0.032542625075 0.058525238987 25.844274084208 -0.058524024501 0.000991236570 0.998285473700 16.288632576581
-0.033966280055 -0.999422560116 0.000858203533 17.995670743690 0.997614954329 -0.033853190668 0.060153014475 26.882970144598 -0.060089245356 0.002899336262 0.998188820722 16.401257909604
-0.035846816144 -0.999357091608 -0.000619682260 17.935898633709 0.997749965502 -0.035824308002 0.056671879862 27.922469987433 -0.056657658627 0.001413224728 0.998392604146 16.525741658743
-0.038264967453 -0.999267348266 -0.000779914946 17.883571198034 0.997903353159 -0.038253482560 0.052208234127 29.035876985388 -0.052199837894 0.001219473621 0.998635850013 16.343855305862
-0.042998711680 -0.999075016147 -0.000551443191 17.828393896751 0.997959934438 -0.042976783926 0.047212611482 30.158449116350 -0.047192652197 0.001479770631 0.998884635606 16.085051855439
-0.048728949712 -0.998811866690 -0.000618618020 17.765014951205 0.997925151374 -0.048711756942 0.042102195958 31.241356964934 -0.042082320786 0.001434267837 0.999113086654 15.940102745215
-0.055303975105 -0.998468463774 -0.001507842559 17.695411049328 0.997692307231 -0.055320439538 0.039367943729 32.347995802087 -0.039391077010 0.000672848511 0.999223584643 15.705554144767
-0.061793435653 -0.998087531803 -0.001701352561 17.617234242953 0.997177674268 -0.061809752249 0.042619029115 33.446037529107 -0.042642688969 0.000937031610 0.999089887902 15.563730919176
-0.068482691039 -0.997646775433 -0.003314044604 17.526667373514 0.996499985653 -0.068562825757 0.047821935773 34.573991731232 -0.047936637509 -0.000027465089 0.998850356797 15.348210240283
-0.074356120358 -0.997208414107 -0.006815170526 17.430031492197 0.995910719672 -0.074607545666 0.050948049359 35.686057729247 -0.051314304226 -0.002998995997 0.998677996025 15.197359601999
-0.079235676023 -0.996806726379 -0.009897563798 17.330114900739 0.995426693152 -0.079649660203 0.052742306830 36.814289364003 -0.053362247726 -0.005673221277 0.998559076226 15.019890099039
-0.081794021907 -0.996538976671 -0.014827879659 17.222263273340 0.995099261133 -0.082487196040 0.054528159402 37.923218695550 -0.055562560900 -0.010295127787 0.998402127947 14.880071629650
-0.083156925037 -0.996350564844 -0.019247313021 17.111199597978 0.994897540852 -0.084111944415 0.055714829637 39.046665459079 -0.057130449741 -0.014516026296 0.998261149452 14.717280188735
-0.084765966853 -0.996184180256 -0.020781228076 17.006974272001 0.994760512965 -0.085804270286 0.055579765156 40.149826823454 -0.057150816316 -0.015961074287 0.998237977140 14.583941725438
-0.086197058194 -0.996054832834 -0.021088632033 16.901331920812 0.994690137905 -0.087235055228 0.054605007452 41.248088595869 -0.056229266994 -0.016269863160 0.998285323422 14.456230853162
-0.087219323169 -0.995941378411 -0.022217795313 16.791668364312 0.994640715050 -0.088305118976 0.053778177309 42.347511099129 -0.055521866022 -0.017408224374 0.998305652146 14.320169005244
-0.088064738313 -0.995812474997 -0.024537024098 16.680481025850 0.994582567365 -0.089268331537 0.053261403243 43.447640221373 -0.055228762604 -0.019713640769 0.998279059850 14.209461915761
-0.088875914084 -0.995638143983 -0.028386038503 16.541413099392 0.994610780368 -0.090239697727 0.051051286430 44.546373672165 -0.053390170212 -0.023695826013 0.998292541810 14.079623301538
-0.089209039097 -0.995452939247 -0.033393075991 16.404738834248 0.994809776722 -0.090698630308 0.046123354155 45.650539943956 -0.048942349200 -0.029105140323 0.998377409406 13.982813580106
-0.088527747116 -0.995434512571 -0.035678591360 16.266794882739 0.994927359159 -0.090087149414 0.044765794646 46.760043361410 -0.047775621132 -0.031534593064 0.998360206530 13.869351654152
-0.086740984357 -0.995547574369 -0.036891467329 16.144496297812 0.994900061224 -0.088479167950 0.048429098786 47.875224851689 -0.051477615998 -0.032502532968 0.998145052307 13.784255910267
-0.084944634431 -0.995652403880 -0.038220101149 15.992132477735 0.994805197335 -0.086907142731 0.053007003251 48.973248695257 -0.056098164522 -0.033518897396 0.997862467162 13.683836247580
-0.083976703959 -0.995849032513 -0.035109164960 15.865696477629 0.994962303346 -0.085733795980 0.051959536546 50.082935750510 -0.054753918186 -0.030568905555 0.998031809939 13.591314939963
-0.082192244535 -0.996027657164 -0.034252643410 15.726924170235 0.995153615699 -0.083884620531 0.051310028966 51.208509414852 -0.053979498944 -0.029869361048 0.998095155066 13.492489350997
-0.078440623694 -0.996178984450 -0.038398109445 15.585666839499 0.995398005617 -0.080389517620 0.052156528686 52.330049523890 -0.055044056699 -0.034130209323 0.997900431314 13.409080663137
-0.073267989560 -0.996359454727 -0.043584338388 15.425986700852 0.995747741123 -0.075530093065 0.052741149889 53.459461537362 -0.055841089749 -0.039534764599 0.997656652624 13.317262715389
-0.067763281590 -0.996586468984 -0.047153588548 15.275599923795 0.996142262626 -0.070222986304 0.052623964827 54.565610234070 -0.055755611899 -0.043405715955 0.997500437894 13.228827670264
-0.062634900988 -0.996853537702 -0.048578764214 15.108181996587 0.996519616028 -0.065148194879 0.052004152534 55.685022198855 -0.055005365830 -0.045152415277 0.997464615867 13.126008763921
-0.057500760089 -0.997197362470 -0.047865696929 14.977127693040 0.996907265546 -0.059924536487 0.050843586159 56.807339551251 -0.053569441229 -0.044794120437 0.997558886576 13.039631085276
-0.052737991614 -0.997544851520 -0.046075525152 14.862356932934 0.997176550708 -0.055076262755 0.051045705825 57.939041719720 -0.053458070938 -0.043253382585 0.997632884369 12.956969686972
-0.048064015637 -0.997830129006 -0.044997865372 14.751849527146 0.997409005114 -0.050360430952 0.051372883161 59.077463312577 -0.053527532557 -0.042412089150 0.997665256589 12.873608202130
-0.042876997583 -0.998134704378 -0.043457979115 14.662630475323 0.997570440992 -0.045162214761 0.053043271249 60.218882139929 -0.054907003840 -0.041078060517 0.997646142343 12.798216729612
-0.038017353193 -0.998284526579 -0.044526379907 14.566960673977 0.997740902181 -0.040390964538 0.053680766137 61.369804632015 -0.055387161784 -0.042384991271 0.997564867731 12.707005576362
-0.032944188907 -0.998481264835 -0.044155983408 14.491037936168 0.997896414157 -0.035328707479 0.054356626656 62.509716137864 -0.055834067379 -0.042272369630 0.997544766387 12.624908769860
-0.028507234475 -0.998652560461 -0.043363406814 14.414134132011 0.998299097643 -0.030650567955 0.049593000029 63.644956309685 -0.050855307311 -0.041875898414 0.997827652430 12.538300910734
-0.024599831252 -0.998784017920 -0.042723761324 14.356897488810 0.998668493565 -0.026490524198 0.044266754172 64.786515165304 -0.045344710745 -0.041577927263 0.998105715449 12.465370333577
-0.021474323434 -0.998867824834 -0.042448870600 14.303257003236 0.998814177463 -0.023290052618 0.042753392553 65.946020191983 -0.043693645504 -0.041480436124 0.998183406052 12.390770486671
-0.018512844504 -0.998935643299 -0.042247777443 14.237770017660 0.998742607471 -0.020445178194 0.045774093701 67.136970741915 -0.046589152201 -0.041347244086 0.998058032698 12.312828476104
-0.016874592345 -0.998979128938 -0.041902716729 14.163589980812 0.998771476835 -0.018794327805 0.045851113107 68.347370532666 -0.046591853600 -0.041077522383 0.998069030150 12.232280559610
-0.016204562423 -0.998915427210 -0.043649421050 14.099913189874 0.998808997548 -0.018181360936 0.045278429267 69.545707900793 -0.046022943990 -0.042863724716 0.998020303359 12.162204532776
-0.015695382979 -0.998861411746 -0.045049096128 14.034064455042 0.998765265556 -0.017785943445 0.046386995014 70.743004863485 -0.047135438593 -0.044265409521 0.997907166424 12.097371473193
-0.014820654238 -0.998845477875 -0.045694991486 13.983900192493 0.998778924501 -0.016942725332 0.046407885989 71.942398798316 -0.047128513219 -0.044951398057 0.997876859570 12.025290009654
-0.013963195916 -0.998834799284 -0.046195155987 13.955792750796 0.998891212437 -0.016011560260 0.044272832688 73.156880187133 -0.044960920549 -0.045525742432 0.997950856176 11.962037084833
-0.013687465117 -0.998915200493 -0.044508922026 13.927932511187 0.998951303389 -0.015605886633 0.043044098113 74.395317063419 -0.043692018340 -0.043873085354 0.998081191750 11.901451880383
-0.013768447622 -0.999075336842 -0.040728194741 13.909533795829 0.998951075758 -0.015522898089 0.043079194412 75.588176571882 -0.043671594953 -0.040092345900 0.998241085711 11.851598608983
-0.014033970276 -0.999147547703 -0.038822703442 13.888743142156 0.998942591994 -0.015709944058 0.043207310390 76.782780680120 -0.043780386447 -0.038175278494 0.998311534334 11.804041819209
-0.013968977732 -0.999174681552 -0.038140887177 13.866058445435 0.998822962225 -0.015715771152 0.045889462731 77.977442253997 -0.046451022578 -0.037454958780 0.998218098884 11.749440436837
-0.013736438579 -0.999071911084 -0.040823409155 13.836201846517 0.998632071056 -0.015767538093 0.049855012960 79.179481082908 -0.050452449237 -0.040082734831 0.997921746672 11.689814103404
-0.013168164009 -0.998980682218 -0.043177074615 13.798994403733 0.998627068093 -0.015328468581 0.050090378129 80.364435826768 -0.050701176989 -0.042458194607 0.997810922590 11.634604031782
-0.013121010201 -0.998941103836 -0.044097203888 13.755509642584 0.998742621495 -0.015226923133 0.047764456388 81.541475900272 -0.048385351861 -0.043415044182 0.997884753335 11.576219985381
-0.013228989974 -0.998938787939 -0.044116546775 13.727144769423 0.998859854564 -0.015226181147 0.045246298804 82.728884323348 -0.045870024210 -0.043467685535 0.998001201121 11.522573603948
-0.013652816712 -0.999023533428 -0.042018960411 13.711014458560 0.998879112116 -0.015531558530 0.044715023428 83.951605719575 -0.045323994515 -0.041361374001 0.998115695242 11.470509542370
-0.013726477822 -0.999088092821 -0.040430443256 13.695131289820 0.998801634448 -0.015599791146 0.046389269240 85.158221380575 -0.046977689546 -0.039745229629 0.998104908968 11.420973476723
-0.013487793924 -0.999119012005 -0.039739577167 13.677069096426 0.998673876619 -0.015435333345 0.049115616791 86.359096125566 -0.049685753544 -0.039024419994 0.998002197269 11.370763752391
-0.013025046045 -0.999106232649 -0.040212936205 13.652953950994 0.998561434489 -0.015088914946 0.051454194537 87.559221785820 -0.052014992471 -0.039484888553 0.997865420991 11.317491708962
-0.012920808026 -0.999041301159 -0.041828369041 13.621450156095 0.998528134683 -0.015095237174 0.052093216752 88.755869118236 -0.052674698476 -0.041093711125 0.997765845200 11.258121236381
-0.012908063209 -0.999063116436 -0.041306743390 13.596073793265 0.998635800500 -0.014970798968 0.050023747553 89.961791286365 -0.050595285737 -0.040604693611 0.997893472177 11.194552539615
-0.012958031598 -0.999130598579 -0.039625099364 13.569615563182 0.998719347839 -0.014870625411 0.048359744350 91.145020549825 -0.048906967655 -0.038947712256 0.998043687008 11.138946685210
-0.013085455272 -0.999191172795 -0.038022279318 13.535549584963 0.998676982546 -0.014951029031 0.049202546731 92.319584143099 -0.049731240785 -0.037328131822 0.998064774303 11.091647059479
-0.013074949057 -0.999262895403 -0.036093250691 13.509909732333 0.998516281241 -0.014956449793 0.052361012887 93.488892526495 -0.052862262032 -0.035355084735 0.997975758851 11.043141217497
-0.012930707005 -0.999317331599 -0.034606696434 13.483473424173 0.998379834546 -0.014821091288 0.054937900050 94.662596210710 -0.055413317620 -0.033840244582 0.997889868294 10.988820153594
-0.012600916535 -0.999298983762 -0.035253344667 13.449764012206 0.998305947421 -0.014575563541 0.056328761611 95.827234816945 -0.056803122207 -0.034483826676 0.997789640076 10.928863683071
-0.012169493088 -0.999222762809 -0.037492706398 13.406696836806 0.998195196103 -0.014345042421 0.058314448675 96.984392135612 -0.058806983756 -0.036715385279 0.997593905509 10.866025960393
-0.012010295726 -0.999121391920 -0.040152374554 13.370843286767 0.998235310677 -0.014315722050 0.057631611345 98.145424843356 -0.058155810691 -0.039389343514 0.997530087777 10.803367545182
-0.011786043112 -0.999017416648 -0.042722122344 13.332593566908 0.998435155765 -0.014093447132 0.054117123756 99.314224868636 -0.054666064691 -0.042017438556 0.997620270243 10.731194973675
-0.011568183852 -0.998937886961 -0.044600932992 13.301663145778 0.998514317981 -0.013915521512 0.052683753613 100.481718752545 -0.053248457388 -0.043925213540 0.997614745364 10.654724231425
-0.011772395693 -0.998957342439 -0.044109206153 13.277354687333 0.998597608139 -0.014022353378 0.051051627819 101.647544109401 -0.051616923985 -0.043446351808 0.997721429071 10.580565055866
-0.011827528088 -0.999017793574 -0.042703350415 13.255186465051 0.998669123231 -0.013945849736 0.049653393058 102.814777520317 -0.050200172408 -0.042059245649 0.997853157824 10.507794238762
-0.011915048265 -0.999038271349 -0.042196117558 13.232625087982 0.998569982921 -0.014087627386 0.051570332804 103.980496799146 -0.052115196316 -0.041521314883 0.997777545651 10.438741501970
-0.011707510345 -0.999087643537 -0.041071544849 13.209545482765 0.998413549985 -0.013942223438 0.054552733390 105.151825914612 -0.055075600906 -0.040367715944 0.997665803783 10.369070954048
-0.012201844957 -0.998923808020 -0.044747409018 13.187707925207 0.998459856904 -0.014593931260 0.053526390641 106.325597177713 -0.054121840698 -0.044025370764 0.997563296216 10.295708310511
-0.012522679348 -0.998696985265 -0.049473152180 13.165144312174 0.998389257842 -0.015226267948 0.054654168080 107.514804910686 -0.055336261799 -0.048709047215 0.997278897297 10.218949364040
-0.012568966056 -0.998532203831 -0.052682524929 13.137219963791 0.998436082334 -0.015403183885 0.053741935133 108.696256598217 -0.054474543395 -0.051924649131 0.997164089941 10.150800350765
-0.012821686569 -0.998492728226 -0.053364627599 13.111009308712 0.998611896583 -0.015513422811 0.050335780096 109.885474710625 -0.051087802131 -0.052645163719 0.997305579380 10.081835536114
-0.013728158964 -0.998463969331 -0.053676829817 13.087633105268 0.998817635402 -0.016197157856 0.045836395412 111.071650752616 -0.046635410180 -0.052984116591 0.997505806820 10.017721364954
-0.014721537060 -0.998618171085 -0.050447406964 13.068591476952 0.998838941695 -0.017001890968 0.045075859932 112.271445007814 -0.045871293141 -0.049725249471 0.997708948028 9.957123556607
-0.015517141604 -0.998818042788 -0.046061128302 13.052114548430 0.998840734137 -0.017583971002 0.044810745229 113.477552457257 -0.045567731618 -0.045312396458 0.997933032606 9.900083629826
-0.016126680973 -0.998861080375 -0.044904768884 13.030030276057 0.998772076162 -0.018196747823 0.046078461069 114.692230320723 -0.046843115895 -0.044106537956 0.997927978796 9.840915701182
-0.016745619275 -0.998866385986 -0.044558565649 13.006093416180 0.998557578623 -0.018980969721 0.050225825183 115.912369741700 -0.051014671001 -0.043653229970 0.997743358996 9.783617998185
-0.017526445539 -0.998920305799 -0.043023719170 12.984667294856 0.998521767389 -0.019701253695 0.050656771778 117.134197552019 -0.051449709604 -0.042072292978 0.997788909234 9.721006726069
-0.018166316085 -0.998923291126 -0.042688222422 12.965605143931 0.998724584454 -0.020141258824 0.046298871430 118.360013703016 -0.047108826530 -0.041792692686 0.998015054909 9.652704295171
-0.019026232810 -0.998900907267 -0.042835974118 12.942563251310 0.998888353518 -0.020839224319 0.042283022274 119.588427090306 -0.043129225688 -0.041983868355 0.998186957129 9.590479958313
-0.020160061582 -0.998904523054 -0.042229554045 12.919586624795 0.998927388855 -0.021885619924 0.040805784711 120.826435444411 -0.041685313858 -0.041361613211 0.998274311506 9.533737973421
-0.020602770113 -0.998845797740 -0.043389155612 12.892677234307 0.998873089768 -0.022420497438 0.041832235146 122.076762329603 -0.042756772744 -0.042478404865 0.998182087551 9.479220564887
-0.020786911459 -0.998614440553 -0.048344062031 12.859814386307 0.998655125466 -0.023036271759 0.046446109524 123.336346513053 -0.047495438287 -0.047313574577 0.997750233217 9.423233636599
-0.020671948763 -0.998307963416 -0.054349122354 12.821536986883 0.998461402836 -0.023411775638 0.050267932694 124.596381822682 -0.051455305041 -0.053226364672 0.997255854401 9.365960132851
-0.020428419789 -0.997903765718 -0.061406313684 12.781674678476 0.998479481606 -0.023508448475 0.049861482708 125.855370269594 -0.051200537285 -0.060294356100 0.996866638264 9.302394359218
-0.020177803777 -0.997685996520 -0.064926369693 12.744806613143 0.998589425378 -0.023300859060 0.047709438900 127.113766673735 -0.049111897880 -0.063872119247 0.996748862838 9.241469241631
-0.020669264966 -0.997549864404 -0.066835884167 12.711473163694 0.998638366391 -0.023802086859 0.046421847233 128.373823591966 -0.047898949376 -0.065785369141 0.996683461825 9.182830407227
-0.021249568825 -0.997490529997 -0.067535672080 12.681654837120 0.998626080907 -0.024413132448 0.046367915526 129.632052788758 -0.047900327962 -0.066457591134 0.996638821272 9.128892678421
-0.022008952956 -0.997624622522 -0.065273856987 12.662947598341 0.998661780697 -0.024994244949 0.045276409859 130.891961451468 -0.046800346997 -0.064190029753 0.996839687905 9.075391434413
-0.022493716329 -0.997606264223 -0.065389227707 12.617863821109 0.998633760483 -0.025506357958 0.045608684024 132.144574802184 -0.047167362411 -0.064273981990 0.996816964288 9.018961507145
-0.022947418648 -0.997596544005 -0.065379830292 12.571381041452 0.998369934831 -0.026285477441 0.050662214081 133.414121775671 -0.052259002806 -0.064110690199 0.996573536089 8.952117043073
-0.023485219984 -0.997617276347 -0.064870538354 12.514787148224 0.998081362005 -0.027115707881 0.055663790979 134.689863412068 -0.057290186402 -0.063438798360 0.996339957865 8.876366931789
-0.023820216904 -0.997613956433 -0.064799420391 12.455683861070 0.998179088723 -0.027326626663 0.053774899886 135.951668261248 -0.055417347825 -0.063400495359 0.996448303567 8.797612662874
-0.023405310000 -0.997627099734 -0.064748554929 12.400146083357 0.998280438083 -0.026804112413 0.052131509766 137.225417486704 -0.053743344359 -0.063417065302 0.996538922413 8.715167168228
-0.022408120356 -0.997695009247 -0.064050814966 12.353771110455 0.998299840814 -0.025777917045 0.052278374913 138.485122628868 -0.053808989993 -0.062770453308 0.996576307401 8.644663876995
-0.021666104125 -0.997694254816 -0.064318000575 12.306980557260 0.998359225788 -0.025001516927 0.051514557398 139.748250776637 -0.053003844167 -0.063096356083 0.996598871051 8.573186359396
-0.020946936768 -0.997730146582 -0.063998146850 12.266152027047 0.998304473587 -0.024350328960 0.052870854585 141.004725253424 -0.054309233377 -0.062782160736 0.996548425728 8.507405060874
-0.019888280162 -0.997662922448 -0.065369819346 12.235401486511 0.998087314874 -0.023639589125 0.057122639746 142.268045087594 -0.058534472616 -0.064108717683 0.996224719287 8.431248457861
-0.018412776356 -0.997597164685 -0.066789826606 12.202613070198 0.998035895137 -0.022339281476 0.058526743757 143.519881704241 -0.059878162998 -0.065581008054 0.996049017832 8.356465433408
-0.017564212826 -0.997459324230 -0.069039202063 12.168974164397 0.998205114944 -0.021447523115 0.055915257026 144.768844410131 -0.057253928503 -0.067933184327 0.996045645941 8.279950244488
-0.017702527545 -0.997534877534 -0.067902501718 12.139863926963 0.998394361190 -0.021290896413 0.052491474359 146.009178382615 -0.053807794215 -0.066864254353 0.996310113958 8.209356459899
-0.018029821515 -0.997719244718 -0.065047748877 12.115153428440 0.998479104542 -0.021357296618 0.050827072147 147.253145378924 -0.052100403908 -0.064032414606 0.996586888134 8.142589752614
-0.018360106878 -0.997792931156 -0.063813067097 12.100804875543 0.998498615849 -0.021592620811 0.050341092879 148.503638974166 -0.051607892738 -0.062792999237 0.996691297689 8.071749031915
-0.018697485998 -0.997959225144 -0.061055061508 12.082631145635 0.998488825420 -0.021793918836 0.050449761283 149.745565482812 -0.051677444580 -0.060019518437 0.996858614834 8.004714195023
-0.019056334609 -0.998084318694 -0.058859592500 12.064157491250 0.998518707837 -0.021999393245 0.049764864106 150.987600807687 -0.050964429095 -0.057824076821 0.997025067854 7.939710834987
-0.018870087431 -0.998113729461 -0.058419992789 12.039134671642 0.998519062957 -0.021795274189 0.049846259316 152.224311373948 -0.051025527263 -0.057392876287 0.997046821620 7.875678264067
-0.019150733039 -0.998261136964 -0.055749313340 12.018624743165 0.998411494702 -0.022049248023 0.051849877978 153.466017737923 -0.052988964988 -0.054667795542 0.997097531062 7.809265792802
-0.019504565145 -0.998382637806 -0.053400273238 11.994520424174 0.998315170551 -0.022366993731 0.053541167376 154.702797614093 -0.054648989033 -0.052266008092 0.997136748876 7.743413601713
-0.019795948860 -0.998507130645 -0.050907306478 11.974157255545 0.998390495787 -0.022448972923 0.052082344804 155.938598251264 -0.053147427654 -0.049794353284 0.997344351783 7.673790093944
-0.020351613382 -0.998436826713 -0.052055440842 11.946790006505 0.998369101034 -0.023072812640 0.052219705014 157.168633341237 -0.053339160386 -0.050907793978 0.997277936022 7.608214148199
-0.020069500540 -0.998406779746 -0.052736720694 11.918410165023 0.998106826359 -0.023074850329 0.057011120508 158.405730182780 -0.058137198508 -0.051492696883 0.996979660869 7.541045608964
-0.019235561790 -0.998106298236 -0.058427996640 11.882281001886 0.997721426671 -0.022942300572 0.063447643145 159.638618490242 -0.064667984382 -0.057074417324 0.996273332362 7.472880427685
-0.017533508977 -0.997865741287 -0.062900615761 11.846931829806 0.997718742084 -0.021563429173 0.063972372286 160.869385380500 -0.065192212840 -0.061635472737 0.995967338150 7.396663017043
-0.016226264114 -0.997647683420 -0.066601993250 11.813239963175 0.997994330368 -0.020236301045 0.059982926053 162.088605675292 -0.061189614342 -0.065495111788 0.995974975159 7.320115031046
