0.000000e+00 -1.000000e+00 0.000000e+00 0.000000e+00 0.000000e+00 0.000000e+00 -1.000000e+00 0.000000e+00 1.000000e+00 0.000000e+00 0.000000e+00 0.000000e+00
-3.102459e-03 -9.999933e-01 1.956119e-03 2.443310e-03 -9.363324e-04 -1.953222e-03 -9.999977e-01 -1.031574e-03 9.999948e-01 -3.104284e-03 -9.302663e-04 5.094109e-01
-7.266855e-03 -9.999729e-01 1.197490e-03 -6.699928e-03 -2.151091e-03 -1.181887e-03 -9.999970e-01 1.757036e-04 9.999713e-01 -7.269409e-03 -2.142444e-03 1.191684e+00
-1.214133e-02 -9.999254e-01 1.288097e-03 -1.464212e-02 -3.819041e-03 -1.241811e-03 -9.999920e-01 -1.078841e-02 9.999190e-01 -1.214616e-02 -3.803679e-03 2.093112e+00
-1.663033e-02 -9.998617e-01 1.080537e-04 -3.688753e-02 -4.989115e-03 -2.508519e-05 -9.999875e-01 -1.750861e-02 9.998493e-01 -1.663067e-02 -4.988008e-03 2.853045e+00
-2.048060e-02 -9.997903e-01 1.861360e-04 -4.969291e-02 -5.586898e-03 -7.172515e-05 -9.999844e-01 -3.027949e-02 9.997746e-01 -2.048132e-02 -5.584257e-03 3.608023e+00
-2.456908e-02 -9.996976e-01 -1.087452e-03 -8.008587e-02 -6.200473e-03 1.240146e-03 -9.999800e-01 -4.274880e-02 9.996789e-01 -2.456184e-02 -6.229067e-03 4.369175e+00
-2.928054e-02 -9.995692e-01 -2.036349e-03 -1.224067e-01 -6.297522e-03 2.221655e-03 -9.999777e-01 -4.602383e-02 9.995514e-01 -2.926706e-02 -6.359860e-03 5.149595e+00
-3.360413e-02 -9.994272e-01 -4.009365e-03 -1.630165e-01 -5.475649e-03 4.195677e-03 -9.999762e-01 -5.023617e-02 9.994202e-01 -3.358138e-02 -5.613504e-03 5.952642e+00
-3.762973e-02 -9.992797e-01 -4.917425e-03 -1.922932e-01 -3.030270e-03 5.034995e-03 -9.999827e-01 -6.272014e-02 9.992871e-01 -3.761418e-02 -3.217553e-03 6.756207e+00
-4.165875e-02 -9.991202e-01 -4.845327e-03 -2.222462e-01 -1.014012e-03 4.891813e-03 -9.999875e-01 -7.604846e-02 9.991314e-01 -4.165332e-02 -1.216907e-03 7.578851e+00
-4.446170e-02 -9.989951e-01 -5.661890e-03 -2.755145e-01 -8.537218e-04 5.705487e-03 -9.999834e-01 -8.167825e-02 9.990107e-01 -4.445613e-02 -1.106540e-03 8.401921e+00
-4.597885e-02 -9.989327e-01 -4.398305e-03 -3.248198e-01 -1.427936e-03 4.468681e-03 -9.999890e-01 -7.882752e-02 9.989414e-01 -4.597206e-02 -1.631877e-03 9.219622e+00
-4.689462e-02 -9.988964e-01 -2.633890e-03 -3.651031e-01 -1.701126e-03 2.716648e-03 -9.999949e-01 -9.416164e-02 9.988984e-01 -4.688990e-02 -1.826645e-03 1.003939e+01
-4.918807e-02 -9.987872e-01 -2.167598e-03 -4.077687e-01 -8.684403e-04 2.212993e-03 -9.999972e-01 -9.339129e-02 9.987891e-01 -4.918605e-02 -9.762399e-04 1.087186e+01
-5.093156e-02 -9.987019e-01 -7.217388e-04 -4.507260e-01 -1.365547e-03 7.923158e-04 -9.999987e-01 -1.041780e-01 9.987012e-01 -5.093051e-02 -1.404128e-03 1.174671e+01
-5.392225e-02 -9.985433e-01 -1.909787e-03 -5.015488e-01 -3.598732e-03 2.106891e-03 -9.999913e-01 -1.116087e-01 9.985387e-01 -5.391491e-02 -3.707098e-03 1.261300e+01
-5.617234e-02 -9.984164e-01 -3.079164e-03 -5.455363e-01 -5.610594e-03 3.399642e-03 -9.999785e-01 -1.219007e-01 9.984053e-01 -5.615386e-02 -5.792675e-03 1.351668e+01
-5.571436e-02 -9.984366e-01 -4.504835e-03 -6.132141e-01 -6.009147e-03 4.847075e-03 -9.999702e-01 -1.215630e-01 9.984286e-01 -5.568563e-02 -6.269803e-03 1.437747e+01
-5.705090e-02 -9.983580e-01 -5.149594e-03 -6.682576e-01 -6.060613e-03 5.504222e-03 -9.999665e-01 -1.333543e-01 9.983529e-01 -5.701778e-02 -6.364682e-03 1.524111e+01
-5.997086e-02 -9.981796e-01 -6.396052e-03 -7.221707e-01 -5.070249e-03 6.712112e-03 -9.999646e-01 -1.494048e-01 9.981872e-01 -5.993631e-02 -5.463550e-03 1.614515e+01
-6.119877e-02 -9.980969e-01 -7.560341e-03 -7.812341e-01 -4.099760e-03 7.825838e-03 -9.999610e-01 -1.611865e-01 9.981172e-01 -6.116539e-02 -4.570890e-03 1.705145e+01
-6.193878e-02 -9.980483e-01 -7.945585e-03 -8.444446e-01 -3.470361e-03 8.176179e-03 -9.999605e-01 -1.714086e-01 9.980739e-01 -6.190876e-02 -3.970010e-03 1.795350e+01
-6.349690e-02 -9.979532e-01 -7.586847e-03 -9.038867e-01 -4.999911e-03 7.920204e-03 -9.999561e-01 -1.742138e-01 9.979695e-01 -6.345619e-02 -5.492586e-03 1.885741e+01
-6.378545e-02 -9.979460e-01 -5.940447e-03 -9.604580e-01 -5.310100e-03 6.291876e-03 -9.999661e-01 -1.883807e-01 9.979495e-01 -6.375174e-02 -5.700523e-03 1.974217e+01
-6.417712e-02 -9.979221e-01 -5.723001e-03 -1.021790e+00 -3.807829e-03 5.979657e-03 -9.999748e-01 -2.000922e-01 9.979312e-01 -6.415371e-02 -4.183674e-03 2.066835e+01
-6.367168e-02 -9.979438e-01 -7.360400e-03 -1.106105e+00 2.031862e-05 7.374069e-03 -9.999728e-01 -2.080476e-01 9.979709e-01 -6.367010e-02 -4.492425e-04 2.162276e+01
-6.383178e-02 -9.979237e-01 -8.589481e-03 -1.169575e+00 2.975382e-03 8.416691e-03 -9.999601e-01 -2.182758e-01 9.979562e-01 -6.385480e-02 2.431952e-03 2.255677e+01
-6.174196e-02 -9.980735e-01 -6.103235e-03 -1.217503e+00 6.456936e-03 5.715355e-03 -9.999628e-01 -2.090397e-01 9.980713e-01 -6.177907e-02 6.091620e-03 2.349728e+01
-5.936389e-02 -9.982200e-01 -5.719525e-03 -1.278204e+00 6.956050e-03 5.315830e-03 -9.999617e-01 -2.069198e-01 9.982122e-01 -5.940140e-02 6.628100e-03 2.444474e+01
-5.805688e-02 -9.982786e-01 -8.318339e-03 -1.345271e+00 4.605602e-03 8.064475e-03 -9.999568e-01 -2.124415e-01 9.983026e-01 -5.809268e-02 4.129475e-03 2.540546e+01
-5.663315e-02 -9.983647e-01 -7.778351e-03 -1.412884e+00 7.195129e-05 7.786774e-03 -9.999697e-01 -2.179240e-01 9.983950e-01 -5.663200e-02 -3.691559e-04 2.636876e+01
-5.546164e-02 -9.984372e-01 -6.860652e-03 -1.464975e+00 -2.573430e-03 7.014148e-03 -9.999721e-01 -2.194702e-01 9.984575e-01 -5.544243e-02 -2.958424e-03 2.730273e+01
-5.554247e-02 -9.984360e-01 -6.372059e-03 -1.532037e+00 -1.221851e-03 6.449874e-03 -9.999784e-01 -2.342934e-01 9.984556e-01 -5.553348e-02 -1.578182e-03 2.828913e+01
-5.542156e-02 -9.984494e-01 -5.208112e-03 -1.590726e+00 4.002158e-03 4.993943e-03 -9.999795e-01 -2.409764e-01 9.984550e-01 -5.544127e-02 3.719180e-03 2.926959e+01
-5.634209e-02 -9.984086e-01 -2.397754e-03 -1.642064e+00 6.240156e-03 2.049380e-03 -9.999784e-01 -2.434470e-01 9.983920e-01 -5.635584e-02 6.114759e-03 3.026015e+01
-5.695803e-02 -9.983655e-01 4.695974e-03 -1.688823e+00 5.631663e-03 -5.024821e-03 -9.999715e-01 -2.511021e-01 9.983607e-01 -5.692997e-02 5.908662e-03 3.123753e+01
-5.804929e-02 -9.982654e-01 9.824145e-03 -1.745413e+00 3.489034e-03 -1.004355e-02 -9.999435e-01 -2.399044e-01 9.983076e-01 -5.801173e-02 4.066003e-03 3.221245e+01
-5.927449e-02 -9.981945e-01 9.712024e-03 -1.808458e+00 1.467781e-04 -9.737845e-03 -9.999526e-01 -2.423254e-01 9.982417e-01 -5.927025e-02 7.237189e-04 3.319750e+01
-6.167585e-02 -9.980727e-01 6.860081e-03 -1.879793e+00 -4.159482e-04 -6.847463e-03 -9.999765e-01 -2.506547e-01 9.980962e-01 -6.167725e-02 7.176477e-06 3.419602e+01
-6.246655e-02 -9.980286e-01 6.066243e-03 -1.945375e+00 6.846370e-04 -6.120961e-03 -9.999810e-01 -2.731465e-01 9.980468e-01 -6.246121e-02 1.065643e-03 3.521907e+01
-6.450373e-02 -9.979109e-01 3.613802e-03 -2.016429e+00 2.534148e-03 -3.785134e-03 -9.999896e-01 -2.698080e-01 9.979143e-01 -6.449390e-02 2.773009e-03 3.623005e+01
-6.540849e-02 -9.978461e-01 4.981065e-03 -2.088158e+00 4.117047e-03 -5.261576e-03 -9.999777e-01 -2.793496e-01 9.978501e-01 -6.538653e-02 4.452331e-03 3.723871e+01
-6.614359e-02 -9.977978e-01 4.944816e-03 -2.161238e+00 6.688438e-03 -5.398919e-03 -9.999630e-01 -2.702503e-01 9.977877e-01 -6.610808e-02 7.030813e-03 3.822025e+01
-6.635301e-02 -9.977918e-01 2.973609e-03 -2.239429e+00 1.060648e-02 -3.685332e-03 -9.999369e-01 -2.887807e-01 9.977399e-01 -6.631728e-02 1.082759e-02 3.919035e+01
-6.656327e-02 -9.977821e-01 -5.900271e-04 -2.319891e+00 1.177356e-02 -1.941307e-04 -9.999307e-01 -2.733659e-01 9.977127e-01 -6.656560e-02 1.176036e-02 4.021080e+01
-6.655864e-02 -9.977812e-01 -1.660321e-03 -2.379472e+00 1.110803e-02 9.229306e-04 -9.999379e-01 -2.726956e-01 9.977207e-01 -6.657295e-02 1.102195e-02 4.122126e+01
-6.655492e-02 -9.977816e-01 -1.499997e-03 -2.456248e+00 1.043470e-02 8.072252e-04 -9.999452e-01 -2.746379e-01 9.977282e-01 -6.656693e-02 1.035782e-02 4.221505e+01
-6.607685e-02 -9.977943e-01 -6.362274e-03 -2.531650e+00 9.414513e-03 5.752494e-03 -9.999391e-01 -2.873180e-01 9.977701e-01 -6.613273e-02 9.013640e-03 4.321271e+01
-6.795112e-02 -9.976602e-01 -7.537981e-03 -2.597870e+00 9.172554e-03 6.930414e-03 -9.999339e-01 -2.911986e-01 9.976465e-01 -6.801578e-02 8.680163e-03 4.420487e+01
-6.941560e-02 -9.975684e-01 -6.229314e-03 -2.666537e+00 1.026600e-02 5.529716e-03 -9.999320e-01 -2.973708e-01 9.975350e-01 -6.947482e-02 9.857185e-03 4.520899e+01
-6.946926e-02 -9.975796e-01 -2.984780e-03 -2.742316e+00 1.079410e-02 2.240162e-03 -9.999392e-01 -2.800367e-01 9.975257e-01 -6.949726e-02 1.061235e-02 4.618930e+01
-7.037421e-02 -9.975085e-01 -4.931063e-03 -2.819135e+00 8.220079e-03 4.363239e-03 -9.999567e-01 -2.855949e-01 9.974868e-01 -7.041169e-02 7.892539e-03 4.717049e+01
-7.035147e-02 -9.975000e-01 -6.664278e-03 -2.898460e+00 4.270370e-03 6.379604e-03 -9.999706e-01 -2.829851e-01 9.975131e-01 -7.037785e-02 3.810880e-03 4.815487e+01
-7.117856e-02 -9.974511e-01 -4.989980e-03 -2.961779e+00 3.659373e-03 4.741507e-03 -9.999821e-01 -2.907114e-01 9.974568e-01 -7.119554e-02 3.312552e-03 4.909220e+01
-7.176594e-02 -9.973961e-01 -7.115158e-03 -3.041529e+00 5.940623e-03 6.706000e-03 -9.999599e-01 -2.960188e-01 9.974038e-01 -7.180533e-02 5.443892e-03 5.007143e+01
-7.164653e-02 -9.974161e-01 -5.270674e-03 -3.119387e+00 8.246833e-03 4.691703e-03 -9.999550e-01 -3.069466e-01 9.973960e-01 -7.168677e-02 7.889381e-03 5.106102e+01
-7.231566e-02 -9.973723e-01 -4.351228e-03 -3.191802e+00 8.513114e-03 3.745250e-03 -9.999567e-01 -3.006327e-01 9.973454e-01 -7.234957e-02 8.219904e-03 5.204088e+01
-7.308716e-02 -9.973255e-01 -5.487726e-05 -3.251917e+00 8.623736e-03 -5.769522e-04 -9.999626e-01 -3.017861e-01 9.972883e-01 -7.308491e-02 8.642839e-03 5.300968e+01
-7.309067e-02 -9.973242e-01 1.510733e-03 -3.319319e+00 7.449680e-03 -2.060704e-03 -9.999701e-01 -3.063742e-01 9.972975e-01 -7.307723e-02 7.580364e-03 5.398125e+01
-7.324068e-02 -9.973102e-01 2.840947e-03 -3.392522e+00 8.847423e-03 -3.498219e-03 -9.999548e-01 -3.132290e-01 9.972751e-01 -7.321224e-02 9.079837e-03 5.492149e+01
-7.429440e-02 -9.972195e-01 5.795832e-03 -3.456603e+00 1.295739e-02 -6.776717e-03 -9.998931e-01 -3.199126e-01 9.971521e-01 -7.421135e-02 1.342484e-02 5.590274e+01
-7.558504e-02 -9.971138e-01 7.135507e-03 -3.525405e+00 1.740948e-02 -8.474525e-03 -9.998125e-01 -3.219517e-01 9.969873e-01 -7.544665e-02 1.799978e-02 5.686035e+01
-7.656837e-02 -9.970332e-01 7.872653e-03 -3.608515e+00 1.882377e-02 -9.339930e-03 -9.997792e-01 -2.971327e-01 9.968866e-01 -7.640328e-02 1.948307e-02 5.780125e+01
-7.623520e-02 -9.970446e-01 9.501488e-03 -3.685091e+00 1.557436e-02 -1.071878e-02 -9.998212e-01 -2.955734e-01 9.969682e-01 -7.607359e-02 1.634548e-02 5.875090e+01
-7.715289e-02 -9.970004e-01 6.131281e-03 -3.760693e+00 9.720515e-03 -6.901512e-03 -9.999290e-01 -3.009305e-01 9.969719e-01 -7.708780e-02 1.022383e-02 5.965226e+01
-7.887252e-02 -9.968743e-01 4.559364e-03 -3.843893e+00 5.706104e-03 -5.024994e-03 -9.999711e-01 -3.069379e-01 9.968684e-01 -7.884423e-02 6.084602e-03 6.058367e+01
-7.935596e-02 -9.968463e-01 -1.934636e-04 -3.932308e+00 5.621495e-03 -2.534379e-04 -9.999841e-01 -2.992213e-01 9.968305e-01 -7.935580e-02 5.623878e-03 6.150658e+01
-8.105329e-02 -9.967033e-01 -3.598897e-03 -4.005571e+00 7.240641e-03 3.021871e-03 -9.999692e-01 -3.129306e-01 9.966835e-01 -8.107685e-02 6.971838e-03 6.240517e+01
-8.307593e-02 -9.965277e-01 -5.556200e-03 -4.092080e+00 8.778897e-03 4.843423e-03 -9.999498e-01 -3.176305e-01 9.965045e-01 -8.312053e-02 8.346043e-03 6.327816e+01
-8.285904e-02 -9.965490e-01 -4.947669e-03 -4.168927e+00 8.742439e-03 4.237670e-03 -9.999528e-01 -3.150813e-01 9.965229e-01 -8.289839e-02 8.361139e-03 6.413512e+01
-8.491169e-02 -9.963686e-01 -6.283650e-03 -4.233569e+00 9.814530e-03 5.469748e-03 -9.999369e-01 -3.167760e-01 9.963402e-01 -8.496800e-02 9.314445e-03 6.500410e+01
-8.610692e-02 -9.962494e-01 -8.525414e-03 -4.313235e+00 1.059525e-02 7.641022e-03 -9.999146e-01 -3.235549e-01 9.962296e-01 -8.618990e-02 9.897562e-03 6.585258e+01
-8.729323e-02 -9.961486e-01 -8.240913e-03 -4.394586e+00 1.109301e-02 7.299956e-03 -9.999118e-01 -3.261061e-01 9.961209e-01 -8.737695e-02 1.041305e-02 6.666048e+01
-8.911330e-02 -9.959872e-01 -8.260654e-03 -4.470631e+00 1.203072e-02 7.216704e-03 -9.999016e-01 -3.326829e-01 9.959489e-01 -8.920391e-02 1.133934e-02 6.747673e+01
-9.020033e-02 -9.958721e-01 -1.012590e-02 -4.555931e+00 1.450167e-02 8.852924e-03 -9.998556e-01 -3.385047e-01 9.958181e-01 -9.033415e-02 1.364327e-02 6.830049e+01
-9.235662e-02 -9.956643e-01 -1.108194e-02 -4.641698e+00 1.778658e-02 9.478072e-03 -9.997969e-01 -3.340514e-01 9.955671e-01 -9.253497e-02 1.683410e-02 6.910789e+01
-9.334781e-02 -9.955570e-01 -1.235004e-02 -4.712949e+00 1.985031e-02 1.054077e-02 -9.997474e-01 -3.188159e-01 9.954357e-01 -9.356938e-02 1.877816e-02 6.984624e+01
-9.408447e-02 -9.954460e-01 -1.534488e-02 -4.790613e+00 1.676276e-02 1.382711e-02 -9.997639e-01 -3.281247e-01 9.954231e-01 -9.431948e-02 1.538550e-02 7.060001e+01
-9.504793e-02 -9.953317e-01 -1.675445e-02 -4.863604e+00 1.027492e-02 1.584884e-02 -9.998216e-01 -3.306931e-01 9.954197e-01 -9.520312e-02 8.720554e-03 7.131245e+01
-9.574135e-02 -9.952726e-01 -1.630917e-02 -4.932751e+00 4.683388e-03 1.593385e-02 -9.998621e-01 -3.371973e-01 9.953952e-01 -9.580453e-02 3.135720e-03 7.203548e+01
-9.767649e-02 -9.950416e-01 -1.874763e-02 -5.006766e+00 2.608536e-03 1.858167e-02 -9.998239e-01 -3.363956e-01 9.952148e-01 -9.770820e-02 7.806094e-04 7.272927e+01
-9.841987e-02 -9.949139e-01 -2.144272e-02 -5.086683e+00 5.511944e-03 2.100199e-02 -9.997643e-01 -3.448720e-01 9.951297e-01 -9.851485e-02 3.416896e-03 7.341962e+01
-9.890265e-02 -9.948459e-01 -2.235920e-02 -5.155985e+00 7.791354e-03 2.169449e-02 -9.997343e-01 -3.522797e-01 9.950666e-01 -9.905058e-02 5.605554e-03 7.408157e+01
-1.007733e-01 -9.947353e-01 -1.861170e-02 -5.213206e+00 4.946227e-03 1.820579e-02 -9.998220e-01 -3.594660e-01 9.948971e-01 -1.008474e-01 3.085529e-03 7.472526e+01
-9.968337e-02 -9.949593e-01 -1.091824e-02 -5.266090e+00 1.077545e-03 1.086494e-02 -9.999404e-01 -3.754466e-01 9.950186e-01 -9.968919e-02 -1.094038e-05 7.531367e+01
-9.870210e-02 -9.950966e-01 -6.369370e-03 -5.321490e+00 -3.592747e-03 6.756927e-03 -9.999707e-01 -3.858288e-01 9.951105e-01 -9.867633e-02 -4.242053e-03 7.592316e+01
-9.639671e-02 -9.953154e-01 -7.409842e-03 -5.394867e+00 -4.736989e-03 7.903181e-03 -9.999576e-01 -3.850454e-01 9.953317e-01 -9.635752e-02 -5.476639e-03 7.649500e+01
-9.308961e-02 -9.955860e-01 -1.194874e-02 -5.459767e+00 -2.426626e-03 1.222768e-02 -9.999223e-01 -3.852767e-01 9.956548e-01 -9.305339e-02 -3.554185e-03 7.708772e+01
-8.828181e-02 -9.960094e-01 -1.309885e-02 -5.519106e+00 1.159510e-03 1.304743e-02 -9.999142e-01 -3.993571e-01 9.960949e-01 -8.828942e-02 3.032093e-06 7.767036e+01
-8.230467e-02 -9.965461e-01 -1.103798e-02 -5.559296e+00 5.012870e-03 1.066145e-02 -9.999306e-01 -4.021383e-01 9.965946e-01 -8.235429e-02 4.118069e-03 7.820727e+01
-7.446610e-02 -9.972031e-01 -6.383316e-03 -5.592202e+00 8.235920e-03 5.785878e-03 -9.999493e-01 -4.159283e-01 9.971895e-01 -7.451490e-02 7.782033e-03 7.874111e+01
-6.423075e-02 -9.979057e-01 -7.648901e-03 -5.624671e+00 9.418533e-03 7.058193e-03 -9.999307e-01 -4.231797e-01 9.978907e-01 -6.429835e-02 8.945456e-03 7.923466e+01
-4.893186e-02 -9.987262e-01 -1.231631e-02 -5.667823e+00 9.416359e-03 1.186926e-02 -9.998852e-01 -4.310722e-01 9.987577e-01 -4.904222e-02 8.823580e-03 7.973691e+01
-3.137566e-02 -9.993626e-01 -1.702543e-02 -5.696890e+00 9.698752e-03 1.672860e-02 -9.998130e-01 -4.284620e-01 9.994606e-01 -3.153492e-02 9.167699e-03 8.024842e+01
-9.884346e-03 -9.998171e-01 -1.637263e-02 -5.695533e+00 9.572782e-03 1.627807e-02 -9.998217e-01 -4.248078e-01 9.999053e-01 -1.003931e-02 9.410133e-03 8.070904e+01
1.533045e-02 -9.998006e-01 -1.279846e-02 -5.683620e+00 1.011671e-02 1.295441e-02 -9.998649e-01 -4.210881e-01 9.998313e-01 1.519890e-02 1.031329e-02 8.119283e+01
4.442288e-02 -9.989440e-01 -1.172025e-02 -5.649610e+00 1.278861e-02 1.229949e-02 -9.998426e-01 -4.308585e-01 9.989309e-01 4.426600e-02 1.332149e-02 8.165438e+01
7.777067e-02 -9.969103e-01 -1.102815e-02 -5.600047e+00 1.436986e-02 1.218138e-02 -9.998226e-01 -4.364644e-01 9.968677e-01 7.759839e-02 1.527281e-02 8.210184e+01
1.160304e-01 -9.931939e-01 -1.014569e-02 -5.518999e+00 1.444958e-02 1.190151e-02 -9.998248e-01 -4.333478e-01 9.931405e-01 1.158635e-01 1.573217e-02 8.254170e+01
1.580036e-01 -9.873799e-01 -1.076185e-02 -5.437066e+00 1.481546e-02 1.326806e-02 -9.998022e-01 -4.360048e-01 9.873274e-01 1.578129e-01 1.672489e-02 8.296501e+01
2.022790e-01 -9.792743e-01 -1.025060e-02 -5.339082e+00 1.430733e-02 1.342086e-02 -9.998076e-01 -4.335553e-01 9.792234e-01 2.020935e-01 1.672556e-02 8.339581e+01
2.516963e-01 -9.677278e-01 -1.232387e-02 -5.216384e+00 1.298640e-02 1.610976e-02 -9.997859e-01 -4.367353e-01 9.677191e-01 2.514823e-01 1.662206e-02 8.382880e+01
3.036033e-01 -9.527140e-01 -1.268719e-02 -5.090858e+00 1.169957e-02 1.704238e-02 -9.997863e-01 -4.394437e-01 9.527267e-01 3.033900e-01 1.632047e-02 8.421209e+01
3.596979e-01 -9.329783e-01 -1.299481e-02 -4.905580e+00 9.795831e-03 1.770212e-02 -9.997953e-01 -4.379427e-01 9.330174e-01 3.594970e-01 1.550671e-02 8.458501e+01
4.179000e-01 -9.083968e-01 -1.322290e-02 -4.724687e+00 8.701584e-03 1.855634e-02 -9.997900e-01 -4.425007e-01 9.084514e-01 4.176972e-01 1.565919e-02 8.490051e+01
4.752357e-01 -8.797444e-01 -1.417613e-02 -4.500663e+00 5.865077e-03 1.927895e-02 -9.997969e-01 -4.349799e-01 8.798390e-01 4.750560e-01 1.432181e-02 8.523781e+01
5.322742e-01 -8.464859e-01 -1.207282e-02 -4.282661e+00 3.583372e-03 1.651349e-02 -9.998572e-01 -4.398835e-01 8.465644e-01 5.321550e-01 1.182298e-02 8.556492e+01
5.860599e-01 -8.101706e-01 -1.254995e-02 -4.029110e+00 2.166572e-03 1.705546e-02 -9.998522e-01 -4.374776e-01 8.102649e-01 5.859460e-01 1.175082e-02 8.584967e+01
6.370745e-01 -7.707238e-01 -1.100208e-02 -3.752385e+00 2.789130e-03 1.657846e-02 -9.998587e-01 -4.463531e-01 7.707972e-01 6.369538e-01 1.271136e-02 8.614322e+01
6.849229e-01 -7.285341e-01 -1.089258e-02 -3.454847e+00 4.049367e-03 1.875558e-02 -9.998159e-01 -4.546656e-01 7.286043e-01 6.847528e-01 1.579623e-02 8.642351e+01
7.293239e-01 -6.841015e-01 -9.578067e-03 -3.170735e+00 3.936731e-03 1.819549e-02 -9.998267e-01 -4.508717e-01 6.841572e-01 7.291598e-01 1.596353e-02 8.667245e+01
7.707412e-01 -6.371096e-01 -7.017406e-03 -2.872767e+00 2.712565e-03 1.429479e-02 -9.998941e-01 -4.454487e-01 6.371425e-01 7.706406e-01 1.274579e-02 8.687378e+01
8.067484e-01 -5.908797e-01 -4.258604e-03 -2.562664e+00 1.872787e-03 9.763851e-03 -9.999506e-01 -4.522133e-01 5.908921e-01 8.067006e-01 8.983563e-03 8.706667e+01
8.395616e-01 -5.432336e-01 -5.798341e-03 -2.175806e+00 1.300213e-03 1.268235e-02 -9.999188e-01 -4.707372e-01 5.432630e-01 8.394858e-01 1.135393e-02 8.727076e+01
8.678408e-01 -4.967826e-01 -7.707003e-03 -1.873329e+00 9.676511e-04 1.720194e-02 -9.998516e-01 -4.856236e-01 4.968415e-01 8.677045e-01 1.540926e-02 8.741141e+01
8.922612e-01 -4.514321e-01 -8.891581e-03 -1.538045e+00 -8.798717e-04 1.795413e-02 -9.998384e-01 -4.868447e-01 4.515188e-01 8.921248e-01 1.562257e-02 8.755857e+01
9.127523e-01 -4.084636e-01 -6.383204e-03 -1.161911e+00 -2.129239e-03 1.086840e-02 -9.999387e-01 -4.682158e-01 4.085080e-01 9.127099e-01 9.050436e-03 8.769315e+01
9.299005e-01 -3.678045e-01 2.233623e-03 -8.182092e-01 7.902360e-04 -4.074890e-03 -9.999914e-01 -4.693224e-01 3.678105e-01 9.298942e-01 -3.498590e-03 8.777064e+01
9.433095e-01 -3.318748e-01 5.119299e-03 -4.412707e-01 2.227735e-03 -9.092677e-03 -9.999562e-01 -4.828699e-01 3.319068e-01 9.432796e-01 -7.837879e-03 8.789581e+01
9.543367e-01 -2.987275e-01 1.842032e-03 -6.687052e-02 1.198205e-04 -5.783373e-03 -9.999833e-01 -4.901725e-01 2.987331e-01 9.543209e-01 -5.483491e-03 8.801676e+01
9.631922e-01 -2.687518e-01 -5.773247e-03 2.808911e-01 -4.614073e-03 4.944623e-03 -9.999771e-01 -5.106350e-01 2.687742e-01 9.631968e-01 3.522582e-03 8.810918e+01
9.706907e-01 -2.401038e-01 -1.047694e-02 6.578450e-01 -8.001993e-03 1.128043e-02 -9.999043e-01 -5.147423e-01 2.401990e-01 9.706817e-01 9.028498e-03 8.820296e+01
9.768836e-01 -2.134433e-01 -1.184992e-02 1.054510e+00 -9.670406e-03 1.125241e-02 -9.998899e-01 -5.168511e-01 2.135532e-01 9.768906e-01 8.928210e-03 8.826701e+01
9.815783e-01 -1.906947e-01 -1.181250e-02 1.461357e+00 -1.130258e-02 3.761463e-03 -9.999291e-01 -5.129490e-01 1.907256e-01 9.816422e-01 1.536828e-03 8.832549e+01
9.853799e-01 -1.694976e-01 -1.723325e-02 1.869742e+00 -1.785047e-02 -2.118160e-03 -9.998384e-01 -5.234233e-01 1.694337e-01 9.855283e-01 -5.112804e-03 8.838144e+01
9.883784e-01 -1.499832e-01 -2.476139e-02 2.295907e+00 -2.538388e-02 -2.237090e-03 -9.996753e-01 -5.192213e-01 1.498791e-01 9.886860e-01 -6.018247e-03 8.844133e+01
9.908004e-01 -1.328064e-01 -2.601950e-02 2.735545e+00 -2.648212e-02 -1.717972e-03 -9.996478e-01 -5.320147e-01 1.327149e-01 9.911405e-01 -5.219162e-03 8.849825e+01
9.928978e-01 -1.169805e-01 -2.166828e-02 3.195374e+00 -2.211609e-02 -2.531250e-03 -9.997522e-01 -5.439651e-01 1.168966e-01 9.931310e-01 -5.100422e-03 8.854442e+01
9.946491e-01 -1.016212e-01 -1.861240e-02 3.649948e+00 -1.896452e-02 -2.499906e-03 -9.998170e-01 -5.605955e-01 1.015561e-01 9.948200e-01 -4.413726e-03 8.859066e+01
9.958661e-01 -8.937781e-02 -1.619767e-02 4.142984e+00 -1.661213e-02 -3.895181e-03 -9.998544e-01 -5.731171e-01 8.930171e-02 9.959902e-01 -5.363834e-03 8.863506e+01
9.969768e-01 -7.635860e-02 -1.437526e-02 4.643681e+00 -1.492965e-02 -6.694426e-03 -9.998661e-01 -5.859230e-01 7.625215e-02 9.970580e-01 -7.814195e-03 8.865884e+01
9.976143e-01 -6.739122e-02 -1.496913e-02 5.151509e+00 -1.556674e-02 -8.351398e-03 -9.998440e-01 -5.998198e-01 6.725569e-02 9.976917e-01 -9.380536e-03 8.868720e+01
9.981191e-01 -5.925635e-02 -1.571642e-02 5.670299e+00 -1.636120e-02 -1.041171e-02 -9.998119e-01 -6.124489e-01 5.908157e-02 9.981885e-01 -1.136163e-02 8.870021e+01
9.984207e-01 -5.377430e-02 -1.626094e-02 6.228771e+00 -1.690926e-02 -1.162335e-02 -9.997895e-01 -6.226647e-01 5.357397e-02 9.984854e-01 -1.251428e-02 8.872683e+01
9.987606e-01 -4.699791e-02 -1.638277e-02 6.782277e+00 -1.701415e-02 -1.306571e-02 -9.997699e-01 -6.293751e-01 4.677304e-02 9.988095e-01 -1.384915e-02 8.875140e+01
9.990230e-01 -4.072078e-02 -1.717443e-02 7.362608e+00 -1.773852e-02 -1.353212e-02 -9.997511e-01 -6.360762e-01 4.047823e-02 9.990789e-01 -1.424123e-02 8.879030e+01
9.992002e-01 -3.598047e-02 -1.744915e-02 7.981970e+00 -1.808782e-02 -1.750181e-02 -9.996832e-01 -6.440789e-01 3.566368e-02 9.991992e-01 -1.813862e-02 8.880678e+01
9.992798e-01 -3.371569e-02 -1.740931e-02 8.608178e+00 -1.805458e-02 -1.892957e-02 -9.996578e-01 -6.625772e-01 3.337460e-02 9.992522e-01 -1.952465e-02 8.882433e+01
9.993861e-01 -3.093488e-02 -1.644230e-02 9.256479e+00 -1.703725e-02 -1.906831e-02 -9.996730e-01 -6.787142e-01 3.061124e-02 9.993395e-01 -1.958365e-02 8.884033e+01
9.994865e-01 -2.784012e-02 -1.586195e-02 9.920204e+00 -1.640188e-02 -1.927408e-02 -9.996797e-01 -6.850646e-01 2.752548e-02 9.994265e-01 -1.972081e-02 8.885567e+01
9.995023e-01 -2.754790e-02 -1.536987e-02 1.057775e+01 -1.601624e-02 -2.339860e-02 -9.995979e-01 -6.994520e-01 2.717719e-02 9.993466e-01 -2.382817e-02 8.887453e+01
9.994925e-01 -2.778267e-02 -1.558734e-02 1.126001e+01 -1.633858e-02 -2.702127e-02 -9.995013e-01 -7.129194e-01 2.734763e-02 9.992487e-01 -2.746148e-02 8.889030e+01
9.994367e-01 -2.966863e-02 -1.568848e-02 1.195258e+01 -1.649988e-02 -2.730458e-02 -9.994910e-01 -7.278472e-01 2.922516e-02 9.991868e-01 -2.777873e-02 8.890231e+01
9.993010e-01 -3.419861e-02 -1.510239e-02 1.266818e+01 -1.609623e-02 -2.897433e-02 -9.994506e-01 -7.408029e-01 3.374224e-02 9.989949e-01 -2.950454e-02 8.892563e+01
9.991705e-01 -3.799903e-02 -1.463915e-02 1.340729e+01 -1.577769e-02 -2.983744e-02 -9.994302e-01 -7.560520e-01 3.754058e-02 9.988322e-01 -3.041223e-02 8.895815e+01
9.989955e-01 -4.286573e-02 -1.306184e-02 1.417613e+01 -1.433497e-02 -2.952872e-02 -9.994611e-01 -7.691696e-01 4.245693e-02 9.986444e-01 -3.011354e-02 8.898477e+01
9.988127e-01 -4.728778e-02 -1.170542e-02 1.497517e+01 -1.312728e-02 -2.987042e-02 -9.994676e-01 -7.848966e-01 4.691296e-02 9.984346e-01 -3.045572e-02 8.902766e+01
9.986585e-01 -5.079683e-02 -1.004340e-02 1.577565e+01 -1.158263e-02 -3.009855e-02 -9.994798e-01 -7.990710e-01 5.046812e-02 9.982554e-01 -3.064653e-02 8.907014e+01
9.984272e-01 -5.537917e-02 -8.733581e-03 1.656050e+01 -1.039965e-02 -2.986824e-02 -9.994997e-01 -8.155539e-01 5.509061e-02 9.980186e-01 -3.039719e-02 8.911465e+01
9.981894e-01 -5.946200e-02 -9.066536e-03 1.736928e+01 -1.082871e-02 -2.938041e-02 -9.995096e-01 -8.282249e-01 5.916646e-02 9.977981e-01 -2.997111e-02 8.916493e+01
9.979845e-01 -6.241104e-02 -1.147962e-02 1.816660e+01 -1.327213e-02 -2.838271e-02 -9.995090e-01 -8.471373e-01 6.205457e-02 9.976469e-01 -2.915384e-02 8.921719e+01
9.978387e-01 -6.372923e-02 -1.601272e-02 1.898575e+01 -1.755673e-02 -2.374181e-02 -9.995639e-01 -8.616185e-01 6.332127e-02 9.976848e-01 -2.480938e-02 8.928051e+01
9.978107e-01 -6.310626e-02 -1.978362e-02 1.980475e+01 -2.105702e-02 -1.957776e-02 -9.995866e-01 -8.792080e-01 6.269285e-02 9.978148e-01 -2.086373e-02 8.934522e+01
9.977517e-01 -6.381633e-02 -2.047060e-02 2.062411e+01 -2.152861e-02 -1.593565e-02 -9.996412e-01 -8.940109e-01 6.346722e-02 9.978344e-01 -1.727369e-02 8.941470e+01
9.976714e-01 -6.535153e-02 -1.951702e-02 2.144833e+01 -2.051545e-02 -1.464177e-02 -9.996823e-01 -9.234755e-01 6.504501e-02 9.977549e-01 -1.594839e-02 8.947151e+01
9.977343e-01 -6.475051e-02 -1.826483e-02 2.227451e+01 -1.915672e-02 -1.318016e-02 -9.997296e-01 -9.487621e-01 6.449226e-02 9.978144e-01 -1.439070e-02 8.954140e+01
9.977425e-01 -6.481054e-02 -1.758919e-02 2.309751e+01 -1.845505e-02 -1.278542e-02 -9.997479e-01 -9.701555e-01 6.456932e-02 9.978157e-01 -1.395264e-02 8.960313e+01
9.977075e-01 -6.530039e-02 -1.776287e-02 2.391309e+01 -1.855433e-02 -1.153378e-02 -9.997613e-01 -9.971526e-01 6.507993e-02 9.977990e-01 -1.271894e-02 8.965929e+01
9.978119e-01 -6.357275e-02 -1.816647e-02 2.473200e+01 -1.879780e-02 -9.346810e-03 -9.997796e-01 -1.013662e+00 6.338894e-02 9.979334e-01 -1.052139e-02 8.971422e+01
9.978878e-01 -6.213796e-02 -1.894412e-02 2.555038e+01 -1.945049e-02 -7.554276e-03 -9.997823e-01 -1.040201e+00 6.198132e-02 9.980390e-01 -8.746934e-03 8.977460e+01
9.979894e-01 -6.059913e-02 -1.857075e-02 2.638563e+01 -1.903871e-02 -7.153907e-03 -9.997932e-01 -1.059295e+00 6.045375e-02 9.981365e-01 -8.293252e-03 8.984307e+01
9.981861e-01 -5.754565e-02 -1.769595e-02 2.720034e+01 -1.799849e-02 -4.743403e-03 -9.998268e-01 -1.081940e+00 5.745175e-02 9.983316e-01 -5.770534e-03 8.990593e+01
9.984981e-01 -5.261797e-02 -1.525956e-02 2.802240e+01 -1.540753e-02 -2.407490e-03 -9.998784e-01 -1.104031e+00 5.257483e-02 9.986118e-01 -3.214587e-03 8.995007e+01
9.987944e-01 -4.714849e-02 -1.366923e-02 2.882702e+01 -1.364706e-02 7.920688e-04 -9.999065e-01 -1.117577e+00 4.715491e-02 9.988876e-01 1.476756e-04 8.999377e+01
9.990827e-01 -4.062536e-02 -1.354143e-02 2.962809e+01 -1.343916e-02 2.789446e-03 -9.999058e-01 -1.144463e+00 4.065931e-02 9.991705e-01 2.240917e-03 9.003564e+01
9.993975e-01 -3.172201e-02 -1.408215e-02 3.043619e+01 -1.394465e-02 4.551478e-03 -9.998924e-01 -1.167687e+00 3.178269e-02 9.994864e-01 4.106383e-03 9.006778e+01
9.996574e-01 -2.198812e-02 -1.419823e-02 3.126226e+01 -1.414080e-02 2.765206e-03 -9.998962e-01 -1.190659e+00 2.202510e-02 9.997544e-01 2.453330e-03 9.009212e+01
9.998355e-01 -1.272943e-02 -1.292247e-02 3.206079e+01 -1.287773e-02 3.590322e-03 -9.999107e-01 -1.208134e+00 1.277469e-02 9.999126e-01 3.425805e-03 9.011428e+01
9.999322e-01 -1.845274e-03 -1.149968e-02 3.287985e+01 -1.148755e-02 6.453511e-03 -9.999132e-01 -1.235043e+00 1.919327e-03 9.999775e-01 6.431875e-03 9.012052e+01
9.998954e-01 9.588283e-03 -1.082689e-02 3.368343e+01 -1.087421e-02 4.896691e-03 -9.999289e-01 -1.255796e+00 -9.534584e-03 9.999421e-01 5.000444e-03 9.011337e+01
9.997060e-01 2.163996e-02 -1.094167e-02 3.447219e+01 -1.103152e-02 4.037276e-03 -9.999310e-01 -1.277422e+00 -2.159429e-02 9.997576e-01 4.274811e-03 9.009037e+01
9.993626e-01 3.389845e-02 -1.119696e-02 3.527240e+01 -1.137007e-02 4.918256e-03 -9.999233e-01 -1.302668e+00 -3.384078e-02 9.994132e-01 5.300548e-03 9.005920e+01
9.989306e-01 4.455023e-02 -1.236813e-02 3.604143e+01 -1.261699e-02 5.309178e-03 -9.999063e-01 -1.323191e+00 -4.448039e-02 9.989930e-01 5.865590e-03 9.001814e+01
9.984471e-01 5.405522e-02 -1.346912e-02 3.682069e+01 -1.373412e-02 4.533842e-03 -9.998954e-01 -1.341764e+00 -5.398850e-02 9.985276e-01 5.269202e-03 8.998367e+01
9.978228e-01 6.452080e-02 -1.366808e-02 3.758465e+01 -1.390951e-02 3.294112e-03 -9.998978e-01 -1.358157e+00 -6.446919e-02 9.979109e-01 4.184393e-03 8.993675e+01
9.971781e-01 7.378358e-02 -1.384894e-02 3.833795e+01 -1.404128e-02 2.088745e-03 -9.998992e-01 -1.379749e+00 -7.374723e-02 9.972721e-01 3.118867e-03 8.988046e+01
9.964909e-01 8.249050e-02 -1.418321e-02 3.908916e+01 -1.421259e-02 -2.311128e-04 -9.998990e-01 -1.393924e+00 -8.248544e-02 9.965918e-01 9.421017e-04 8.982494e+01
9.957853e-01 9.064910e-02 -1.394169e-02 3.982191e+01 -1.385192e-02 -1.619368e-03 -9.999027e-01 -1.413759e+00 -9.066286e-02 9.958816e-01 -3.568788e-04 8.975370e+01
9.950252e-01 9.877837e-02 -1.295319e-02 4.055043e+01 -1.272673e-02 -2.922439e-03 -9.999148e-01 -1.434278e+00 -9.880780e-02 9.951051e-01 -1.650775e-03 8.968204e+01
9.943538e-01 1.054872e-01 -1.153620e-02 4.128545e+01 -1.124237e-02 -3.379758e-03 -9.999311e-01 -1.455840e+00 -1.055189e-01 9.944149e-01 -2.174750e-03 8.960255e+01
9.938991e-01 1.098613e-01 -9.752708e-03 4.199297e+01 -9.172773e-03 -5.782975e-03 -9.999412e-01 -1.476793e+00 -1.099112e-01 9.939301e-01 -4.739961e-03 8.951804e+01
9.936116e-01 1.125584e-01 -8.163541e-03 4.268596e+01 -7.345970e-03 -7.676362e-03 -9.999436e-01 -1.493765e+00 -1.126147e-01 9.936154e-01 -6.800471e-03 8.943995e+01
9.933690e-01 1.147445e-01 -7.196361e-03 4.340789e+01 -6.281749e-03 -8.330463e-03 -9.999456e-01 -1.512491e+00 -1.147982e-01 9.933601e-01 -7.554428e-03 8.935751e+01
9.932625e-01 1.156664e-01 -7.125293e-03 4.406253e+01 -6.020216e-03 -9.900538e-03 -9.999329e-01 -1.521893e+00 -1.157292e-01 9.932387e-01 -9.137497e-03 8.928365e+01
9.933645e-01 1.147268e-01 -8.047877e-03 4.472626e+01 -6.794374e-03 -1.131285e-02 -9.999129e-01 -1.538856e+00 -1.148078e-01 9.933327e-01 -1.045829e-02 8.920876e+01
9.935315e-01 1.131682e-01 -9.381904e-03 4.534892e+01 -8.164138e-03 -1.121935e-02 -9.999037e-01 -1.550562e+00 -1.132626e-01 9.935125e-01 -1.022286e-02 8.914525e+01
9.940540e-01 1.084223e-01 -1.006413e-02 4.597215e+01 -8.827833e-03 -1.187661e-02 -9.998905e-01 -1.565546e+00 -1.085300e-01 9.940340e-01 -1.084886e-02 8.907338e+01
9.948745e-01 1.005612e-01 -1.058980e-02 4.657715e+01 -9.561488e-03 -1.070223e-02 -9.998970e-01 -1.580821e+00 -1.006642e-01 9.948733e-01 -9.685860e-03 8.900585e+01
9.960062e-01 8.861592e-02 -1.090087e-02 4.715583e+01 -1.004999e-02 -1.004245e-02 -9.998991e-01 -1.592040e+00 -8.871645e-02 9.960153e-01 -9.111758e-03 8.896705e+01
9.971119e-01 7.509661e-02 -1.133506e-02 4.773119e+01 -1.056967e-02 -1.058163e-02 -9.998881e-01 -1.611127e+00 -7.520816e-02 9.971201e-01 -9.757319e-03 8.893603e+01
9.982284e-01 5.808738e-02 -1.287900e-02 4.828152e+01 -1.235252e-02 -9.413471e-03 -9.998794e-01 -1.620738e+00 -5.820161e-02 9.982671e-01 -8.679268e-03 8.891998e+01
9.991550e-01 3.809607e-02 -1.542558e-02 4.882783e+01 -1.509822e-02 -8.865847e-03 -9.998467e-01 -1.632166e+00 -3.822699e-02 9.992347e-01 -8.283173e-03 8.890421e+01
9.997241e-01 1.465443e-02 -1.835252e-02 4.936674e+01 -1.824206e-02 -7.636129e-03 -9.998044e-01 -1.646260e+00 -1.479171e-02 9.998634e-01 -7.366696e-03 8.890781e+01
9.997012e-01 -1.321090e-02 -2.056672e-02 4.988401e+01 -2.062864e-02 -4.567667e-03 -9.997768e-01 -1.664270e+00 1.311401e-02 9.999023e-01 -4.838825e-03 8.892397e+01
9.987649e-01 -4.525233e-02 -2.051789e-02 5.042419e+01 -2.068167e-02 -3.154019e-03 -9.997811e-01 -1.679683e+00 4.517771e-02 9.989706e-01 -4.086017e-03 8.895585e+01
9.961339e-01 -8.582241e-02 -1.875768e-02 5.093208e+01 -1.886496e-02 -4.391324e-04 -9.998220e-01 -1.699147e+00 8.579889e-02 9.963104e-01 -2.056471e-03 8.902193e+01
9.915504e-01 -1.288200e-01 -1.526721e-02 5.143660e+01 -1.503165e-02 2.800753e-03 -9.998831e-01 -1.719234e+00 1.288477e-01 9.916641e-01 8.407108e-04 8.911366e+01
9.845061e-01 -1.749915e-01 -1.120981e-02 5.194286e+01 -1.072267e-02 3.729081e-03 -9.999356e-01 -1.731362e+00 1.750220e-01 9.845629e-01 1.794927e-03 8.923902e+01
9.744900e-01 -2.242660e-01 -8.606557e-03 5.244798e+01 -7.230956e-03 6.954376e-03 -9.999497e-01 -1.740773e+00 2.243146e-01 9.745032e-01 5.155312e-03 8.937842e+01
9.617136e-01 -2.739449e-01 -7.821986e-03 5.291240e+01 -5.706622e-03 8.517909e-03 -9.999474e-01 -1.756424e+00 2.739972e-01 9.617077e-01 6.628488e-03 8.953823e+01
9.443449e-01 -3.288541e-01 -8.221991e-03 5.338661e+01 -5.472201e-03 9.286393e-03 -9.999419e-01 -1.760666e+00 3.289113e-01 9.443351e-01 6.970003e-03 8.972710e+01
9.224851e-01 -3.859469e-01 -8.140279e-03 5.382925e+01 -5.531768e-03 7.868773e-03 -9.999537e-01 -1.783343e+00 3.859931e-01 9.224874e-01 5.123857e-03 8.992748e+01
8.957659e-01 -4.443760e-01 -1.155399e-02 5.423733e+01 -9.895323e-03 6.051899e-03 -9.999327e-01 -1.790240e+00 4.444160e-01 8.958200e-01 1.023841e-03 9.016243e+01
8.639852e-01 -5.033026e-01 -1.470182e-02 5.462608e+01 -1.501052e-02 3.439704e-03 -9.998814e-01 -1.805591e+00 5.032935e-01 8.641034e-01 -4.582979e-03 9.040903e+01
8.273078e-01 -5.614272e-01 -1.900855e-02 5.500908e+01 -1.882982e-02 6.103677e-03 -9.998041e-01 -1.814323e+00 5.614333e-01 8.275036e-01 -5.521955e-03 9.068975e+01
7.868351e-01 -6.167743e-01 -2.190932e-02 5.536924e+01 -2.122430e-02 8.436780e-03 -9.997392e-01 -1.825858e+00 6.167983e-01 7.870948e-01 -6.452246e-03 9.103362e+01
7.423962e-01 -6.695668e-01 -2.298420e-02 5.569983e+01 -2.234263e-02 9.543980e-03 -9.997048e-01 -1.833987e+00 6.695885e-01 7.426906e-01 -7.874471e-03 9.136485e+01
6.948975e-01 -7.187917e-01 -2.135277e-02 5.598616e+01 -2.097211e-02 9.423676e-03 -9.997357e-01 -1.837768e+00 7.188029e-01 6.951616e-01 -8.526090e-03 9.168156e+01
6.446124e-01 -7.642736e-01 -1.899098e-02 5.627873e+01 -1.754971e-02 1.004135e-02 -9.997956e-01 -1.854611e+00 7.643081e-01 6.448139e-01 -6.939998e-03 9.208837e+01
5.916196e-01 -8.060837e-01 -1.467761e-02 5.653766e+01 -1.182729e-02 9.525890e-03 -9.998847e-01 -1.864751e+00 8.061305e-01 5.917249e-01 -3.898080e-03 9.248399e+01
5.374867e-01 -8.431739e-01 -1.287988e-02 5.674524e+01 -7.630015e-03 1.041040e-02 -9.999167e-01 -1.875687e+00 8.432377e-01 5.375402e-01 -8.379756e-04 9.286741e+01
4.845909e-01 -8.746845e-01 -9.932936e-03 5.695812e+01 -4.569225e-04 1.110218e-02 -9.999382e-01 -1.885407e+00 8.747408e-01 4.845655e-01 4.980351e-03 9.332756e+01
4.341758e-01 -9.007781e-01 -9.498085e-03 5.713680e+01 5.848175e-03 1.336202e-02 -9.998936e-01 -1.891912e+00 9.008092e-01 4.340741e-01 1.106937e-02 9.375956e+01
3.893160e-01 -9.210430e-01 -1.061999e-02 5.728288e+01 1.009233e-02 1.579430e-02 -9.998243e-01 -1.899167e+00 9.210490e-01 3.891404e-01 1.544444e-02 9.419539e+01
3.488908e-01 -9.370393e-01 -1.524746e-02 5.742800e+01 1.164057e-02 2.060156e-02 -9.997200e-01 -1.899601e+00 9.370911e-01 3.486156e-01 1.809537e-02 9.467120e+01
3.124527e-01 -9.497376e-01 -1.928212e-02 5.754822e+01 1.172664e-02 2.415318e-02 -9.996395e-01 -1.903713e+00 9.498609e-01 3.121139e-01 1.868396e-02 9.511638e+01
2.818389e-01 -9.592212e-01 -2.148015e-02 5.767582e+01 1.078881e-02 2.555468e-02 -9.996152e-01 -1.883086e+00 9.594011e-01 2.814987e-01 1.755116e-02 9.558135e+01
2.598087e-01 -9.654841e-01 -1.843772e-02 5.779356e+01 1.152535e-02 2.219233e-02 -9.996873e-01 -1.890413e+00 9.655913e-01 2.595149e-01 1.689330e-02 9.605860e+01
2.445923e-01 -9.694837e-01 -1.661205e-02 5.791458e+01 1.152883e-02 2.003898e-02 -9.997327e-01 -1.894575e+00 9.695575e-01 2.443354e-01 1.607840e-02 9.654451e+01
2.317242e-01 -9.725943e-01 -1.908381e-02 5.801707e+01 1.072977e-02 2.217200e-02 -9.996966e-01 -1.886535e+00 9.727224e-01 2.314491e-01 1.557350e-02 9.704710e+01
2.222732e-01 -9.747343e-01 -2.208292e-02 5.812523e+01 9.735350e-03 2.486724e-02 -9.996434e-01 -1.898378e+00 9.749358e-01 2.219789e-01 1.501670e-02 9.753929e+01
2.150512e-01 -9.761943e-01 -2.824185e-02 5.820639e+01 8.778613e-03 3.084956e-02 -9.994855e-01 -1.889852e+00 9.765633e-01 2.146926e-01 1.520387e-02 9.805954e+01
2.121992e-01 -9.765954e-01 -3.511236e-02 5.829156e+01 6.435779e-03 3.732644e-02 -9.992824e-01 -1.882706e+00 9.772053e-01 2.118209e-01 1.420579e-02 9.858051e+01
2.108972e-01 -9.767933e-01 -3.737845e-02 5.841670e+01 3.993543e-03 3.909916e-02 -9.992273e-01 -1.882658e+00 9.775001e-01 2.105850e-01 1.214677e-02 9.911293e+01
2.123573e-01 -9.765481e-01 -3.547230e-02 5.853106e+01 6.031520e-04 3.643121e-02 -9.993360e-01 -1.883621e+00 9.771919e-01 2.121949e-01 8.325441e-03 9.965026e+01
2.161950e-01 -9.757361e-01 -3.462168e-02 5.865960e+01 -4.659075e-03 3.442889e-02 -9.993963e-01 -1.882673e+00 9.763391e-01 2.162258e-01 2.897325e-03 1.002132e+02
2.203152e-01 -9.748013e-01 -3.498131e-02 5.879475e+01 -8.742142e-03 3.388778e-02 -9.993874e-01 -1.894103e+00 9.753895e-01 2.204860e-01 -1.055859e-03 1.007804e+02
2.250721e-01 -9.735522e-01 -3.922741e-02 5.891655e+01 -9.280726e-03 3.811648e-02 -9.992302e-01 -1.907661e+00 9.742979e-01 2.252629e-01 -4.563155e-04 1.013616e+02
2.311568e-01 -9.720127e-01 -4.192645e-02 5.905001e+01 -6.778681e-03 4.148347e-02 -9.991162e-01 -1.908172e+00 9.728929e-01 2.312367e-01 3.000218e-03 1.019640e+02
2.358709e-01 -9.710268e-01 -3.836441e-02 5.919114e+01 -2.520424e-03 3.886690e-02 -9.992412e-01 -1.912904e+00 9.717811e-01 2.357887e-01 6.720173e-03 1.025629e+02
2.392731e-01 -9.702955e-01 -3.570810e-02 5.934209e+01 2.777241e-03 3.746016e-02 -9.992943e-01 -1.912422e+00 9.709483e-01 2.390050e-01 1.165795e-02 1.031728e+02
2.429486e-01 -9.694539e-01 -3.369260e-02 5.950595e+01 8.275332e-03 3.680330e-02 -9.992883e-01 -1.904018e+00 9.700038e-01 2.424969e-01 1.696386e-02 1.037935e+02
2.459398e-01 -9.687669e-01 -3.169037e-02 5.967091e+01 9.259569e-03 3.504129e-02 -9.993430e-01 -1.899022e+00 9.692409e-01 2.454848e-01 1.758841e-02 1.044179e+02
2.461639e-01 -9.687688e-01 -2.983889e-02 5.983814e+01 6.676143e-03 3.248031e-02 -9.994501e-01 -1.897477e+00 9.692052e-01 2.458293e-01 1.446312e-02 1.050684e+02
2.454688e-01 -9.690916e-01 -2.462712e-02 6.000802e+01 1.165654e-03 2.569942e-02 -9.996690e-01 -1.909443e+00 9.694038e-01 2.453589e-01 7.438033e-03 1.057381e+02
2.443153e-01 -9.693690e-01 -2.517533e-02 6.017103e+01 -5.550393e-03 2.456371e-02 -9.996828e-01 -1.908114e+00 9.696800e-01 2.443775e-01 6.209110e-04 1.063897e+02
2.435481e-01 -9.694773e-01 -2.825164e-02 6.032761e+01 -9.369725e-03 2.677556e-02 -9.995975e-01 -1.917153e+00 9.698436e-01 2.437148e-01 -2.562600e-03 1.070538e+02
2.412372e-01 -9.700408e-01 -2.873194e-02 6.049805e+01 -7.172082e-03 2.782348e-02 -9.995871e-01 -1.911161e+00 9.704397e-01 2.413436e-01 -2.451546e-04 1.077525e+02
2.401333e-01 -9.704486e-01 -2.378331e-02 6.066723e+01 -1.557906e-03 2.411489e-02 -9.997080e-01 -1.930164e+00 9.707387e-01 2.401002e-01 4.278921e-03 1.084545e+02
2.376460e-01 -9.710768e-01 -2.311084e-02 6.084014e+01 4.624833e-03 2.492335e-02 -9.996787e-01 -1.929069e+00 9.713408e-01 2.374627e-01 1.041400e-02 1.091628e+02
2.359942e-01 -9.714323e-01 -2.502079e-02 6.101618e+01 6.198768e-03 2.725243e-02 -9.996094e-01 -1.926335e+00 9.717347e-01 2.357469e-01 1.245310e-02 1.099136e+02
2.343945e-01 -9.717568e-01 -2.734723e-02 6.117913e+01 1.970737e-03 2.860584e-02 -9.995888e-01 -1.934829e+00 9.721396e-01 2.342442e-01 8.620128e-03 1.106446e+02
2.303899e-01 -9.724296e-01 -3.607104e-02 6.134346e+01 -2.861117e-03 3.639114e-02 -9.993335e-01 -1.924490e+00 9.730942e-01 2.303395e-01 5.601915e-03 1.113980e+02
2.267183e-01 -9.733308e-01 -3.501426e-02 6.151257e+01 -6.222042e-03 3.450223e-02 -9.993852e-01 -1.926869e+00 9.739405e-01 2.267968e-01 1.766184e-03 1.121417e+02
2.238293e-01 -9.741261e-01 -3.128437e-02 6.168694e+01 -5.352042e-03 3.086980e-02 -9.995091e-01 -1.946293e+00 9.746137e-01 2.238869e-01 1.696002e-03 1.129143e+02
