0.000000e+00 -1.000000e+00 0.000000e+00 0.000000e+00 0.000000e+00 0.000000e+00 -1.000000e+00 0.000000e+00 1.000000e+00 0.000000e+00 0.000000e+00 0.000000e+00
1.981345e-02 -9.998035e-01 -6.044279e-04 -6.570964e-02 -7.711014e-04 5.892652e-04 -9.999995e-01 1.385806e-02 9.998034e-01 1.981391e-02 -7.592745e-04 1.491323e-01
5.023489e-02 -9.987355e-01 1.944719e-03 -1.280787e-01 -3.806187e-03 -2.138608e-03 -9.999905e-01 1.520019e-02 9.987302e-01 5.022701e-02 -3.908806e-03 6.758998e-01
9.611367e-02 -9.953682e-01 2.054551e-03 -8.243707e-02 -7.190589e-03 -2.758380e-03 -9.999703e-01 -7.024805e-03 9.953444e-01 9.609605e-02 -7.422403e-03 1.671277e+00
1.393631e-01 -9.902413e-01 2.993694e-04 -2.083976e-02 -9.458538e-03 -1.633467e-03 -9.999539e-01 -1.069208e-02 9.901962e-01 1.393538e-01 -9.593881e-03 2.591927e+00
1.921871e-01 -9.813533e-01 3.138294e-03 2.182142e-01 -9.399894e-03 -5.038608e-03 -9.999431e-01 -4.497076e-02 9.813133e-01 1.921467e-01 -1.019297e-02 3.786090e+00
2.442428e-01 -9.697056e-01 4.044490e-03 4.985038e-01 -1.014396e-02 -6.725526e-03 -9.999259e-01 -7.545482e-02 9.696611e-01 2.441837e-01 -1.147932e-02 4.922028e+00
2.886364e-01 -9.574153e-01 6.703955e-03 7.358875e-01 -1.238581e-02 -1.073521e-02 -9.998657e-01 -9.497648e-02 9.573587e-01 2.885146e-01 -1.495694e-02 5.915009e+00
3.360576e-01 -9.418009e-01 8.741965e-03 1.115919e+00 -1.308011e-02 -1.394778e-02 -9.998172e-01 -1.404316e-01 9.417506e-01 3.358818e-01 -1.700611e-02 6.920372e+00
3.784484e-01 -9.255806e-01 8.792666e-03 1.429321e+00 -1.354463e-02 -1.503576e-02 -9.997952e-01 -1.471886e-01 9.255233e-01 3.782518e-01 -1.822691e-02 7.860496e+00
4.221107e-01 -9.064926e-01 9.684999e-03 1.846099e+00 -1.276488e-02 -1.662569e-02 -9.997803e-01 -1.750166e-01 9.064544e-01 4.218943e-01 -1.858915e-02 8.822193e+00
4.634928e-01 -8.860499e-01 9.488103e-03 2.229897e+00 -1.144211e-02 -1.669149e-02 -9.997952e-01 -2.064939e-01 8.860268e-01 4.632894e-01 -1.787467e-02 9.706575e+00
5.051871e-01 -8.629552e-01 9.713389e-03 2.748884e+00 -1.089523e-02 -1.763177e-02 -9.997852e-01 -2.355331e-01 8.629411e-01 5.049728e-01 -1.830944e-02 1.057462e+01
5.444071e-01 -8.387644e-01 9.758880e-03 3.211390e+00 -1.047123e-02 -1.842866e-02 -9.997754e-01 -2.573032e-01 8.387558e-01 5.441825e-01 -1.881559e-02 1.139447e+01
5.833268e-01 -8.121563e-01 1.149434e-02 3.793730e+00 -1.002847e-02 -2.135183e-02 -9.997217e-01 -2.813889e-01 8.121756e-01 5.830492e-01 -2.059978e-02 1.219234e+01
6.205017e-01 -7.841247e-01 1.123119e-02 4.340922e+00 -1.039033e-02 -2.254099e-02 -9.996919e-01 -2.899776e-01 7.841363e-01 6.201938e-01 -2.213404e-02 1.299479e+01
6.565611e-01 -7.541339e-01 1.447258e-02 4.999098e+00 -8.555909e-03 -2.663240e-02 -9.996087e-01 -3.134529e-01 7.542243e-01 6.561804e-01 -2.393810e-02 1.371671e+01
6.906757e-01 -7.230316e-01 1.387320e-02 5.614780e+00 -7.898900e-03 -2.672552e-02 -9.996116e-01 -3.311608e-01 7.231215e-01 6.902978e-01 -2.416982e-02 1.443074e+01
7.244206e-01 -6.892169e-01 1.396133e-02 6.350671e+00 -8.156888e-03 -2.882123e-02 -9.995513e-01 -3.486403e-01 6.893100e-01 7.239817e-01 -2.650056e-02 1.511949e+01
7.557234e-01 -6.547183e-01 1.503942e-02 7.023467e+00 -7.966099e-03 -3.215326e-02 -9.994512e-01 -3.778814e-01 6.548426e-01 7.551888e-01 -2.951452e-02 1.575948e+01
7.859021e-01 -6.181917e-01 1.403129e-02 7.819323e+00 -8.060780e-03 -3.293186e-02 -9.994251e-01 -3.903358e-01 6.182984e-01 7.853372e-01 -3.086433e-02 1.636801e+01
8.131316e-01 -5.819182e-01 1.372300e-02 8.506743e+00 -8.515990e-03 -3.546630e-02 -9.993346e-01 -4.149494e-01 5.820177e-01 8.124737e-01 -3.379438e-02 1.694007e+01
8.400620e-01 -5.423371e-01 1.290046e-02 9.354542e+00 -1.004590e-02 -3.932796e-02 -9.991758e-01 -4.341373e-01 5.423974e-01 8.392400e-01 -3.848618e-02 1.745853e+01
8.638614e-01 -5.035863e-01 1.201353e-02 1.017502e+01 -1.019310e-02 -4.131978e-02 -9.990939e-01 -4.498865e-01 5.036264e-01 8.629563e-01 -4.082768e-02 1.795790e+01
8.845348e-01 -4.662634e-01 1.402451e-02 1.097158e+01 -8.182842e-03 -4.556969e-02 -9.989277e-01 -4.649757e-01 4.664024e-01 8.834715e-01 -4.412334e-02 1.842807e+01
9.035442e-01 -4.282605e-01 1.417127e-02 1.192091e+01 -7.301518e-03 -4.845530e-02 -9.987987e-01 -4.858596e-01 4.284327e-01 9.023553e-01 -4.690846e-02 1.884469e+01
9.196638e-01 -3.924991e-01 1.276396e-02 1.279903e+01 -7.125136e-03 -4.917443e-02 -9.987648e-01 -4.998542e-01 3.926420e-01 9.184369e-01 -4.802056e-02 1.927133e+01
9.328276e-01 -3.600755e-01 1.335088e-02 1.366485e+01 -4.906813e-03 -4.974345e-02 -9.987500e-01 -5.067242e-01 3.602896e-01 9.315960e-01 -4.816889e-02 1.963403e+01
9.452370e-01 -3.260407e-01 1.498251e-02 1.464089e+01 -2.102436e-03 -5.198588e-02 -9.986456e-01 -5.138065e-01 3.263780e-01 9.439253e-01 -4.982446e-02 1.997950e+01
9.557586e-01 -2.937433e-01 1.550122e-02 1.556507e+01 -3.157395e-06 -5.270823e-02 -9.986100e-01 -5.282125e-01 2.941521e-01 9.544300e-01 -5.037727e-02 2.027961e+01
9.650656e-01 -2.616539e-01 1.362435e-02 1.656007e+01 3.810516e-04 -5.059795e-02 -9.987190e-01 -5.481415e-01 2.620081e-01 9.638346e-01 -4.873064e-02 2.052086e+01
9.730807e-01 -2.301471e-01 1.209495e-02 1.750559e+01 5.042417e-04 -5.035447e-02 -9.987313e-01 -5.435539e-01 2.304641e-01 9.718522e-01 -4.888292e-02 2.080583e+01
9.799431e-01 -1.989283e-01 1.179292e-02 1.857344e+01 1.458187e-03 -5.201877e-02 -9.986451e-01 -5.496652e-01 1.992722e-01 9.786325e-01 -5.068536e-02 2.098955e+01
9.856322e-01 -1.684438e-01 1.248286e-02 1.956382e+01 3.531541e-03 -5.333658e-02 -9.985703e-01 -5.550288e-01 1.688688e-01 9.842672e-01 -5.197538e-02 2.119112e+01
9.905175e-01 -1.368375e-01 1.227197e-02 2.064887e+01 5.174042e-03 -5.210673e-02 -9.986281e-01 -5.668088e-01 1.372892e-01 9.892221e-01 -5.090463e-02 2.134488e+01
9.940627e-01 -1.080470e-01 1.285627e-02 2.168822e+01 7.227369e-03 -5.232780e-02 -9.986038e-01 -5.625472e-01 1.085689e-01 9.927677e-01 -5.123622e-02 2.149790e+01
9.966881e-01 -8.032887e-02 1.265790e-02 2.279432e+01 8.286192e-03 -5.452446e-02 -9.984781e-01 -5.545437e-01 8.089678e-02 9.952760e-01 -5.367826e-02 2.157178e+01
9.983634e-01 -5.574558e-02 1.276311e-02 2.385614e+01 9.505223e-03 -5.832113e-02 -9.982526e-01 -5.533862e-01 5.639254e-02 9.967402e-01 -5.769581e-02 2.166139e+01
9.993603e-01 -3.326053e-02 1.314180e-02 2.497018e+01 1.105130e-02 -6.227373e-02 -9.979979e-01 -5.406321e-01 3.401233e-02 9.975048e-01 -6.186632e-02 2.168148e+01
9.998267e-01 -1.233545e-02 1.394540e-02 2.607640e+01 1.308472e-02 -6.729718e-02 -9.976472e-01 -5.397357e-01 1.324492e-02 9.976567e-01 -6.712411e-02 2.172437e+01
9.998838e-01 5.860708e-03 1.407091e-02 2.719031e+01 1.445424e-02 -7.152025e-02 -9.973344e-01 -5.269585e-01 -4.838730e-03 9.974219e-01 -7.159664e-02 2.169936e+01
9.996661e-01 2.157594e-02 1.421783e-02 2.830172e+01 1.578134e-02 -7.411591e-02 -9.971247e-01 -5.154213e-01 -2.046014e-02 9.970162e-01 -7.443166e-02 2.170849e+01
9.992139e-01 3.693055e-02 1.440827e-02 2.945807e+01 1.719818e-02 -7.637604e-02 -9.969308e-01 -5.036103e-01 -3.571675e-02 9.963949e-01 -7.695115e-02 2.165182e+01
9.986275e-01 5.006810e-02 1.537429e-02 3.059703e+01 1.919011e-02 -7.664660e-02 -9.968736e-01 -4.893378e-01 -4.873318e-02 9.958004e-01 -7.750221e-02 2.163219e+01
9.979642e-01 6.191565e-02 1.529458e-02 3.176330e+01 2.006292e-02 -7.713973e-02 -9.968184e-01 -4.799502e-01 -6.053884e-02 9.950959e-01 -7.822489e-02 2.154809e+01
9.972600e-01 7.286623e-02 1.276832e-02 3.293562e+01 1.837891e-02 -7.685523e-02 -9.968728e-01 -4.625446e-01 -7.165706e-02 9.943761e-01 -7.798385e-02 2.149467e+01
9.964941e-01 8.306184e-02 1.000841e-02 3.415548e+01 1.647038e-02 -7.748056e-02 -9.968578e-01 -4.429252e-01 -8.202539e-02 9.935278e-01 -7.857699e-02 2.136219e+01
9.956605e-01 9.273729e-02 7.747181e-03 3.534409e+01 1.503049e-02 -7.809829e-02 -9.968324e-01 -4.267356e-01 -9.183849e-02 9.926230e-01 -7.915327e-02 2.127742e+01
9.949603e-01 1.000297e-01 6.929656e-03 3.656085e+01 1.478638e-02 -7.801770e-02 -9.968423e-01 -4.053705e-01 -9.917320e-02 9.919210e-01 -7.910360e-02 2.113224e+01
9.944158e-01 1.053312e-01 6.526154e-03 3.779918e+01 1.479193e-02 -7.788496e-02 -9.968526e-01 -3.841541e-01 -1.044913e-01 9.913825e-01 -7.900809e-02 2.101774e+01
9.936320e-01 1.125171e-01 5.951045e-03 3.905204e+01 1.483433e-02 -7.827908e-02 -9.968211e-01 -3.640024e-01 -1.116936e-01 9.905616e-01 -7.944971e-02 2.085835e+01
9.931791e-01 1.165207e-01 4.260449e-03 4.033487e+01 1.336049e-02 -7.742904e-02 -9.969084e-01 -3.405438e-01 -1.158305e-01 9.901655e-01 -7.845768e-02 2.068408e+01
9.928023e-01 1.196988e-01 3.991103e-03 4.165166e+01 1.336417e-02 -7.760534e-02 -9.968946e-01 -3.239981e-01 -1.190173e-01 9.897725e-01 -7.864644e-02 2.055254e+01
9.923561e-01 1.233514e-01 3.708495e-03 4.300683e+01 1.341152e-02 -7.792471e-02 -9.968690e-01 -3.124422e-01 -1.226762e-01 9.892988e-01 -7.898339e-02 2.039380e+01
9.920154e-01 1.259696e-01 6.084155e-03 4.435011e+01 1.609980e-02 -7.864378e-02 -9.967728e-01 -2.923932e-01 -1.250846e-01 9.889119e-01 -8.004393e-02 2.024360e+01
9.915515e-01 1.295439e-01 6.641973e-03 4.574569e+01 1.700960e-02 -7.909053e-02 -9.967223e-01 -2.737140e-01 -1.285939e-01 9.884144e-01 -8.062582e-02 2.006471e+01
9.911352e-01 1.326947e-01 6.573316e-03 4.716549e+01 1.733128e-02 -8.008177e-02 -9.966376e-01 -2.576962e-01 -1.317221e-01 9.879165e-01 -8.167163e-02 1.985348e+01
9.910496e-01 1.333687e-01 5.777946e-03 4.858302e+01 1.671337e-02 -8.102082e-02 -9.965723e-01 -2.255652e-01 -1.324434e-01 9.877492e-01 -8.252470e-02 1.967881e+01
9.910468e-01 1.334147e-01 5.161350e-03 5.006127e+01 1.617217e-02 -8.157954e-02 -9.965356e-01 -2.044550e-01 -1.325314e-01 9.876969e-01 -8.300675e-02 1.947548e+01
9.910814e-01 1.331903e-01 4.243189e-03 5.152773e+01 1.524621e-02 -8.170059e-02 -9.965403e-01 -1.694296e-01 -1.323829e-01 9.877173e-01 -8.300259e-02 1.928389e+01
9.911823e-01 1.324546e-01 3.657055e-03 5.301297e+01 1.451452e-02 -8.109881e-02 -9.966004e-01 -1.576837e-01 -1.317077e-01 9.878657e-01 -8.230622e-02 1.908991e+01
9.913349e-01 1.313016e-01 3.884140e-03 5.449895e+01 1.473190e-02 -8.174712e-02 -9.965442e-01 -1.367857e-01 -1.305303e-01 9.879662e-01 -8.297310e-02 1.889577e+01
9.915705e-01 1.294986e-01 4.262481e-03 5.602280e+01 1.496303e-02 -8.177057e-02 -9.965389e-01 -1.109909e-01 -1.287018e-01 9.882023e-01 -8.301897e-02 1.870711e+01
9.917558e-01 1.280783e-01 4.043588e-03 5.755170e+01 1.465736e-02 -8.203575e-02 -9.965216e-01 -9.611332e-02 -1.273011e-01 9.883654e-01 -8.323672e-02 1.851626e+01
9.918012e-01 1.277508e-01 3.183756e-03 5.911628e+01 1.371698e-02 -8.165660e-02 -9.965661e-01 -6.584596e-02 -1.270522e-01 9.884391e-01 -8.273946e-02 1.832539e+01
9.919755e-01 1.263973e-01 2.870450e-03 6.070080e+01 1.340949e-02 -8.260859e-02 -9.964918e-01 -4.564051e-02 -1.257167e-01 9.885340e-01 -8.364063e-02 1.813495e+01
9.920025e-01 1.261744e-01 3.333884e-03 6.229575e+01 1.394766e-02 -8.333027e-02 -9.964244e-01 -2.389028e-02 -1.254454e-01 9.885020e-01 -8.442368e-02 1.792885e+01
9.922576e-01 1.240878e-01 5.203265e-03 6.394119e+01 1.576598e-02 -8.429372e-02 -9.963162e-01 -2.249167e-03 -1.231921e-01 9.886844e-01 -8.559746e-02 1.772600e+01
9.924031e-01 1.228491e-01 6.636797e-03 6.558220e+01 1.732958e-02 -8.617745e-02 -9.961291e-01 2.640037e-02 -1.218016e-01 9.886767e-01 -8.765169e-02 1.752776e+01
9.924672e-01 1.223705e-01 5.861846e-03 6.726087e+01 1.654762e-02 -8.649062e-02 -9.961152e-01 4.971061e-02 -1.213881e-01 9.887087e-01 -8.786403e-02 1.731758e+01
9.926232e-01 1.211326e-01 5.103601e-03 6.893374e+01 1.582457e-02 -8.771007e-02 -9.960203e-01 6.017516e-02 -1.202028e-01 9.887537e-01 -8.897991e-02 1.710468e+01
9.927373e-01 1.201881e-01 5.243451e-03 7.063190e+01 1.583109e-02 -8.730774e-02 -9.960556e-01 8.799238e-02 -1.192562e-01 9.889045e-01 -8.857636e-02 1.691451e+01
9.926407e-01 1.209415e-01 6.125750e-03 7.232259e+01 1.696415e-02 -8.879203e-02 -9.959057e-01 1.090608e-01 -1.199024e-01 9.886805e-01 -9.019025e-02 1.670200e+01
9.927447e-01 1.200384e-01 6.972609e-03 7.406536e+01 1.770243e-02 -8.855390e-02 -9.959140e-01 1.426143e-01 -1.189305e-01 9.888119e-01 -9.003639e-02 1.650433e+01
9.926486e-01 1.208146e-01 7.250782e-03 7.579366e+01 1.793297e-02 -8.756708e-02 -9.959972e-01 1.584243e-01 -1.196961e-01 9.888052e-01 -8.908991e-02 1.630955e+01
9.926394e-01 1.209136e-01 6.852136e-03 7.755207e+01 1.779557e-02 -8.966017e-02 -9.958134e-01 1.823657e-01 -1.197930e-01 9.886056e-01 -9.115194e-02 1.609175e+01
9.926773e-01 1.206353e-01 6.240106e-03 7.931673e+01 1.724338e-02 -9.038381e-02 -9.957577e-01 2.057427e-01 -1.195595e-01 9.885737e-01 -9.180211e-02 1.589905e+01
9.924417e-01 1.226067e-01 5.214437e-03 8.105517e+01 1.650987e-02 -9.129303e-02 -9.956872e-01 2.341142e-01 -1.216019e-01 9.882475e-01 -9.262722e-02 1.567733e+01
9.923334e-01 1.235015e-01 4.681866e-03 8.285172e+01 1.598331e-02 -9.067737e-02 -9.957520e-01 2.575062e-01 -1.225523e-01 9.881928e-01 -9.195614e-02 1.544900e+01
9.922157e-01 1.244501e-01 4.486119e-03 8.465808e+01 1.583784e-02 -9.037645e-02 -9.957817e-01 2.783285e-01 -1.235197e-01 9.881014e-01 -9.164396e-02 1.523388e+01
9.920143e-01 1.260305e-01 4.880471e-03 8.646253e+01 1.634139e-02 -9.006483e-02 -9.958018e-01 3.018884e-01 -1.250618e-01 9.879295e-01 -9.140512e-02 1.503061e+01
9.919578e-01 1.264605e-01 5.245480e-03 8.829472e+01 1.672364e-02 -8.987493e-02 -9.958127e-01 3.261852e-01 -1.254595e-01 9.878918e-01 -9.126702e-02 1.480780e+01
9.919006e-01 1.268597e-01 6.309657e-03 9.013639e+01 1.752982e-02 -8.752479e-02 -9.960081e-01 3.576631e-01 -1.258010e-01 9.880517e-01 -8.903973e-02 1.458674e+01
9.916955e-01 1.284837e-01 5.656869e-03 9.199673e+01 1.697828e-02 -8.719221e-02 -9.960468e-01 3.780902e-01 -1.274826e-01 9.878712e-01 -8.864955e-02 1.435722e+01
9.914902e-01 1.300536e-01 5.764506e-03 9.387283e+01 1.688271e-02 -8.454977e-02 -9.962762e-01 4.085217e-01 -1.290819e-01 9.878954e-01 -8.602593e-02 1.411516e+01
9.909645e-01 1.340390e-01 4.781366e-03 9.574142e+01 1.640402e-02 -8.574138e-02 -9.961824e-01 4.247192e-01 -1.331173e-01 9.872598e-01 -8.716545e-02 1.386911e+01
9.904286e-01 1.379248e-01 5.295124e-03 9.763639e+01 1.705208e-02 -8.420041e-02 -9.963029e-01 4.488407e-01 -1.369690e-01 9.868572e-01 -8.574639e-02 1.363050e+01
9.896759e-01 1.432076e-01 5.769551e-03 9.956458e+01 1.775498e-02 -8.255660e-02 -9.964282e-01 4.763870e-01 -1.422197e-01 9.862434e-01 -8.424692e-02 1.338181e+01
9.888847e-01 1.485923e-01 5.239042e-03 1.014879e+02 1.764849e-02 -8.231840e-02 -9.964498e-01 4.998167e-01 -1.476335e-01 9.854664e-01 -8.402582e-02 1.311821e+01
9.881967e-01 1.531452e-01 3.726350e-03 1.034430e+02 1.661938e-02 -8.299470e-02 -9.964114e-01 5.198013e-01 -1.522863e-01 9.847124e-01 -8.456026e-02 1.283438e+01
9.874217e-01 1.580869e-01 2.625922e-03 1.053963e+02 1.595284e-02 -8.309148e-02 -9.964142e-01 5.484277e-01 -1.573018e-01 9.839230e-01 -8.456826e-02 1.253151e+01
9.865949e-01 1.631753e-01 2.087517e-03 1.073535e+02 1.580899e-02 -8.283722e-02 -9.964377e-01 5.744152e-01 -1.624211e-01 9.831133e-01 -8.430641e-02 1.224196e+01
9.858871e-01 1.673842e-01 3.016757e-03 1.093291e+02 1.663148e-02 -7.999618e-02 -9.966564e-01 5.865998e-01 -1.665832e-01 9.826409e-01 -8.165105e-02 1.193138e+01
9.847760e-01 1.737918e-01 3.570199e-03 1.113013e+02 1.719671e-02 -7.696464e-02 -9.968855e-01 6.117332e-01 -1.729758e-01 9.817703e-01 -7.878157e-02 1.162919e+01
9.838073e-01 1.791782e-01 4.293387e-03 1.132445e+02 1.805368e-02 -7.523699e-02 -9.970022e-01 6.371182e-01 -1.783180e-01 9.809356e-01 -7.725352e-02 1.126606e+01
9.827298e-01 1.849911e-01 4.514887e-03 1.152203e+02 1.879370e-02 -7.550595e-02 -9.969682e-01 6.664912e-01 -1.840894e-01 9.798353e-01 -7.767861e-02 1.091950e+01
9.815438e-01 1.912089e-01 3.294732e-03 1.171992e+02 1.821364e-02 -7.631921e-02 -9.969171e-01 6.841487e-01 -1.903680e-01 9.785778e-01 -7.839327e-02 1.053502e+01
9.804708e-01 1.966519e-01 2.256063e-03 1.192074e+02 1.751437e-02 -7.588595e-02 -9.969627e-01 7.153199e-01 -1.958834e-01 9.775323e-01 -7.784820e-02 1.016398e+01
9.793687e-01 2.020650e-01 2.575322e-03 1.212262e+02 1.843134e-02 -7.662768e-02 -9.968894e-01 7.412976e-01 -2.012391e-01 9.763698e-01 -7.877108e-02 9.779596e+00
9.780183e-01 2.084992e-01 2.888801e-03 1.232381e+02 1.918299e-02 -7.617027e-02 -9.969103e-01 7.664223e-01 -2.076349e-01 9.750519e-01 -7.849555e-02 9.392001e+00
9.770452e-01 2.130182e-01 2.454411e-03 1.252400e+02 1.894282e-02 -7.539735e-02 -9.969736e-01 7.866112e-01 -2.121885e-01 9.741347e-01 -7.770178e-02 8.970903e+00
9.759036e-01 2.181902e-01 2.303371e-03 1.272507e+02 1.903414e-02 -7.460900e-02 -9.970312e-01 8.145664e-01 -2.173705e-01 9.730501e-01 -7.696425e-02 8.554068e+00
9.750054e-01 2.221666e-01 2.561098e-03 1.292723e+02 1.999599e-02 -7.626292e-02 -9.968872e-01 8.472717e-01 -2.212797e-01 9.720216e-01 -7.879920e-02 8.103513e+00
9.741862e-01 2.257267e-01 2.962859e-03 1.313316e+02 2.108419e-02 -7.791159e-02 -9.967373e-01 8.758231e-01 -2.247594e-01 9.710702e-01 -8.065966e-02 7.622715e+00
9.728671e-01 2.313511e-01 2.513401e-03 1.333602e+02 2.109416e-02 -7.787560e-02 -9.967399e-01 9.092851e-01 -2.304012e-01 9.697484e-01 -8.064276e-02 7.113678e+00
9.719608e-01 2.351315e-01 2.307079e-03 1.354094e+02 2.115922e-02 -7.768568e-02 -9.967533e-01 9.460492e-01 -2.341888e-01 9.688540e-01 -8.048264e-02 6.634040e+00
9.712585e-01 2.380083e-01 3.009066e-03 1.374913e+02 2.180222e-02 -7.636723e-02 -9.968414e-01 9.832116e-01 -2.370267e-01 9.682562e-01 -7.936142e-02 6.155797e+00
9.704551e-01 2.412699e-01 2.403821e-03 1.395334e+02 2.142269e-02 -7.623613e-02 -9.968596e-01 1.016401e+00 -2.403290e-01 9.674590e-01 -7.915239e-02 5.685925e+00
9.700719e-01 2.428079e-01 2.187824e-03 1.415845e+02 2.082472e-02 -7.421573e-02 -9.970248e-01 1.047537e+00 -2.419231e-01 9.672313e-01 -7.705101e-02 5.168675e+00
9.684810e-01 2.490774e-01 2.226204e-03 1.436771e+02 2.123837e-02 -7.366909e-02 -9.970565e-01 1.079263e+00 -2.481803e-01 9.656776e-01 -7.663712e-02 4.660762e+00
9.673620e-01 2.533917e-01 1.831281e-03 1.457600e+02 2.123575e-02 -7.386505e-02 -9.970421e-01 1.111431e+00 -2.525069e-01 9.645396e-01 -7.683520e-02 4.143414e+00
9.658896e-01 2.589513e-01 1.198050e-03 1.478819e+02 2.106984e-02 -7.397776e-02 -9.970373e-01 1.143544e+00 -2.580955e-01 9.630532e-01 -7.691041e-02 3.590791e+00
9.644309e-01 2.643338e-01 8.420084e-04 1.499925e+02 2.127525e-02 -7.444763e-02 -9.969980e-01 1.172888e+00 -2.634776e-01 9.615535e-01 -7.742336e-02 3.055488e+00
9.633633e-01 2.681925e-01 1.963618e-03 1.520894e+02 2.246057e-02 -7.337963e-02 -9.970511e-01 1.219404e+00 -2.672575e-01 9.605666e-01 -7.671500e-02 2.505782e+00
9.622468e-01 2.721739e-01 1.571022e-03 1.542028e+02 2.266893e-02 -7.438934e-02 -9.969716e-01 1.254222e+00 -2.712328e-01 9.593683e-01 -7.775079e-02 1.950752e+00
9.611691e-01 2.759541e-01 1.830999e-03 1.563560e+02 2.326865e-02 -7.443152e-02 -9.969546e-01 1.289357e+00 -2.749774e-01 9.582846e-01 -7.796235e-02 1.351940e+00
9.603761e-01 2.787067e-01 6.211475e-04 1.584483e+02 2.242441e-02 -7.504889e-02 -9.969277e-01 1.326963e+00 -2.778038e-01 9.574394e-01 -7.832499e-02 7.635406e-01
9.592068e-01 2.827050e-01 -5.574059e-04 1.605596e+02 2.165353e-02 -7.543518e-02 -9.969156e-01 1.362257e+00 -2.818750e-01 9.562361e-01 -7.847950e-02 1.804774e-01
9.579843e-01 2.868187e-01 -1.035742e-03 1.626760e+02 2.172703e-02 -7.616881e-02 -9.968582e-01 1.403684e+00 -2.859964e-01 9.549520e-01 -7.920025e-02 -4.412156e-01
9.571871e-01 2.894660e-01 -1.500728e-03 1.647770e+02 2.113875e-02 -7.506891e-02 -9.969543e-01 1.435583e+00 -2.886970e-01 9.542401e-01 -7.797394e-02 -1.047037e+00
9.557792e-01 2.940782e-01 -2.033506e-03 1.669232e+02 2.102435e-02 -7.522466e-02 -9.969450e-01 1.467054e+00 -2.933328e-01 9.528165e-01 -7.808097e-02 -1.701559e+00
9.546514e-01 2.977169e-01 -2.337737e-03 1.690470e+02 2.111747e-02 -7.554277e-02 -9.969189e-01 1.499390e+00 -2.969762e-01 9.516606e-01 -7.840403e-02 -2.320437e+00
9.535527e-01 3.012179e-01 -2.221260e-03 1.711939e+02 2.165431e-02 -7.590140e-02 -9.968802e-01 1.536371e+00 -3.004467e-01 9.505297e-01 -7.889865e-02 -2.986211e+00
9.523706e-01 3.049326e-01 -2.508549e-03 1.733245e+02 2.227848e-02 -7.778013e-02 -9.967216e-01 1.572810e+00 -3.041280e-01 9.491925e-01 -8.086894e-02 -3.632289e+00
9.516758e-01 3.070990e-01 -1.825776e-03 1.754830e+02 2.317085e-02 -7.773029e-02 -9.967051e-01 1.614304e+00 -3.062291e-01 9.484978e-01 -8.108979e-02 -4.328550e+00
9.507025e-01 3.101012e-01 -1.363682e-03 1.776796e+02 2.414463e-02 -7.840489e-02 -9.966292e-01 1.648619e+00 -3.091628e-01 9.474650e-01 -8.202700e-02 -5.041201e+00
9.496149e-01 3.134146e-01 -1.689651e-03 1.798617e+02 2.379876e-02 -7.748123e-02 -9.967097e-01 1.688684e+00 -3.125143e-01 9.464502e-01 -8.103621e-02 -5.716261e+00
9.486391e-01 3.163446e-01 -3.165383e-03 1.820753e+02 2.248378e-02 -7.739687e-02 -9.967468e-01 1.734809e+00 -3.155604e-01 9.454818e-01 -8.053432e-02 -6.434342e+00
9.476421e-01 3.193072e-01 -4.151473e-03 1.842481e+02 2.146470e-02 -7.666333e-02 -9.968259e-01 1.764116e+00 -3.186120e-01 9.445452e-01 -7.950324e-02 -7.146194e+00
9.467255e-01 3.220002e-01 -5.173297e-03 1.863962e+02 2.031322e-02 -7.574037e-02 -9.969206e-01 1.808405e+00 -3.214005e-01 9.437051e-01 -7.824620e-02 -7.837494e+00
9.461457e-01 3.236955e-01 -5.436351e-03 1.885875e+02 1.967649e-02 -7.425841e-02 -9.970449e-01 1.847159e+00 -3.231426e-01 9.432428e-01 -7.662846e-02 -8.597211e+00
9.447032e-01 3.278776e-01 -5.663875e-03 1.908038e+02 1.991050e-02 -7.459029e-02 -9.970155e-01 1.879583e+00 -3.273215e-01 9.417710e-01 -7.699389e-02 -9.363409e+00
9.434750e-01 3.314098e-01 -4.745163e-03 1.930042e+02 2.105775e-02 -7.422377e-02 -9.970192e-01 1.916171e+00 -3.307741e-01 9.405628e-01 -7.700702e-02 -1.009146e+01
9.416862e-01 3.364708e-01 -3.817719e-03 1.952916e+02 2.202349e-02 -7.295086e-02 -9.970924e-01 1.950770e+00 -3.357710e-01 9.388640e-01 -7.610708e-02 -1.091776e+01
9.401194e-01 3.408236e-01 -3.856395e-03 1.974981e+02 2.256243e-02 -7.351707e-02 -9.970387e-01 1.988467e+00 -3.400978e-01 9.372484e-01 -7.680463e-02 -1.167777e+01
9.389228e-01 3.441010e-01 -4.290571e-03 1.997393e+02 2.214104e-02 -7.284732e-02 -9.970973e-01 2.027110e+00 -3.434148e-01 9.361024e-01 -7.601677e-02 -1.247430e+01
9.375269e-01 3.478772e-01 -4.978672e-03 2.019418e+02 2.158926e-02 -7.245354e-02 -9.971381e-01 2.065981e+00 -3.472423e-01 9.347363e-01 -7.543755e-02 -1.325329e+01
9.361104e-01 3.516771e-01 -4.530237e-03 2.041266e+02 2.221842e-02 -7.198721e-02 -9.971581e-01 2.107677e+00 -3.510038e-01 9.333494e-01 -7.520169e-02 -1.408345e+01
9.353309e-01 3.537458e-01 -4.484481e-03 2.063708e+02 2.241494e-02 -7.190793e-02 -9.971594e-01 2.140437e+00 -3.530634e-01 9.325734e-01 -7.518689e-02 -1.493617e+01
9.340974e-01 3.569912e-01 -4.389579e-03 2.085672e+02 2.348122e-02 -7.369979e-02 -9.970040e-01 2.178477e+00 -3.562452e-01 9.311958e-01 -7.722537e-02 -1.574123e+01
9.334778e-01 3.586100e-01 -4.253413e-03 2.108254e+02 2.439044e-02 -7.531302e-02 -9.968616e-01 2.219486e+00 -3.578048e-01 9.304444e-01 -7.904968e-02 -1.661284e+01
9.324751e-01 3.612100e-01 -4.180679e-03 2.130518e+02 2.497042e-02 -7.599893e-02 -9.967952e-01 2.258198e+00 -3.603701e-01 9.293823e-01 -7.988668e-02 -1.746942e+01
9.309643e-01 3.650800e-01 -4.691717e-03 2.152647e+02 2.481373e-02 -7.608569e-02 -9.967925e-01 2.295040e+00 -3.642660e-01 9.278618e-01 -7.989206e-02 -1.829841e+01
9.300439e-01 3.674159e-01 -4.880400e-03 2.175194e+02 2.429097e-02 -7.472997e-02 -9.969079e-01 2.336098e+00 -3.666445e-01 9.270496e-01 -7.842705e-02 -1.918458e+01
9.290809e-01 3.698349e-01 -5.549464e-03 2.197328e+02 2.371141e-02 -7.452592e-02 -9.969372e-01 2.372164e+00 -3.691157e-01 9.261037e-01 -7.800992e-02 -2.003526e+01
9.273854e-01 3.740574e-01 -6.115537e-03 2.219459e+02 2.323818e-02 -7.391351e-02 -9.969939e-01 2.411173e+00 -3.733850e-01 9.244554e-01 -7.723872e-02 -2.089646e+01
9.265788e-01 3.760581e-01 -5.664654e-03 2.241706e+02 2.290935e-02 -7.146766e-02 -9.971798e-01 2.450421e+00 -3.754024e-01 9.238359e-01 -7.483567e-02 -2.178453e+01
9.258676e-01 3.778010e-01 -5.976687e-03 2.263853e+02 2.298173e-02 -7.209508e-02 -9.971330e-01 2.483304e+00 -3.771487e-01 9.230757e-01 -7.543302e-02 -2.266464e+01
9.244987e-01 3.811431e-01 -5.666719e-03 2.286573e+02 2.409482e-02 -7.326769e-02 -9.970212e-01 2.509020e+00 -3.804229e-01 9.216083e-01 -7.691946e-02 -2.359711e+01
9.237334e-01 3.830085e-01 -4.603348e-03 2.308658e+02 2.553657e-02 -7.357106e-02 -9.969630e-01 2.555358e+00 -3.821840e-01 9.208104e-01 -7.774077e-02 -2.449567e+01
9.224045e-01 3.862005e-01 -4.378883e-03 2.331216e+02 2.567555e-02 -7.262836e-02 -9.970285e-01 2.602467e+00 -3.853710e-01 9.195511e-01 -7.690863e-02 -2.542338e+01
9.215050e-01 3.883387e-01 -4.644956e-03 2.353704e+02 2.478470e-02 -7.074008e-02 -9.971868e-01 2.639736e+00 -3.875749e-01 9.187975e-01 -7.481220e-02 -2.636032e+01
9.203545e-01 3.910635e-01 -4.100047e-03 2.375809e+02 2.498247e-02 -6.925128e-02 -9.972864e-01 2.688187e+00 -3.902863e-01 9.177547e-01 -7.350547e-02 -2.726959e+01
9.183895e-01 3.956586e-01 -3.877419e-03 2.398260e+02 2.557556e-02 -6.913836e-02 -9.972792e-01 2.730661e+00 -3.948502e-01 9.157915e-01 -7.361513e-02 -2.820720e+01
9.169028e-01 3.990973e-01 -3.235001e-03 2.420319e+02 2.607965e-02 -6.800076e-02 -9.973444e-01 2.767601e+00 -3.982574e-01 9.143835e-01 -7.275841e-02 -2.915307e+01
9.157291e-01 4.017875e-01 -2.647383e-03 2.442368e+02 2.654583e-02 -6.707345e-02 -9.973949e-01 2.815267e+00 -4.009184e-01 9.132732e-01 -7.208689e-02 -3.009062e+01
9.133216e-01 4.072348e-01 -1.893163e-03 2.464977e+02 2.722908e-02 -6.570477e-02 -9.974675e-01 2.860140e+00 -4.063279e-01 9.109570e-01 -7.109821e-02 -3.109674e+01
9.121935e-01 4.097584e-01 -1.045750e-03 2.487224e+02 2.764353e-02 -6.408521e-02 -9.975615e-01 2.909327e+00 -4.088262e-01 9.099402e-01 -6.978528e-02 -3.206593e+01
9.106140e-01 4.132553e-01 -1.477486e-03 2.509209e+02 2.737304e-02 -6.388348e-02 -9.975819e-01 2.957426e+00 -4.123504e-01 9.083716e-01 -6.948525e-02 -3.301647e+01
9.084002e-01 4.181001e-01 -1.138738e-03 2.531234e+02 2.822870e-02 -6.404903e-02 -9.975474e-01 2.997530e+00 -4.171476e-01 9.061402e-01 -6.998458e-02 -3.402940e+01
9.072944e-01 4.204947e-01 -1.052702e-03 2.552931e+02 2.843336e-02 -6.384756e-02 -9.975545e-01 3.048365e+00 -4.195336e-01 9.050457e-01 -6.988461e-02 -3.501436e+01
9.048849e-01 4.256530e-01 -1.702024e-03 2.574765e+02 2.806227e-02 -6.364580e-02 -9.975779e-01 3.094767e+00 -4.247303e-01 9.026454e-01 -6.953692e-02 -3.602233e+01
9.030387e-01 4.295566e-01 -1.512871e-03 2.596450e+02 2.863526e-02 -6.371204e-02 -9.975574e-01 3.147128e+00 -4.286037e-01 9.007896e-01 -6.983490e-02 -3.706422e+01
9.013407e-01 4.331073e-01 -1.731893e-03 2.618069e+02 2.892332e-02 -6.418125e-02 -9.975190e-01 3.203451e+00 -4.321439e-01 8.990544e-01 -7.037608e-02 -3.806243e+01
8.988488e-01 4.382522e-01 -2.409442e-03 2.640034e+02 2.892658e-02 -6.481197e-02 -9.974781e-01 3.246610e+00 -4.373032e-01 8.965123e-01 -7.093330e-02 -3.912434e+01
8.974221e-01 4.411574e-01 -3.709326e-03 2.661693e+02 2.852140e-02 -6.640568e-02 -9.973850e-01 3.298851e+00 -4.402500e-01 8.949695e-01 -7.217635e-02 -4.016010e+01
8.961341e-01 4.437607e-01 -4.489616e-03 2.683673e+02 2.833018e-02 -6.730039e-02 -9.973305e-01 3.362331e+00 -4.428782e-01 8.936146e-01 -7.288200e-02 -4.124529e+01
8.941239e-01 4.477799e-01 -5.972141e-03 2.705992e+02 2.771380e-02 -6.863936e-02 -9.972565e-01 3.409506e+00 -4.469614e-01 8.915054e-01 -7.378177e-02 -4.236647e+01
8.926359e-01 4.507124e-01 -7.712191e-03 2.727592e+02 2.690629e-02 -7.035042e-02 -9.971594e-01 3.460563e+00 -4.499747e-01 8.898928e-01 -7.492431e-02 -4.343029e+01
8.907768e-01 4.543658e-01 -8.275646e-03 2.749497e+02 2.726138e-02 -7.160557e-02 -9.970604e-01 3.515236e+00 -4.536228e-01 8.879326e-01 -7.617122e-02 -4.452341e+01
8.888918e-01 4.580390e-01 -8.459145e-03 2.770990e+02 2.721865e-02 -7.123619e-02 -9.970880e-01 3.572108e+00 -4.573078e-01 8.860732e-01 -7.578847e-02 -4.561117e+01
8.873814e-01 4.609490e-01 -8.954736e-03 2.793035e+02 2.667407e-02 -7.072191e-02 -9.971393e-01 3.633851e+00 -4.602637e-01 8.846041e-01 -7.505269e-02 -4.672168e+01
8.851414e-01 4.652077e-01 -1.031879e-02 2.815400e+02 2.589701e-02 -7.139071e-02 -9.971122e-01 3.691737e+00 -4.646010e-01 8.823180e-01 -7.523836e-02 -4.788309e+01
8.837972e-01 4.677555e-01 -1.036018e-02 2.837300e+02 2.567047e-02 -7.058902e-02 -9.971751e-01 3.747756e+00 -4.671654e-01 8.810346e-01 -7.439388e-02 -4.902939e+01
8.828614e-01 4.695083e-01 -1.085209e-02 2.859870e+02 2.477589e-02 -6.963898e-02 -9.972646e-01 3.795568e+00 -4.689797e-01 8.801774e-01 -7.311405e-02 -5.018566e+01
8.807356e-01 4.734834e-01 -1.087899e-02 2.881904e+02 2.573156e-02 -7.077502e-02 -9.971604e-01 3.846687e+00 -4.729088e-01 8.779547e-01 -7.451755e-02 -5.133755e+01
8.799602e-01 4.749257e-01 -1.075086e-02 2.903937e+02 2.686685e-02 -7.234933e-02 -9.970174e-01 3.897718e+00 -4.742870e-01 8.770468e-01 -7.642429e-02 -5.250437e+01
8.787847e-01 4.771037e-01 -1.046187e-02 2.926594e+02 2.778533e-02 -7.303904e-02 -9.969420e-01 3.960025e+00 -4.764088e-01 8.758067e-01 -7.744208e-02 -5.370126e+01
8.768787e-01 4.806130e-01 -9.740893e-03 2.948926e+02 2.883004e-02 -7.280583e-02 -9.969293e-01 4.023530e+00 -4.798464e-01 8.739052e-01 -7.769797e-02 -5.489997e+01
8.763213e-01 4.816374e-01 -9.294635e-03 2.971871e+02 2.938507e-02 -7.270360e-02 -9.969206e-01 4.093863e+00 -4.808300e-01 8.733497e-01 -7.786466e-02 -5.612024e+01
8.744235e-01 4.850798e-01 -9.007526e-03 2.994446e+02 3.043551e-02 -7.337470e-02 -9.968399e-01 4.162962e+00 -4.842078e-01 8.713861e-01 -7.892422e-02 -5.733542e+01
8.737444e-01 4.863083e-01 -8.663299e-03 3.017229e+02 3.116329e-02 -7.374796e-02 -9.967899e-01 4.222990e+00 -4.853861e-01 8.706696e-01 -7.959183e-02 -5.858014e+01
8.728235e-01 4.879397e-01 -9.698419e-03 3.040308e+02 3.011920e-02 -7.369021e-02 -9.968262e-01 4.293961e+00 -4.871058e-01 8.697612e-01 -7.901490e-02 -5.982546e+01
8.712559e-01 4.907133e-01 -1.065795e-02 3.062303e+02 2.837984e-02 -7.204220e-02 -9.969978e-01 4.360356e+00 -4.900079e-01 8.683377e-01 -7.669356e-02 -6.105508e+01
8.698007e-01 4.933024e-01 -9.967314e-03 3.085092e+02 2.868266e-02 -7.072020e-02 -9.970837e-01 4.424881e+00 -4.925687e-01 8.669783e-01 -7.566171e-02 -6.230835e+01
8.674208e-01 4.975157e-01 -7.704880e-03 3.107927e+02 3.031572e-02 -6.829900e-02 -9.972042e-01 4.495947e+00 -4.966509e-01 8.647621e-01 -7.432652e-02 -6.356087e+01
8.640892e-01 5.033089e-01 -5.479233e-03 3.131589e+02 3.188679e-02 -6.560121e-02 -9.973363e-01 4.561970e+00 -5.023277e-01 8.616128e-01 -7.273421e-02 -6.486774e+01
8.618019e-01 5.072283e-01 -4.120179e-03 3.154420e+02 3.312980e-02 -6.439051e-02 -9.973747e-01 4.638657e+00 -5.061619e-01 8.594029e-01 -7.229623e-02 -6.617453e+01
8.592982e-01 5.114628e-01 -3.521814e-03 3.177040e+02 3.404089e-02 -6.405903e-02 -9.973654e-01 4.720457e+00 -5.103409e-01 8.569143e-01 -7.245646e-02 -6.747439e+01
8.560039e-01 5.169463e-01 -4.881829e-03 3.199998e+02 3.442755e-02 -6.642520e-02 -9.971973e-01 4.794401e+00 -5.158218e-01 8.534367e-01 -7.465743e-02 -6.883669e+01
8.541412e-01 5.200099e-01 -5.706367e-03 3.222480e+02 3.440808e-02 -6.745899e-02 -9.971285e-01 4.874373e+00 -5.189016e-01 8.514922e-01 -7.551204e-02 -7.017326e+01
8.513542e-01 5.245605e-01 -5.692924e-03 3.245932e+02 3.505856e-02 -6.772069e-02 -9.970881e-01 4.941440e+00 -5.234185e-01 8.486756e-01 -7.604463e-02 -7.160091e+01
8.491807e-01 5.280852e-01 -4.255641e-03 3.268153e+02 3.710665e-02 -6.770345e-02 -9.970152e-01 5.022017e+00 -5.267972e-01 8.464882e-01 -7.708793e-02 -7.296647e+01
8.471567e-01 5.313364e-01 -2.662615e-03 3.291085e+02 3.899241e-02 -6.716508e-02 -9.969797e-01 5.105844e+00 -5.299104e-01 8.444942e-01 -7.761744e-02 -7.437125e+01
8.436525e-01 5.368861e-01 -1.906062e-03 3.314417e+02 3.991004e-02 -6.625345e-02 -9.970043e-01 5.187330e+00 -5.354041e-01 8.410492e-01 -7.732204e-02 -7.582634e+01
8.416474e-01 5.400255e-01 -1.404664e-03 3.336744e+02 4.067530e-02 -6.598707e-02 -9.969911e-01 5.284718e+00 -5.384933e-01 8.390579e-01 -7.750355e-02 -7.722178e+01
8.388653e-01 5.443352e-01 -2.032140e-03 3.359867e+02 4.141816e-02 -6.755030e-02 -9.968558e-01 5.375695e+00 -5.427610e-01 8.361436e-01 -7.921097e-02 -7.867439e+01
8.356131e-01 5.493161e-01 -1.611142e-03 3.381923e+02 4.290384e-02 -6.818826e-02 -9.967495e-01 5.468410e+00 -5.476404e-01 8.328278e-01 -8.054677e-02 -8.006152e+01
8.338333e-01 5.520160e-01 -4.675227e-04 3.404314e+02 4.361732e-02 -6.672923e-02 -9.968173e-01 5.557872e+00 -5.502903e-01 8.311591e-01 -7.971852e-02 -8.150112e+01
8.309821e-01 5.562988e-01 6.514898e-04 3.427054e+02 4.524457e-02 -6.641762e-02 -9.967656e-01 5.652213e+00 -5.544562e-01 8.283238e-01 -8.036135e-02 -8.297874e+01
8.285155e-01 5.599632e-01 1.829234e-03 3.449976e+02 4.658684e-02 -6.567329e-02 -9.967531e-01 5.744027e+00 -5.580249e-01 8.259106e-01 -8.049826e-02 -8.451989e+01
8.267344e-01 5.625845e-01 2.994842e-03 3.471823e+02 4.685505e-02 -6.354813e-02 -9.968783e-01 5.844312e+00 -5.606380e-01 8.242939e-01 -7.889735e-02 -8.599230e+01
8.243974e-01 5.660010e-01 3.434117e-03 3.494404e+02 4.580325e-02 -6.066402e-02 -9.971068e-01 5.960298e+00 -5.641551e-01 8.221695e-01 -7.593594e-02 -8.751272e+01
8.227371e-01 5.684019e-01 4.801073e-03 3.516807e+02 4.508079e-02 -5.682813e-02 -9.973657e-01 6.070168e+00 -5.666317e-01 8.207861e-01 -7.237861e-02 -8.902417e+01
8.206608e-01 5.713697e-01 7.250869e-03 3.538717e+02 4.678036e-02 -5.453330e-02 -9.974155e-01 6.173721e+00 -5.694976e-01 8.188790e-01 -7.148222e-02 -9.052173e+01
8.182643e-01 5.747769e-01 8.661615e-03 3.561385e+02 4.822703e-02 -5.362671e-02 -9.973958e-01 6.270653e+00 -5.728156e-01 8.165511e-01 -7.160060e-02 -9.205576e+01
8.160187e-01 5.779591e-01 8.759541e-03 3.583727e+02 4.798177e-02 -5.262781e-02 -9.974608e-01 6.378540e+00 -5.760306e-01 8.143670e-01 -7.067678e-02 -9.359243e+01
8.138126e-01 5.810448e-01 9.797090e-03 3.606390e+02 4.877349e-02 -5.149357e-02 -9.974816e-01 6.494538e+00 -5.790770e-01 8.122410e-01 -7.024570e-02 -9.516997e+01
8.116886e-01 5.839493e-01 1.283692e-02 3.628737e+02 5.106091e-02 -4.904682e-02 -9.974905e-01 6.611641e+00 -5.818542e-01 8.103071e-01 -6.962772e-02 -9.673667e+01
8.093394e-01 5.871472e-01 1.509837e-02 3.650380e+02 5.252070e-02 -4.674478e-02 -9.975252e-01 6.730773e+00 -5.849883e-01 8.081294e-01 -6.866977e-02 -9.825883e+01
8.069451e-01 5.904058e-01 1.614288e-02 3.672670e+02 5.226225e-02 -4.415217e-02 -9.976569e-01 6.850710e+00 -5.883097e-01 8.058980e-01 -6.648431e-02 -9.985268e+01
8.042187e-01 5.941259e-01 1.570603e-02 3.694957e+02 5.235996e-02 -4.450227e-02 -9.976362e-01 6.975621e+00 -5.920226e-01 8.031400e-01 -6.689797e-02 -1.014385e+02
8.019526e-01 5.971733e-01 1.600509e-02 3.716927e+02 5.300204e-02 -4.443997e-02 -9.976051e-01 7.094074e+00 -5.950318e-01 8.008803e-01 -6.729015e-02 -1.030241e+02
7.995546e-01 6.003395e-01 1.746373e-02 3.739573e+02 5.473058e-02 -4.387413e-02 -9.975368e-01 7.213716e+00 -5.980945e-01 7.985409e-01 -6.793669e-02 -1.046827e+02
7.979836e-01 6.023523e-01 1.984796e-02 3.761520e+02 5.555250e-02 -4.072229e-02 -9.976250e-01 7.340216e+00 -6.001134e-01 7.971910e-01 -6.595790e-02 -1.063213e+02
7.964134e-01 6.043424e-01 2.226861e-02 3.782977e+02 5.331169e-02 -3.348054e-02 -9.980165e-01 7.464156e+00 -6.023982e-01 7.960209e-01 -5.888287e-02 -1.079087e+02
7.937426e-01 6.079394e-01 1.955586e-02 3.804770e+02 4.400230e-02 -2.532466e-02 -9.987104e-01 7.596461e+00 -6.066601e-01 7.935795e-01 -4.685199e-02 -1.095031e+02
7.914680e-01 6.111167e-01 1.071678e-02 3.825436e+02 3.937889e-02 -3.348734e-02 -9.986631e-01 7.667567e+00 -6.099408e-01 7.908318e-01 -5.056925e-02 -1.110789e+02
7.905951e-01 6.122612e-01 9.779088e-03 3.846618e+02 4.341102e-02 -4.011123e-02 -9.982517e-01 7.746824e+00 -6.107985e-01 7.896374e-01 -5.829063e-02 -1.127083e+02
7.884872e-01 6.147683e-01 1.865232e-02 3.868220e+02 5.571945e-02 -4.119696e-02 -9.975962e-01 7.878253e+00 -6.125221e-01 7.876312e-01 -6.673782e-02 -1.143647e+02
7.876067e-01 6.155187e-01 2.850354e-02 3.890554e+02 6.410190e-02 -3.584053e-02 -9.972996e-01 8.012953e+00 -6.128349e-01 7.873070e-01 -6.768417e-02 -1.160665e+02
7.846306e-01 6.189865e-01 3.479272e-02 3.912189e+02 6.773703e-02 -2.980878e-02 -9.972578e-01 8.175966e+00 -6.162519e-01 7.848358e-01 -6.531719e-02 -1.177148e+02
7.827405e-01 6.213058e-01 3.600465e-02 3.933945e+02 6.826831e-02 -2.821491e-02 -9.972680e-01 8.338803e+00 -6.185925e-01 7.830600e-01 -6.450044e-02 -1.193832e+02
7.804226e-01 6.244955e-01 3.075709e-02 3.955241e+02 6.625370e-02 -3.368136e-02 -9.972342e-01 8.493730e+00 -6.217323e-01 7.803019e-01 -6.766083e-02 -1.210518e+02
7.778087e-01 6.280232e-01 2.450600e-02 3.976220e+02 6.222572e-02 -3.814998e-02 -9.973327e-01 8.627398e+00 -6.254132e-01 7.772589e-01 -6.875259e-02 -1.227000e+02
7.761327e-01 6.302114e-01 2.125080e-02 3.997179e+02 5.967863e-02 -3.986366e-02 -9.974213e-01 8.767767e+00 -6.277392e-01 7.753996e-01 -6.854965e-02 -1.243647e+02
7.740867e-01 6.326946e-01 2.207770e-02 4.018315e+02 6.026008e-02 -3.892194e-02 -9.974236e-01 8.897889e+00 -6.302052e-01 7.734227e-01 -6.825518e-02 -1.260629e+02
7.713922e-01 6.359379e-01 2.317412e-02 4.039201e+02 6.198154e-02 -3.884033e-02 -9.973212e-01 9.041542e+00 -6.333343e-01 7.707623e-01 -6.937753e-02 -1.277434e+02
7.694169e-01 6.383016e-01 2.384512e-02 4.060021e+02 6.354802e-02 -3.934896e-02 -9.972028e-01 9.187796e+00 -6.355779e-01 7.687800e-01 -7.083856e-02 -1.294242e+02
7.682056e-01 6.397591e-01 2.384353e-02 4.081100e+02 6.393810e-02 -3.961117e-02 -9.971674e-01 9.330359e+00 -6.370025e-01 7.675540e-01 -7.133450e-02 -1.311349e+02
7.665375e-01 6.417639e-01 2.365115e-02 4.101842e+02 6.422346e-02 -3.996220e-02 -9.971351e-01 9.479284e+00 -6.389802e-01 7.658604e-01 -7.184882e-02 -1.328350e+02
7.659802e-01 6.424117e-01 2.411447e-02 4.122766e+02 6.540402e-02 -4.055846e-02 -9.970343e-01 9.628569e+00 -6.395285e-01 7.652857e-01 -7.308329e-02 -1.345717e+02
7.643739e-01 6.442919e-01 2.490799e-02 4.143515e+02 6.702548e-02 -4.097757e-02 -9.969094e-01 9.775866e+00 -6.412801e-01 7.636810e-01 -7.450616e-02 -1.362866e+02
7.639149e-01 6.448164e-01 2.541295e-02 4.164136e+02 6.862790e-02 -4.202026e-02 -9.967570e-01 9.928582e+00 -6.416574e-01 7.631816e-01 -7.635230e-02 -1.380233e+02
7.625909e-01 6.463396e-01 2.645986e-02 4.184672e+02 7.119833e-02 -4.320835e-02 -9.965259e-01 1.008792e+01 -6.429509e-01 7.618256e-01 -7.896859e-02 -1.397371e+02
7.611148e-01 6.480603e-01 2.687253e-02 4.205145e+02 7.113293e-02 -4.221812e-02 -9.965730e-01 1.024765e+01 -6.447049e-01 7.604180e-01 -7.823126e-02 -1.414589e+02
7.605053e-01 6.487634e-01 2.716274e-02 4.225827e+02 6.905035e-02 -3.920719e-02 -9.968424e-01 1.041106e+01 -6.456499e-01 7.599795e-01 -7.461461e-02 -1.431830e+02
7.591878e-01 6.502666e-01 2.805554e-02 4.246273e+02 6.755567e-02 -3.585310e-02 -9.970711e-01 1.057115e+01 -6.473562e-01 7.588596e-01 -7.114843e-02 -1.448968e+02
7.581545e-01 6.514511e-01 2.851799e-02 4.266868e+02 6.753941e-02 -3.495259e-02 -9.971042e-01 1.072182e+01 -6.485678e-01 7.578851e-01 -7.049809e-02 -1.466477e+02
7.572885e-01 6.523973e-01 2.986521e-02 4.287391e+02 6.779890e-02 -3.305224e-02 -9.971514e-01 1.087249e+01 -6.495517e-01 7.571561e-01 -6.926190e-02 -1.483696e+02
7.564223e-01 6.534001e-01 2.989100e-02 4.308156e+02 6.631371e-02 -3.114555e-02 -9.973126e-01 1.102632e+01 -6.507132e-01 7.563717e-01 -6.688858e-02 -1.501121e+02
7.551870e-01 6.548079e-01 3.031715e-02 4.328706e+02 6.681618e-02 -3.088510e-02 -9.972872e-01 1.118389e+01 -6.520952e-01 7.551640e-01 -6.707579e-02 -1.518557e+02
7.549121e-01 6.550632e-01 3.162066e-02 4.348814e+02 6.898852e-02 -3.137187e-02 -9.971241e-01 1.133719e+01 -6.521872e-01 7.549226e-01 -6.887485e-02 -1.535713e+02
7.550377e-01 6.548674e-01 3.266208e-02 4.368930e+02 7.199556e-02 -3.328947e-02 -9.968492e-01 1.150812e+01 -6.517168e-01 7.550103e-01 -7.228235e-02 -1.552901e+02
7.553198e-01 6.544546e-01 3.436876e-02 4.389341e+02 7.785227e-02 -3.753232e-02 -9.962582e-01 1.168128e+01 -6.507158e-01 7.551692e-01 -7.929968e-02 -1.570416e+02
7.564518e-01 6.530515e-01 3.611629e-02 4.410255e+02 8.239461e-02 -4.036989e-02 -9.957818e-01 1.186029e+01 -6.488388e-01 7.562368e-01 -8.434580e-02 -1.588296e+02
7.574244e-01 6.518363e-01 3.765369e-02 4.430858e+02 8.132418e-02 -3.696291e-02 -9.960021e-01 1.206452e+01 -6.478385e-01 7.574584e-01 -8.100666e-02 -1.605876e+02
7.592663e-01 6.496665e-01 3.805465e-02 4.451179e+02 7.584892e-02 -3.026473e-02 -9.966599e-01 1.224568e+01 -6.463449e-01 7.596166e-01 -7.225549e-02 -1.622777e+02
