0.000000e+00 -1.000000e+00 0.000000e+00 0.000000e+00 0.000000e+00 0.000000e+00 -1.000000e+00 0.000000e+00 1.000000e+00 0.000000e+00 0.000000e+00 0.000000e+00
-1.217344e-03 -9.999959e-01 2.606215e-03 7.031196e-02 2.817970e-03 -2.609637e-03 -9.999926e-01 2.047752e-03 9.999953e-01 -1.209991e-03 2.821136e-03 2.254296e-01
-1.091939e-03 -9.999928e-01 3.635198e-03 1.276524e-01 3.905879e-03 -3.639437e-03 -9.999858e-01 -5.948422e-03 9.999918e-01 -1.077725e-03 3.909824e-03 7.349384e-01
-1.334856e-03 -9.999958e-01 2.580272e-03 1.437562e-01 3.684597e-03 -2.585175e-03 -9.999899e-01 -1.469952e-02 9.999923e-01 -1.325335e-03 3.688032e-03 1.564771e+00
-3.722001e-04 -9.999991e-01 1.295243e-03 1.363129e-01 3.554163e-03 -1.296558e-03 -9.999928e-01 -2.272884e-02 9.999936e-01 -3.675939e-04 3.554643e-03 2.515531e+00
-5.757743e-04 -9.999990e-01 1.278472e-03 9.636825e-02 4.600096e-03 -1.281107e-03 -9.999886e-01 -2.856344e-02 9.999893e-01 -5.698866e-04 4.600829e-03 3.831438e+00
-7.228943e-04 -9.999985e-01 1.569297e-03 1.088596e-01 4.741132e-03 -1.572707e-03 -9.999875e-01 -3.282426e-02 9.999885e-01 -7.154450e-04 4.742262e-03 5.097621e+00
-3.135512e-03 -9.999905e-01 3.024844e-03 4.996704e-02 4.502054e-03 -3.038944e-03 -9.999853e-01 -5.672867e-02 9.999850e-01 -3.121847e-03 4.511540e-03 7.213806e+00
-4.841407e-03 -9.999812e-01 3.766550e-03 4.224429e-02 4.459548e-03 -3.788147e-03 -9.999829e-01 -6.260590e-02 9.999784e-01 -4.824527e-03 4.477804e-03 8.703426e+00
-7.454671e-03 -9.999622e-01 4.479673e-03 -2.449214e-02 4.821525e-03 -4.515688e-03 -9.999782e-01 -8.625551e-02 9.999606e-01 -7.432909e-03 4.855006e-03 1.053180e+01
-7.421405e-03 -9.999647e-01 3.935164e-03 -3.898803e-02 4.694685e-03 -3.970071e-03 -9.999811e-01 -9.084853e-02 9.999614e-01 -7.402791e-03 4.723983e-03 1.201866e+01
-8.977688e-03 -9.999558e-01 2.800382e-03 -5.930405e-02 5.667740e-03 -2.851335e-03 -9.999799e-01 -1.009146e-01 9.999436e-01 -8.961635e-03 5.693088e-03 1.357703e+01
-9.139004e-03 -9.999567e-01 1.780747e-03 -8.776311e-02 6.318795e-03 -1.838535e-03 -9.999784e-01 -1.009573e-01 9.999382e-01 -9.127554e-03 6.335323e-03 1.506857e+01
-9.566377e-03 -9.999540e-01 6.892242e-04 -1.168810e-01 7.227865e-03 -7.583853e-04 -9.999736e-01 -1.083048e-01 9.999281e-01 -9.561142e-03 7.234788e-03 1.658893e+01
-1.111654e-02 -9.999381e-01 4.745919e-04 -1.668022e-01 7.564869e-03 -5.587080e-04 -9.999712e-01 -1.169636e-01 9.999096e-01 -1.111263e-02 7.570612e-03 1.808471e+01
-1.151187e-02 -9.999337e-01 -1.579229e-04 -1.790691e-01 7.853199e-03 6.751750e-05 -9.999692e-01 -1.294572e-01 9.999029e-01 -1.151276e-02 7.851901e-03 1.952830e+01
-1.149465e-02 -9.999334e-01 -1.094939e-03 -2.007947e-01 8.755765e-03 9.943189e-04 -9.999612e-01 -1.390438e-01 9.998956e-01 -1.150379e-02 8.743752e-03 2.096986e+01
-1.134491e-02 -9.999342e-01 -1.692716e-03 -2.237063e-01 9.737425e-03 1.582268e-03 -9.999514e-01 -1.425908e-01 9.998882e-01 -1.136084e-02 9.718833e-03 2.242350e+01
-1.051844e-02 -9.999424e-01 -2.136489e-03 -2.575127e-01 8.932798e-03 2.042558e-03 -9.999580e-01 -1.496341e-01 9.999048e-01 -1.053708e-02 8.910798e-03 2.385778e+01
-1.062815e-02 -9.999411e-01 -2.231850e-03 -2.821176e-01 7.353957e-03 2.153753e-03 -9.999706e-01 -1.534932e-01 9.999165e-01 -1.064425e-02 7.330633e-03 2.529090e+01
-1.062701e-02 -9.999434e-01 -5.964526e-04 -2.999564e-01 7.447659e-03 5.173189e-04 -9.999721e-01 -1.615469e-01 9.999158e-01 -1.063116e-02 7.441739e-03 2.670956e+01
-9.926415e-03 -9.999506e-01 4.632954e-04 -3.092178e-01 9.735290e-03 -5.599376e-04 -9.999524e-01 -1.655964e-01 9.999033e-01 -9.921432e-03 9.740368e-03 2.812659e+01
-9.928439e-03 -9.999490e-01 1.877599e-03 -3.473879e-01 1.107309e-02 -1.987520e-03 -9.999367e-01 -1.678111e-01 9.998894e-01 -9.907019e-03 1.109225e-02 2.952995e+01
-9.133350e-03 -9.999543e-01 2.802604e-03 -3.605954e-01 1.042829e-02 -2.897818e-03 -9.999414e-01 -1.717154e-01 9.999039e-01 -9.103589e-03 1.045428e-02 3.093863e+01
-8.242610e-03 -9.999622e-01 2.763405e-03 -3.780015e-01 9.048832e-03 -2.837974e-03 -9.999551e-01 -1.774191e-01 9.999251e-01 -8.217234e-03 9.071882e-03 3.232647e+01
-8.163093e-03 -9.999638e-01 2.381520e-03 -4.110173e-01 8.151039e-03 -2.448060e-03 -9.999638e-01 -1.822311e-01 9.999335e-01 -8.143385e-03 8.170729e-03 3.372262e+01
-6.989419e-03 -9.999740e-01 1.780027e-03 -4.356039e-01 7.455766e-03 -1.832134e-03 -9.999706e-01 -1.946408e-01 9.999478e-01 -6.975941e-03 7.468377e-03 3.508077e+01
-7.168318e-03 -9.999740e-01 7.699967e-04 -4.684528e-01 8.582741e-03 -8.315134e-04 -9.999628e-01 -2.029438e-01 9.999375e-01 -7.161442e-03 8.588479e-03 3.641426e+01
-5.631436e-03 -9.999839e-01 7.049504e-04 -4.838685e-01 1.077584e-02 -7.656050e-04 -9.999416e-01 -2.052693e-01 9.999261e-01 -5.623511e-03 1.077998e-02 3.773294e+01
-3.591694e-03 -9.999933e-01 6.674989e-04 -4.968438e-01 1.191069e-02 -7.102357e-04 -9.999288e-01 -2.194600e-01 9.999226e-01 -3.583488e-03 1.191316e-02 3.904759e+01
-1.719236e-03 -9.999983e-01 5.717077e-04 -5.088668e-01 1.248023e-02 -5.931205e-04 -9.999219e-01 -2.215869e-01 9.999207e-01 -1.711967e-03 1.248123e-02 4.031771e+01
2.294211e-03 -9.999962e-01 1.531236e-03 -5.201090e-01 1.204792e-02 -1.503488e-03 -9.999263e-01 -2.258341e-01 9.999248e-01 2.312490e-03 1.204442e-02 4.158913e+01
5.294304e-03 -9.999839e-01 2.044853e-03 -5.283875e-01 1.059989e-02 -1.988647e-03 -9.999418e-01 -2.342112e-01 9.999298e-01 5.315671e-03 1.058919e-02 4.285065e+01
9.759923e-03 -9.999501e-01 2.151789e-03 -5.214905e-01 9.213296e-03 -2.061875e-03 -9.999554e-01 -2.397983e-01 9.999099e-01 9.779314e-03 9.192713e-03 4.409590e+01
1.308362e-02 -9.999131e-01 1.620273e-03 -5.158775e-01 9.844005e-03 -1.491527e-03 -9.999504e-01 -2.442161e-01 9.998659e-01 1.309892e-02 9.823635e-03 4.536600e+01
1.934567e-02 -9.998118e-01 1.480509e-03 -4.974554e-01 9.859232e-03 -1.289945e-03 -9.999506e-01 -2.514759e-01 9.997643e-01 1.935931e-02 9.832421e-03 4.658632e+01
2.589660e-02 -9.996645e-01 3.843148e-04 -4.812264e-01 8.956992e-03 -1.523948e-04 -9.999599e-01 -2.535981e-01 9.996245e-01 2.589901e-02 8.950041e-03 4.777589e+01
3.334777e-02 -9.994432e-01 -1.090293e-03 -4.883766e-01 9.100525e-03 1.394505e-03 -9.999576e-01 -2.513045e-01 9.994024e-01 3.333643e-02 9.141961e-03 4.892110e+01
4.033105e-02 -9.991835e-01 -2.385756e-03 -4.573547e-01 1.024409e-02 2.801063e-03 -9.999436e-01 -2.617782e-01 9.991339e-01 4.030434e-02 1.034869e-02 5.007432e+01
5.039143e-02 -9.987177e-01 -4.859319e-03 -4.225719e-01 1.135465e-02 5.438084e-03 -9.999207e-01 -2.688251e-01 9.986650e-01 5.033226e-02 1.161412e-02 5.124544e+01
6.186512e-02 -9.980608e-01 -6.873497e-03 -3.910869e-01 1.150706e-02 7.599466e-03 -9.999049e-01 -2.715763e-01 9.980182e-01 6.178014e-02 1.195489e-02 5.238250e+01
7.656084e-02 -9.970277e-01 -8.616462e-03 -3.436116e-01 1.237483e-02 9.591342e-03 -9.998775e-01 -2.750569e-01 9.969881e-01 7.644483e-02 1.307237e-02 5.353667e+01
9.226541e-02 -9.956800e-01 -1.040895e-02 -2.781219e-01 1.344139e-02 1.169800e-02 -9.998412e-01 -2.723700e-01 9.956437e-01 9.211086e-02 1.446265e-02 5.465255e+01
1.096334e-01 -9.939146e-01 -1.068792e-02 -1.762765e-01 1.441699e-02 1.234168e-02 -9.998199e-01 -2.761492e-01 9.938675e-01 1.094595e-01 1.568232e-02 5.576593e+01
1.297850e-01 -9.914820e-01 -1.092713e-02 -1.395736e-02 1.396707e-02 1.284732e-02 -9.998199e-01 -2.828845e-01 9.914438e-01 1.296090e-01 1.551549e-02 5.687120e+01
1.513915e-01 -9.884208e-01 -1.024157e-02 1.713661e-01 1.318134e-02 1.237877e-02 -9.998365e-01 -2.796780e-01 9.883860e-01 1.512317e-01 1.490275e-02 5.796764e+01
1.713256e-01 -9.851844e-01 -7.702733e-03 3.279153e-01 1.301617e-02 1.008105e-02 -9.998645e-01 -2.756908e-01 9.851285e-01 1.712021e-01 1.455047e-02 5.903654e+01
1.933141e-01 -9.811337e-01 -2.511533e-03 5.161831e-01 1.572708e-02 5.658197e-03 -9.998603e-01 -2.830169e-01 9.810109e-01 1.932476e-01 1.652418e-02 6.009460e+01
2.151373e-01 -9.765788e-01 3.123512e-03 7.190403e-01 1.710298e-02 5.697779e-04 -9.998536e-01 -2.739156e-01 9.764341e-01 2.151592e-01 1.682498e-02 6.112208e+01
2.381123e-01 -9.712041e-01 8.066098e-03 9.461658e-01 1.737085e-02 -4.045084e-03 -9.998409e-01 -2.746479e-01 9.710823e-01 2.382146e-01 1.590746e-02 6.215749e+01
2.648124e-01 -9.642074e-01 1.336132e-02 1.254974e+00 1.588050e-02 -9.493478e-03 -9.998288e-01 -2.784749e-01 9.641691e-01 2.649793e-01 1.279811e-02 6.317415e+01
2.898953e-01 -9.569175e-01 1.641814e-02 1.540684e+00 1.640962e-02 -1.218249e-02 -9.997911e-01 -2.705011e-01 9.569177e-01 2.901041e-01 1.217101e-02 6.416096e+01
3.180456e-01 -9.478848e-01 1.900982e-02 1.905273e+00 1.847820e-02 -1.384962e-02 -9.997333e-01 -2.597277e-01 9.478953e-01 3.183121e-01 1.311039e-02 6.510759e+01
3.441750e-01 -9.385982e-01 2.402139e-02 2.232619e+00 2.208218e-02 -1.748536e-02 -9.996032e-01 -2.647220e-01 9.386458e-01 3.445689e-01 1.470827e-02 6.601924e+01
3.721064e-01 -9.277992e-01 2.693235e-02 2.578676e+00 2.244013e-02 -2.001517e-02 -9.995478e-01 -2.639081e-01 9.279188e-01 3.725425e-01 1.337217e-02 6.694786e+01
4.026692e-01 -9.149390e-01 2.727722e-02 2.989868e+00 1.901331e-02 -2.143306e-02 -9.995895e-01 -2.410635e-01 9.151481e-01 4.030225e-01 8.765592e-03 6.785264e+01
4.299190e-01 -9.024318e-01 2.804514e-02 3.367942e+00 1.421233e-02 -2.429423e-02 -9.996038e-01 -2.322455e-01 9.027556e-01 4.301473e-01 2.381110e-03 6.873094e+01
4.593176e-01 -8.877800e-01 2.956506e-02 3.807345e+00 1.174848e-02 -2.720921e-02 -9.995607e-01 -2.250802e-01 8.881944e-01 4.594631e-01 -2.067603e-03 6.959587e+01
4.895769e-01 -8.714290e-01 3.042975e-02 4.291759e+00 1.486349e-02 -2.655275e-02 -9.995369e-01 -2.264510e-01 8.718334e-01 4.898025e-01 -4.713794e-05 7.046392e+01
5.180221e-01 -8.548541e-01 2.962412e-02 4.761549e+00 2.048150e-02 -2.222685e-02 -9.995431e-01 -2.164225e-01 8.551220e-01 5.183921e-01 5.994693e-03 7.131623e+01
5.501226e-01 -8.345353e-01 3.026447e-02 5.304594e+00 2.426673e-02 -2.025040e-02 -9.995004e-01 -2.203730e-01 8.347312e-01 5.505822e-01 9.111246e-03 7.210960e+01
5.792133e-01 -8.147866e-01 2.519420e-02 5.822607e+00 2.097237e-02 -1.600168e-02 -9.996520e-01 -2.180568e-01 8.149062e-01 5.795401e-01 7.819626e-03 7.289890e+01
6.084910e-01 -7.933325e-01 1.903468e-02 6.387720e+00 1.432469e-02 -1.300171e-02 -9.998128e-01 -2.132708e-01 7.934315e-01 6.086498e-01 3.452818e-03 7.362547e+01
6.396624e-01 -7.684858e-01 1.617056e-02 7.010839e+00 1.143129e-02 -1.152431e-02 -9.998683e-01 -1.874280e-01 7.685709e-01 6.397631e-01 1.413117e-03 7.431790e+01
6.660429e-01 -7.456826e-01 1.855387e-02 7.612287e+00 1.412497e-02 -1.226097e-02 -9.998251e-01 -1.869544e-01 7.457796e-01 6.661885e-01 2.366417e-03 7.503230e+01
6.945264e-01 -7.192273e-01 1.858187e-02 8.254263e+00 1.476587e-02 -1.157258e-02 -9.998240e-01 -1.883891e-01 7.193157e-01 6.946785e-01 2.582555e-03 7.567122e+01
7.205362e-01 -6.931980e-01 1.743703e-02 8.906779e+00 1.278774e-02 -1.185858e-02 -9.998479e-01 -1.978338e-01 6.932994e-01 7.206497e-01 3.198983e-04 7.631889e+01
7.442546e-01 -6.677223e-01 1.522941e-02 9.569294e+00 1.070172e-02 -1.087702e-02 -9.998836e-01 -1.926703e-01 6.678102e-01 7.443310e-01 -9.494951e-04 7.691637e+01
7.687019e-01 -6.394631e-01 1.357962e-02 1.025406e+01 1.000379e-02 -9.208407e-03 -9.999076e-01 -1.763276e-01 6.395290e-01 7.687666e-01 -6.814673e-04 7.746784e+01
7.906484e-01 -6.121498e-01 1.215383e-02 1.096776e+01 8.769637e-03 -8.526053e-03 -9.999252e-01 -1.868061e-01 6.122077e-01 7.906958e-01 -1.372779e-03 7.802059e+01
8.113429e-01 -5.845378e-01 6.182326e-03 1.167817e+01 2.657548e-03 -6.887449e-03 -9.999728e-01 -1.851910e-01 5.845645e-01 8.113372e-01 -4.034646e-03 7.857919e+01
8.324988e-01 -5.540206e-01 -2.620556e-03 1.242084e+01 -6.623600e-03 -5.223048e-03 -9.999644e-01 -1.802598e-01 5.539872e-01 8.324866e-01 -8.017792e-03 7.911452e+01
8.524347e-01 -5.227338e-01 -1.022314e-02 1.317435e+01 -1.438140e-02 -3.897206e-03 -9.998890e-01 -2.005669e-01 5.226359e-01 8.524871e-01 -1.083976e-02 7.959130e+01
8.705378e-01 -4.918831e-01 -1.466471e-02 1.395724e+01 -1.753783e-02 -1.229771e-03 -9.998454e-01 -2.098139e-01 4.917890e-01 8.706604e-01 -9.697127e-03 8.005704e+01
8.886987e-01 -4.582638e-01 -1.445329e-02 1.480682e+01 -1.565393e-02 1.178117e-03 -9.998768e-01 -2.248845e-01 4.582244e-01 8.888155e-01 -6.126637e-03 8.049622e+01
9.052815e-01 -4.246165e-01 -1.289240e-02 1.564098e+01 -1.175032e-02 5.308276e-03 -9.999169e-01 -2.534436e-01 4.246496e-01 9.053578e-01 -1.838973e-04 8.088911e+01
9.204078e-01 -3.907276e-01 -1.346751e-02 1.648290e+01 -1.046809e-02 9.805318e-03 -9.998971e-01 -2.688906e-01 3.908195e-01 9.204541e-01 4.934718e-03 8.127291e+01
9.347085e-01 -3.550471e-01 -1.617223e-02 1.735646e+01 -1.076579e-02 1.719780e-02 -9.997941e-01 -2.922508e-01 3.552521e-01 9.346902e-01 1.225257e-02 8.160783e+01
9.473997e-01 -3.195360e-01 -1.818434e-02 1.823538e+01 -1.145640e-02 2.292257e-02 -9.996716e-01 -2.974373e-01 3.198479e-01 9.472969e-01 1.805610e-02 8.193942e+01
9.593160e-01 -2.817942e-01 -1.746088e-02 1.916163e+01 -1.063022e-02 2.575059e-02 -9.996119e-01 -3.131121e-01 2.821345e-01 9.591293e-01 2.170742e-02 8.222576e+01
9.693885e-01 -2.449753e-01 -1.652091e-02 2.006752e+01 -1.022393e-02 2.695407e-02 -9.995844e-01 -3.252459e-01 2.453188e-01 9.691546e-01 2.362435e-02 8.248877e+01
9.777476e-01 -2.092007e-01 -1.564166e-02 2.100151e+01 -1.038716e-02 2.619223e-02 -9.996030e-01 -3.418310e-01 2.095273e-01 9.775219e-01 2.343640e-02 8.271716e+01
9.846833e-01 -1.737652e-01 -1.429501e-02 2.197523e+01 -1.002306e-02 2.543735e-02 -9.996262e-01 -3.534022e-01 1.740639e-01 9.844585e-01 2.330608e-02 8.289315e+01
9.902785e-01 -1.385520e-01 -1.232580e-02 2.291567e+01 -9.639997e-03 2.003918e-02 -9.997527e-01 -3.837843e-01 1.387647e-01 9.901524e-01 1.850872e-02 8.302708e+01
9.943169e-01 -1.053821e-01 -1.511811e-02 2.388698e+01 -1.340252e-02 1.696892e-02 -9.997662e-01 -4.044035e-01 1.056140e-01 9.942870e-01 1.546010e-02 8.314979e+01
9.969490e-01 -7.521259e-02 -2.087518e-02 2.484807e+01 -1.966499e-02 1.679512e-02 -9.996656e-01 -4.025474e-01 7.553804e-02 9.970261e-01 1.526483e-02 8.321437e+01
9.986877e-01 -4.577931e-02 -2.296070e-02 2.583366e+01 -2.243489e-02 1.196682e-02 -9.996767e-01 -4.514326e-01 4.603927e-02 9.988799e-01 1.092406e-02 8.325858e+01
9.995530e-01 -2.055216e-02 -2.171294e-02 2.682364e+01 -2.152578e-02 9.284336e-03 -9.997252e-01 -4.719073e-01 2.074810e-02 9.997457e-01 8.837785e-03 8.329356e+01
9.998204e-01 2.731297e-03 -1.875713e-02 2.780250e+01 -1.877995e-02 8.582684e-03 -9.997868e-01 -4.876179e-01 -2.569729e-03 9.999594e-01 8.632436e-03 8.326991e+01
9.996452e-01 2.085811e-02 -1.656772e-02 2.878270e+01 -1.670800e-02 6.569542e-03 -9.998388e-01 -5.079229e-01 -2.074590e-02 9.997609e-01 6.915708e-03 8.327853e+01
9.991065e-01 3.804836e-02 -1.839805e-02 2.978553e+01 -1.861521e-02 5.361066e-03 -9.998124e-01 -5.460712e-01 -3.794259e-02 9.992615e-01 6.064554e-03 8.324951e+01
9.982783e-01 5.379005e-02 -2.338815e-02 3.076908e+01 -2.351792e-02 1.780894e-03 -9.997218e-01 -5.614005e-01 -5.373344e-02 9.985507e-01 3.042858e-03 8.319424e+01
9.975295e-01 6.468679e-02 -2.739435e-02 3.175597e+01 -2.735084e-02 -1.558244e-03 -9.996247e-01 -5.920419e-01 -6.470520e-02 9.979044e-01 2.148440e-04 8.315528e+01
9.966416e-01 7.568489e-02 -3.126292e-02 3.272998e+01 -3.077983e-02 -7.541231e-03 -9.994977e-01 -6.212351e-01 -7.588264e-02 9.971033e-01 -5.186336e-03 8.307042e+01
9.960185e-01 8.174084e-02 -3.557614e-02 3.371341e+01 -3.490645e-02 -9.607772e-03 -9.993444e-01 -6.577663e-01 -8.202906e-02 9.966073e-01 -6.716236e-03 8.294762e+01
9.955751e-01 8.489122e-02 -4.029495e-02 3.469101e+01 -3.944611e-02 -1.165351e-02 -9.991537e-01 -6.909757e-01 -8.528896e-02 9.963221e-01 -8.253314e-03 8.285675e+01
9.950860e-01 8.884220e-02 -4.371388e-02 3.566111e+01 -4.276047e-02 -1.260742e-02 -9.990058e-01 -7.444165e-01 -8.930499e-02 9.959659e-01 -8.746534e-03 8.272278e+01
9.947643e-01 9.101586e-02 -4.647764e-02 3.664290e+01 -4.541454e-02 -1.371790e-02 -9.988740e-01 -7.895836e-01 -9.155095e-02 9.957550e-01 -9.512637e-03 8.262923e+01
9.942851e-01 9.438398e-02 -4.988796e-02 3.763014e+01 -4.864261e-02 -1.545091e-02 -9.986967e-01 -8.426363e-01 -9.503179e-02 9.954160e-01 -1.077152e-02 8.252724e+01
9.937857e-01 9.732688e-02 -5.401244e-02 3.866531e+01 -5.263538e-02 -1.666319e-02 -9.984748e-01 -9.022430e-01 -9.807845e-02 9.951130e-01 -1.143681e-02 8.243923e+01
9.934895e-01 9.954514e-02 -5.540165e-02 3.969355e+01 -5.382736e-02 -1.843365e-02 -9.983801e-01 -9.627624e-01 -1.004051e-01 9.948623e-01 -1.295538e-02 8.232860e+01
9.931826e-01 1.028506e-01 -5.486457e-02 4.071691e+01 -5.320774e-02 -1.878599e-02 -9.984068e-01 -1.017438e+00 -1.037174e-01 9.945194e-01 -1.318547e-02 8.222156e+01
9.930195e-01 1.046678e-01 -5.437722e-02 4.175359e+01 -5.262234e-02 -1.945744e-02 -9.984249e-01 -1.080714e+00 -1.055610e-01 9.943169e-01 -1.381375e-02 8.212058e+01
9.926953e-01 1.072774e-01 -5.520540e-02 4.277364e+01 -5.349473e-02 -1.876126e-02 -9.983919e-01 -1.141664e+00 -1.081406e-01 9.940521e-01 -1.288544e-02 8.200166e+01
9.922771e-01 1.101803e-01 -5.697745e-02 4.380625e+01 -5.535217e-02 -1.775641e-02 -9.983090e-01 -1.197002e+00 -1.110058e-01 9.937530e-01 -1.152056e-02 8.190189e+01
9.919190e-01 1.123633e-01 -5.891696e-02 4.484757e+01 -5.746669e-02 -1.610532e-02 -9.982175e-01 -1.257972e+00 -1.131119e-01 9.935367e-01 -9.518028e-03 8.177959e+01
9.913870e-01 1.152615e-01 -6.218250e-02 4.588033e+01 -6.100485e-02 -1.372018e-02 -9.980432e-01 -1.325804e+00 -1.158891e-01 9.932404e-01 -6.570498e-03 8.165423e+01
9.909747e-01 1.166562e-01 -6.603353e-02 4.691192e+01 -6.527248e-02 -1.033631e-02 -9.978139e-01 -1.399948e+00 -1.170837e-01 9.931186e-01 -2.628581e-03 8.153471e+01
9.905286e-01 1.193353e-01 -6.791279e-02 4.794498e+01 -6.746619e-02 -7.783148e-03 -9.976912e-01 -1.473288e+00 -1.195883e-01 9.928235e-01 3.416654e-04 8.139589e+01
9.901747e-01 1.229173e-01 -6.667342e-02 4.898165e+01 -6.649458e-02 -5.561175e-03 -9.977713e-01 -1.551311e+00 -1.230141e-01 9.924014e-01 2.666799e-03 8.129285e+01
9.899498e-01 1.262509e-01 -6.371841e-02 5.005100e+01 -6.383170e-02 -3.152159e-03 -9.979557e-01 -1.616932e+00 -1.261936e-01 9.919933e-01 4.938330e-03 8.119787e+01
9.897115e-01 1.292529e-01 -6.135918e-02 5.110091e+01 -6.155318e-02 -2.497079e-03 -9.981007e-01 -1.694047e+00 -1.291607e-01 9.916085e-01 5.484541e-03 8.105688e+01
9.893919e-01 1.316599e-01 -6.139454e-02 5.214626e+01 -6.167791e-02 -1.928556e-03 -9.980943e-01 -1.761042e+00 -1.315274e-01 9.912931e-01 6.212408e-03 8.094901e+01
9.890207e-01 1.332988e-01 -6.379223e-02 5.320467e+01 -6.396788e-02 -2.968792e-03 -9.979475e-01 -1.832018e+00 -1.332146e-01 9.910715e-01 5.590644e-03 8.080170e+01
9.887702e-01 1.341426e-01 -6.587332e-02 5.425994e+01 -6.607442e-02 -2.956991e-03 -9.978103e-01 -1.892919e+00 -1.340437e-01 9.909576e-01 5.939613e-03 8.065724e+01
9.886627e-01 1.344428e-01 -6.686738e-02 5.532642e+01 -6.710502e-02 -2.768268e-03 -9.977421e-01 -1.973339e+00 -1.343244e-01 9.909175e-01 6.284906e-03 8.053376e+01
9.889593e-01 1.326001e-01 -6.615750e-02 5.642211e+01 -6.680579e-02 4.412462e-04 -9.977659e-01 -2.048774e+00 -1.322746e-01 9.911695e-01 9.294827e-03 8.041265e+01
9.888065e-01 1.339685e-01 -6.568249e-02 5.750528e+01 -6.677003e-02 3.636445e-03 -9.977618e-01 -2.127652e+00 -1.334298e-01 9.909789e-01 1.254082e-02 8.028039e+01
9.888501e-01 1.332584e-01 -6.646597e-02 5.859563e+01 -6.805602e-02 7.407878e-03 -9.976540e-01 -2.208705e+00 -1.324534e-01 9.910536e-01 1.639432e-02 8.015620e+01
9.887030e-01 1.343407e-01 -6.647627e-02 5.966751e+01 -6.860320e-02 1.126053e-02 -9.975805e-01 -2.282029e+00 -1.332671e-01 9.908712e-01 2.034952e-02 8.000954e+01
9.886065e-01 1.355696e-01 -6.540702e-02 6.074325e+01 -6.795992e-02 1.428419e-02 -9.975858e-01 -2.358327e+00 -1.343081e-01 9.906648e-01 2.333475e-02 7.988111e+01
9.891195e-01 1.341664e-01 -6.034903e-02 6.182489e+01 -6.294433e-02 1.518321e-02 -9.979016e-01 -2.430433e+00 -1.329685e-01 9.908425e-01 2.346302e-02 7.972866e+01
9.896410e-01 1.336377e-01 -5.245631e-02 6.293091e+01 -5.461945e-02 1.256973e-02 -9.984281e-01 -2.500180e+00 -1.327683e-01 9.909505e-01 1.973874e-02 7.957837e+01
9.897420e-01 1.347484e-01 -4.747349e-02 6.402845e+01 -4.885857e-02 6.988961e-03 -9.987813e-01 -2.562243e+00 -1.342524e-01 9.908552e-01 1.350088e-02 7.942265e+01
9.897852e-01 1.338190e-01 -4.917087e-02 6.513887e+01 -4.973226e-02 8.537690e-04 -9.987622e-01 -2.630859e+00 -1.336114e-01 9.910054e-01 7.500171e-03 7.925350e+01
9.895392e-01 1.337107e-01 -5.416233e-02 6.622564e+01 -5.400896e-02 -4.776566e-03 -9.985290e-01 -2.689009e+00 -1.337727e-01 9.910089e-01 2.494976e-03 7.909937e+01
9.892403e-01 1.334568e-01 -5.993976e-02 6.731422e+01 -5.941304e-02 -7.929217e-03 -9.982020e-01 -2.741544e+00 -1.336921e-01 9.910229e-01 8.517049e-05 7.893394e+01
9.892371e-01 1.321781e-01 -6.276106e-02 6.844312e+01 -6.196903e-02 -1.010124e-02 -9.980270e-01 -2.828439e+00 -1.325513e-01 9.911745e-01 -1.801571e-03 7.879848e+01
9.892826e-01 1.322375e-01 -6.191297e-02 6.957748e+01 -6.146275e-02 -7.487617e-03 -9.980813e-01 -2.890456e+00 -1.324473e-01 9.911898e-01 7.203091e-04 7.865056e+01
9.895833e-01 1.321366e-01 -5.713848e-02 7.069312e+01 -5.676882e-02 -6.566190e-03 -9.983658e-01 -2.961286e+00 -1.322959e-01 9.912097e-01 1.003449e-03 7.849744e+01
9.899753e-01 1.303081e-01 -5.448547e-02 7.184718e+01 -5.437265e-02 -4.426075e-03 -9.985109e-01 -3.045234e+00 -1.303552e-01 9.914637e-01 2.703492e-03 7.837634e+01
9.899842e-01 1.300204e-01 -5.500970e-02 7.300703e+01 -5.503604e-02 -3.393264e-03 -9.984786e-01 -3.096519e+00 -1.300092e-01 9.915055e-01 3.796528e-03 7.826314e+01
9.898341e-01 1.294745e-01 -5.886199e-02 7.414285e+01 -5.895067e-02 -3.150783e-03 -9.982559e-01 -3.164500e+00 -1.294342e-01 9.915777e-01 4.513857e-03 7.812087e+01
9.896040e-01 1.296589e-01 -6.222972e-02 7.529742e+01 -6.217531e-02 -4.471441e-03 -9.980552e-01 -3.230153e+00 -1.296850e-01 9.915486e-01 3.636629e-03 7.798026e+01
9.897864e-01 1.289014e-01 -6.088824e-02 7.641837e+01 -6.102482e-02 -2.893436e-03 -9.981321e-01 -3.309721e+00 -1.288368e-01 9.916532e-01 5.002301e-03 7.782817e+01
9.900975e-01 1.292194e-01 -5.485710e-02 7.754784e+01 -5.464874e-02 -5.160352e-03 -9.984923e-01 -3.386719e+00 -1.293077e-01 9.916026e-01 1.952426e-03 7.765215e+01
9.902325e-01 1.290336e-01 -5.281899e-02 7.869598e+01 -5.267538e-02 -4.527863e-03 -9.986014e-01 -3.463539e+00 -1.290922e-01 9.916299e-01 2.313255e-03 7.750208e+01
9.901363e-01 1.289595e-01 -5.476798e-02 7.984693e+01 -5.504978e-02 -1.381054e-03 -9.984826e-01 -3.535990e+00 -1.288394e-01 9.916489e-01 5.731758e-03 7.735231e+01
9.899375e-01 1.292018e-01 -5.771220e-02 8.098539e+01 -5.812949e-02 -5.421278e-04 -9.983089e-01 -3.602374e+00 -1.290146e-01 9.916182e-01 6.973763e-03 7.719846e+01
9.901288e-01 1.277139e-01 -5.774227e-02 8.220227e+01 -5.804116e-02 -1.383187e-03 -9.983132e-01 -3.656973e+00 -1.275783e-01 9.918101e-01 6.043127e-03 7.707695e+01
9.903913e-01 1.269364e-01 -5.488513e-02 8.340334e+01 -5.523065e-02 -7.986679e-04 -9.984733e-01 -3.726907e+00 -1.267864e-01 9.919105e-01 6.219785e-03 7.694608e+01
9.905183e-01 1.265574e-01 -5.344848e-02 8.456765e+01 -5.362747e-02 -1.994918e-03 -9.985590e-01 -3.797571e+00 -1.264817e-01 9.919572e-01 4.810952e-03 7.680434e+01
9.904310e-01 1.269957e-01 -5.402380e-02 8.580151e+01 -5.401643e-02 -3.504430e-03 -9.985339e-01 -3.869577e+00 -1.269988e-01 9.918971e-01 3.388956e-03 7.667064e+01
9.905793e-01 1.257825e-01 -5.414281e-02 8.700305e+01 -5.385624e-02 -5.680327e-03 -9.985325e-01 -3.933713e+00 -1.259055e-01 9.920416e-01 1.147359e-03 7.652495e+01
9.907407e-01 1.245426e-01 -5.405544e-02 8.820039e+01 -5.375711e-02 -5.757276e-03 -9.985374e-01 -3.998913e+00 -1.246717e-01 9.921976e-01 9.910815e-04 7.636542e+01
9.910206e-01 1.225087e-01 -5.357123e-02 8.939388e+01 -5.326314e-02 -5.790840e-03 -9.985637e-01 -4.071029e+00 -1.226430e-01 9.924505e-01 7.863576e-04 7.622860e+01
9.912407e-01 1.214471e-01 -5.188878e-02 9.060538e+01 -5.141437e-02 -7.038792e-03 -9.986526e-01 -4.146891e+00 -1.216487e-01 9.925730e-01 -7.330117e-04 7.606816e+01
9.911930e-01 1.221675e-01 -5.110337e-02 9.181553e+01 -5.081403e-02 -5.484851e-03 -9.986930e-01 -4.210632e+00 -1.222881e-01 9.924943e-01 7.712770e-04 7.592565e+01
9.913395e-01 1.213791e-01 -5.013084e-02 9.304869e+01 -4.973732e-02 -6.271631e-03 -9.987426e-01 -4.276419e+00 -1.215409e-01 9.925864e-01 -1.802440e-04 7.579082e+01
9.913988e-01 1.202358e-01 -5.168942e-02 9.426955e+01 -5.124707e-02 -6.770317e-03 -9.986631e-01 -4.328115e+00 -1.204250e-01 9.927223e-01 -5.503536e-04 7.568196e+01
9.911601e-01 1.213186e-01 -5.369804e-02 9.547754e+01 -5.329064e-02 -6.602593e-03 -9.985572e-01 -4.396310e+00 -1.214981e-01 9.925917e-01 -7.908048e-05 7.554686e+01
9.916192e-01 1.180808e-01 -5.242365e-02 9.670744e+01 -5.235242e-02 -3.707038e-03 -9.986218e-01 -4.468846e+00 -1.181124e-01 9.929971e-01 2.505845e-03 7.539941e+01
9.918798e-01 1.164616e-01 -5.110061e-02 9.795090e+01 -5.131858e-02 -1.128116e-03 -9.986817e-01 -4.541216e+00 -1.163657e-01 9.931946e-01 4.857688e-03 7.525191e+01
9.921125e-01 1.143585e-01 -5.133166e-02 9.920416e+01 -5.196622e-02 2.572659e-03 -9.986455e-01 -4.613796e+00 -1.140715e-01 9.934362e-01 8.495145e-03 7.513152e+01
9.920190e-01 1.154799e-01 -5.062295e-02 1.004407e+02 -5.161781e-02 5.638976e-03 -9.986510e-01 -4.682395e+00 -1.150387e-01 9.932938e-01 1.155479e-02 7.499244e+01
9.920113e-01 1.164584e-01 -4.848725e-02 1.016900e+02 -4.961987e-02 6.844402e-03 -9.987447e-01 -4.748599e+00 -1.159803e-01 9.931720e-01 1.256837e-02 7.485284e+01
9.920174e-01 1.171500e-01 -4.666293e-02 1.029473e+02 -4.823256e-02 1.059786e-02 -9.987799e-01 -4.822541e+00 -1.165125e-01 9.930577e-01 1.616370e-02 7.470150e+01
9.918270e-01 1.190208e-01 -4.597149e-02 1.041825e+02 -4.777494e-02 1.234225e-02 -9.987819e-01 -4.885017e+00 -1.183084e-01 9.928151e-01 1.792759e-02 7.456181e+01
9.916621e-01 1.202692e-01 -4.627724e-02 1.054422e+02 -4.806255e-02 1.198457e-02 -9.987724e-01 -4.945628e+00 -1.195670e-01 9.926690e-01 1.766509e-02 7.442245e+01
9.913668e-01 1.233941e-01 -4.433705e-02 1.066834e+02 -4.626653e-02 1.281407e-02 -9.988469e-01 -5.019604e+00 -1.226837e-01 9.922750e-01 1.841246e-02 7.427825e+01
9.911970e-01 1.260563e-01 -4.047507e-02 1.079590e+02 -4.251335e-02 1.352045e-02 -9.990044e-01 -5.078889e+00 -1.253836e-01 9.919310e-01 1.876050e-02 7.415353e+01
9.907333e-01 1.298839e-01 -3.972113e-02 1.092136e+02 -4.203501e-02 1.512121e-02 -9.990017e-01 -5.141510e+00 -1.291537e-01 9.914139e-01 2.044076e-02 7.400532e+01
9.899479e-01 1.344668e-01 -4.383999e-02 1.104654e+02 -4.706019e-02 2.086210e-02 -9.986742e-01 -5.216887e+00 -1.333739e-01 9.906985e-01 2.698043e-02 7.384689e+01
9.888088e-01 1.414875e-01 -4.731234e-02 1.117230e+02 -5.071475e-02 2.053696e-02 -9.985020e-01 -5.270027e+00 -1.403039e-01 9.897270e-01 2.748263e-02 7.367706e+01
9.877671e-01 1.496762e-01 -4.374037e-02 1.129501e+02 -4.699852e-02 1.829872e-02 -9.987273e-01 -5.345214e+00 -1.486854e-01 9.885657e-01 2.510944e-02 7.350166e+01
9.862798e-01 1.599448e-01 -4.086350e-02 1.141540e+02 -4.419150e-02 1.730429e-02 -9.988732e-01 -5.410593e+00 -1.590574e-01 9.869743e-01 2.413507e-02 7.331895e+01
9.839091e-01 1.740570e-01 -4.033723e-02 1.153862e+02 -4.448484e-02 1.999234e-02 -9.988100e-01 -5.486762e+00 -1.730434e-01 9.845326e-01 2.741355e-02 7.311946e+01
9.812290e-01 1.882060e-01 -4.204926e-02 1.166251e+02 -4.553679e-02 1.424318e-02 -9.988611e-01 -5.540712e+00 -1.873927e-01 9.820263e-01 2.254612e-02 7.291275e+01
9.784843e-01 2.021929e-01 -4.106656e-02 1.178541e+02 -4.458288e-02 1.286556e-02 -9.989228e-01 -5.594396e+00 -2.014468e-01 9.792612e-01 2.160309e-02 7.267805e+01
9.750080e-01 2.182696e-01 -4.144609e-02 1.190601e+02 -4.505062e-02 1.156128e-02 -9.989178e-01 -5.677686e+00 -2.175542e-01 9.758200e-01 2.110552e-02 7.242092e+01
9.713118e-01 2.335657e-01 -4.472551e-02 1.202303e+02 -4.882517e-02 1.179715e-02 -9.987377e-01 -5.740347e+00 -2.327432e-01 9.722695e-01 2.286259e-02 7.213545e+01
9.675388e-01 2.483247e-01 -4.694176e-02 1.213957e+02 -5.156701e-02 1.215040e-02 -9.985956e-01 -5.808376e+00 -2.474056e-01 9.686006e-01 2.456134e-02 7.184130e+01
9.636388e-01 2.633904e-01 -4.500862e-02 1.225648e+02 -5.096571e-02 1.582459e-02 -9.985750e-01 -5.876747e+00 -2.623029e-01 9.645595e-01 2.867307e-02 7.155001e+01
9.594203e-01 2.791393e-01 -3.992361e-02 1.237520e+02 -4.747962e-02 2.035763e-02 -9.986647e-01 -5.937971e+00 -2.779538e-01 9.600348e-01 3.278495e-02 7.123231e+01
9.551066e-01 2.940005e-01 -3.654062e-02 1.249249e+02 -4.530286e-02 2.304646e-02 -9.987074e-01 -5.998228e+00 -2.927783e-01 9.555274e-01 3.533088e-02 7.091643e+01
9.502034e-01 3.094827e-01 -3.652379e-02 1.260706e+02 -4.729626e-02 2.737422e-02 -9.985058e-01 -6.071250e+00 -3.080204e-01 9.505110e-01 4.064845e-02 7.058099e+01
9.449893e-01 3.248482e-01 -3.832594e-02 1.272155e+02 -4.955973e-02 2.637515e-02 -9.984229e-01 -6.131083e+00 -3.233250e-01 9.453983e-01 4.102363e-02 7.021452e+01
9.397581e-01 3.394917e-01 -4.000235e-02 1.283338e+02 -5.172399e-02 2.554497e-02 -9.983346e-01 -6.201345e+00 -3.379044e-01 9.402621e-01 4.156595e-02 6.979822e+01
9.349468e-01 3.525160e-01 -4.008756e-02 1.294758e+02 -5.174922e-02 2.371583e-02 -9.983785e-01 -6.274357e+00 -3.509937e-01 9.355052e-01 4.041547e-02 6.937241e+01
9.300300e-01 3.655013e-01 -3.811938e-02 1.306052e+02 -5.026753e-02 2.377531e-02 -9.984528e-01 -6.343980e+00 -3.640294e-01 9.305071e-01 4.048460e-02 6.895446e+01
9.246355e-01 3.790981e-01 -3.652192e-02 1.317273e+02 -4.949324e-02 2.452412e-02 -9.984733e-01 -6.421566e+00 -3.776236e-01 9.250315e-01 4.143867e-02 6.852322e+01
9.187760e-01 3.929548e-01 -3.791163e-02 1.328345e+02 -5.221098e-02 2.576088e-02 -9.983038e-01 -6.482615e+00 -3.913116e-01 9.191969e-01 4.418503e-02 6.809692e+01
9.107614e-01 4.110491e-01 -3.939916e-02 1.339270e+02 -5.454223e-02 2.517205e-02 -9.981941e-01 -6.549817e+00 -4.093150e-01 9.112656e-01 4.534526e-02 6.761750e+01
9.040295e-01 4.255467e-01 -4.050582e-02 1.349977e+02 -5.640609e-02 2.482439e-02 -9.980993e-01 -6.620455e+00 -4.237323e-01 9.045959e-01 4.644541e-02 6.711871e+01
8.972257e-01 4.395235e-01 -4.248779e-02 1.360792e+02 -5.809945e-02 2.212104e-02 -9.980657e-01 -6.693979e+00 -4.377334e-01 8.979586e-01 4.538364e-02 6.660927e+01
8.897530e-01 4.541540e-01 -4.564757e-02 1.371623e+02 -6.252058e-02 2.219705e-02 -9.977968e-01 -6.774606e+00 -4.521401e-01 8.906466e-01 4.814386e-02 6.608096e+01
8.811315e-01 4.704788e-01 -4.750792e-02 1.382195e+02 -6.537860e-02 2.170571e-02 -9.976245e-01 -6.853832e+00 -4.683299e-01 8.821443e-01 4.988483e-02 6.551823e+01
8.728995e-01 4.858119e-01 -4.509214e-02 1.392896e+02 -6.389064e-02 2.219218e-02 -9.977101e-01 -6.938004e+00 -4.836987e-01 8.737816e-01 5.041037e-02 6.495102e+01
8.649598e-01 5.001743e-01 -4.086855e-02 1.403404e+02 -6.221966e-02 2.607503e-02 -9.977218e-01 -7.013663e+00 -4.979691e-01 8.655321e-01 5.367452e-02 6.435142e+01
8.554618e-01 5.163633e-01 -3.942255e-02 1.414006e+02 -6.252322e-02 2.741413e-02 -9.976670e-01 -7.106254e+00 -5.140778e-01 8.559307e-01 5.573644e-02 6.372771e+01
8.451506e-01 5.330383e-01 -3.988106e-02 1.424738e+02 -6.468580e-02 2.792914e-02 -9.975148e-01 -7.173655e+00 -5.305998e-01 8.456300e-01 5.808434e-02 6.309462e+01
8.355343e-01 5.480560e-01 -3.894960e-02 1.435026e+02 -6.496894e-02 2.815760e-02 -9.974899e-01 -7.255899e+00 -5.455836e-01 8.359675e-01 5.913325e-02 6.245884e+01
8.249030e-01 5.640135e-01 -3.773379e-02 1.445404e+02 -6.607784e-02 2.991669e-02 -9.973659e-01 -7.345808e+00 -5.613990e-01 8.252234e-01 6.194717e-02 6.177919e+01
8.141695e-01 5.794879e-01 -3.635659e-02 1.455468e+02 -6.693356e-02 3.147307e-02 -9.972609e-01 -7.437350e+00 -5.767564e-01 8.143729e-01 6.441160e-02 6.107745e+01
8.034243e-01 5.944921e-01 -3.299301e-02 1.465618e+02 -6.559972e-02 3.330711e-02 -9.972900e-01 -7.524415e+00 -5.917821e-01 8.034114e-01 6.575826e-02 6.033030e+01
7.922415e-01 6.094809e-01 -2.977416e-02 1.475577e+02 -6.301091e-02 3.317786e-02 -9.974612e-01 -7.608000e+00 -6.069458e-01 7.921062e-01 6.468882e-02 5.959127e+01
7.809945e-01 6.239220e-01 -2.772783e-02 1.485485e+02 -6.153481e-02 3.269305e-02 -9.975694e-01 -7.692458e+00 -6.214990e-01 7.808024e-01 6.392601e-02 5.883161e+01
7.697189e-01 6.378343e-01 -2.646050e-02 1.495308e+02 -6.155871e-02 3.290345e-02 -9.975610e-01 -7.774176e+00 -6.354079e-01 7.694705e-01 6.459067e-02 5.805399e+01
7.567233e-01 6.532056e-01 -2.631157e-02 1.504798e+02 -6.479174e-02 3.488822e-02 -9.972888e-01 -7.860123e+00 -6.505167e-01 7.563764e-01 6.872306e-02 5.726054e+01
7.436059e-01 6.681219e-01 -2.575667e-02 1.514070e+02 -6.795749e-02 3.720030e-02 -9.969944e-01 -7.945900e+00 -6.651556e-01 7.431213e-01 7.306625e-02 5.642902e+01
7.306103e-01 6.824421e-01 -2.194205e-02 1.523602e+02 -6.749757e-02 4.020882e-02 -9.969089e-01 -8.034858e+00 -6.794503e-01 7.298329e-01 7.544017e-02 5.559516e+01
7.169873e-01 6.969134e-01 -1.551901e-02 1.533008e+02 -6.341136e-02 4.303514e-02 -9.970592e-01 -8.118620e+00 -6.941960e-01 7.158629e-01 7.504787e-02 5.473022e+01
7.006435e-01 7.134152e-01 -1.172589e-02 1.542367e+02 -6.249144e-02 4.498522e-02 -9.970312e-01 -8.212228e+00 -7.107697e-01 6.992962e-01 7.610094e-02 5.383124e+01
6.821439e-01 7.311595e-01 -9.240621e-03 1.551507e+02 -6.365336e-02 4.678734e-02 -9.968747e-01 -8.306219e+00 -7.284421e-01 6.806002e-01 7.845646e-02 5.289257e+01
6.642903e-01 7.474592e-01 -4.807120e-03 1.560444e+02 -6.400732e-02 5.047542e-02 -9.966721e-01 -8.387451e+00 -7.447291e-01 6.623873e-01 8.137319e-02 5.197927e+01
6.427825e-01 7.660369e-01 -4.258926e-03 1.568572e+02 -6.489383e-02 4.891119e-02 -9.966928e-01 -8.457353e+00 -7.632951e-01 6.409331e-01 8.115032e-02 5.101079e+01
6.222782e-01 7.827892e-01 -3.306039e-03 1.576477e+02 -6.716435e-02 4.918353e-02 -9.965289e-01 -8.561359e+00 -7.799095e-01 6.203402e-01 8.318137e-02 5.001757e+01
6.019490e-01 7.985229e-01 -4.295344e-03 1.584316e+02 -6.750111e-02 4.552298e-02 -9.966801e-01 -8.638232e+00 -7.956764e-01 6.002406e-01 8.130370e-02 4.897614e+01
5.827755e-01 8.126196e-01 -4.714353e-03 1.592088e+02 -6.646051e-02 4.187910e-02 -9.969098e-01 -8.739159e+00 -8.099110e-01 5.812879e-01 7.841323e-02 4.796342e+01
5.629955e-01 8.264439e-01 -5.155999e-03 1.599625e+02 -6.920351e-02 4.092469e-02 -9.967628e-01 -8.842805e+00 -8.235575e-01 5.615298e-01 8.023323e-02 4.691857e+01
5.434690e-01 8.394018e-01 -6.787390e-03 1.606629e+02 -7.399378e-02 3.984974e-02 -9.964622e-01 -8.928053e+00 -8.361617e-01 5.420485e-01 8.376761e-02 4.584847e+01
5.237634e-01 8.518324e-01 -7.302834e-03 1.613678e+02 -7.441700e-02 3.721317e-02 -9.965326e-01 -9.020330e+00 -8.486071e-01 5.224908e-01 8.288171e-02 4.478291e+01
5.046290e-01 8.633115e-01 -6.544465e-03 1.620337e+02 -7.244127e-02 3.478775e-02 -9.967658e-01 -9.131123e+00 -8.602917e-01 5.034710e-01 8.009429e-02 4.364206e+01
4.847182e-01 8.746438e-01 -6.817466e-03 1.626640e+02 -7.425006e-02 3.337990e-02 -9.966809e-01 -9.230160e+00 -8.715131e-01 4.836155e-01 8.112220e-02 4.253234e+01
4.653789e-01 8.850566e-01 -9.869939e-03 1.632255e+02 -7.844821e-02 3.013719e-02 -9.964626e-01 -9.339468e+00 -8.816283e-01 4.645069e-01 8.345632e-02 4.139481e+01
4.488193e-01 8.935902e-01 -7.602393e-03 1.638124e+02 -8.008102e-02 3.174584e-02 -9.962827e-01 -9.437992e+00 -8.900271e-01 4.477597e-01 8.580776e-02 4.028601e+01
4.321588e-01 9.017843e-01 -4.882094e-03 1.643765e+02 -8.002321e-02 3.295572e-02 -9.962481e-01 -9.536427e+00 -8.982400e-01 4.309280e-01 8.640578e-02 3.916152e+01
4.181823e-01 9.083617e-01 -1.574207e-03 1.649574e+02 -7.966358e-02 3.494826e-02 -9.962090e-01 -9.661780e+00 -9.048631e-01 4.167224e-01 8.697809e-02 3.800932e+01
4.049598e-01 9.143341e-01 -9.086415e-04 1.655013e+02 -7.964922e-02 3.428672e-02 -9.962331e-01 -9.766382e+00 -9.108587e-01 4.035067e-01 8.671074e-02 3.687626e+01
3.908506e-01 9.204534e-01 1.149702e-03 1.660570e+02 -7.946566e-02 3.498772e-02 -9.962234e-01 -9.870463e+00 -9.170175e-01 3.892832e-01 8.681940e-02 3.569676e+01
3.772639e-01 9.260892e-01 5.550675e-03 1.665617e+02 -7.662218e-02 3.718572e-02 -9.963666e-01 -9.981720e+00 -9.229307e-01 3.754679e-01 8.498780e-02 3.450464e+01
3.661903e-01 9.304914e-01 9.506922e-03 1.670736e+02 -7.305184e-02 3.893122e-02 -9.965680e-01 -1.008404e+01 -9.276681e-01 3.642390e-01 8.223034e-02 3.333549e+01
3.544140e-01 9.350332e-01 1.018081e-02 1.675105e+02 -7.086591e-02 3.771397e-02 -9.967726e-01 -1.019159e+01 -9.323995e-01 3.525487e-01 7.962834e-02 3.209254e+01
3.460619e-01 9.381892e-01 6.489412e-03 1.679461e+02 -7.172716e-02 3.335267e-02 -9.968665e-01 -1.029222e+01 -9.354659e-01 3.445121e-01 7.883574e-02 3.088653e+01
3.405341e-01 9.402316e-01 1.048033e-03 1.683715e+02 -7.391397e-02 2.788141e-02 -9.968748e-01 -1.038640e+01 -9.373224e-01 3.393924e-01 7.899082e-02 2.968688e+01
3.338903e-01 9.426116e-01 -7.953989e-04 1.687461e+02 -7.518997e-02 2.579251e-02 -9.968356e-01 -1.048755e+01 -9.396083e-01 3.328935e-01 7.948681e-02 2.846269e+01
3.285767e-01 9.444751e-01 2.013890e-03 1.691534e+02 -7.399556e-02 2.786818e-02 -9.968691e-01 -1.059756e+01 -9.415742e-01 3.273990e-01 7.904380e-02 2.726817e+01
3.242568e-01 9.459243e-01 9.207628e-03 1.695828e+02 -7.064983e-02 3.392237e-02 -9.969242e-01 -1.069203e+01 -9.433271e-01 3.226089e-01 7.782895e-02 2.605602e+01
3.178982e-01 9.480079e-01 1.489388e-02 1.700361e+02 -6.876304e-02 3.872023e-02 -9.968813e-01 -1.080717e+01 -9.456280e-01 3.158826e-01 7.749699e-02 2.482784e+01
3.143524e-01 9.490606e-01 2.159841e-02 1.704630e+02 -7.034823e-02 4.597824e-02 -9.964623e-01 -1.089629e+01 -9.466962e-01 3.117209e-01 8.121811e-02 2.360415e+01
3.110285e-01 9.500949e-01 2.410307e-02 1.708926e+02 -7.313064e-02 4.921083e-02 -9.961075e-01 -1.100152e+01 -9.475828e-01 3.080551e-01 8.478701e-02 2.238489e+01
3.071576e-01 9.513627e-01 2.373043e-02 1.713148e+02 -7.562356e-02 4.925770e-02 -9.959190e-01 -1.109563e+01 -9.486492e-01 3.041095e-01 8.707531e-02 2.118032e+01
3.071478e-01 9.513833e-01 2.302248e-02 1.717014e+02 -7.717316e-02 4.901247e-02 -9.958123e-01 -1.119676e+01 -9.485276e-01 3.040849e-01 8.847533e-02 1.997835e+01
3.064741e-01 9.516391e-01 2.137023e-02 1.720997e+02 -7.836777e-02 4.759987e-02 -9.957875e-01 -1.131025e+01 -9.486475e-01 3.035083e-01 8.916596e-02 1.875421e+01
3.073463e-01 9.513833e-01 2.020092e-02 1.725117e+02 -8.002698e-02 4.699445e-02 -9.956843e-01 -1.141376e+01 -9.482267e-01 3.044032e-01 9.057990e-02 1.751697e+01
3.090786e-01 9.508532e-01 1.866845e-02 1.729219e+02 -8.170082e-02 4.610396e-02 -9.955900e-01 -1.152860e+01 -9.475207e-01 3.061903e-01 9.193524e-02 1.627540e+01
3.096369e-01 9.506976e-01 1.729301e-02 1.733207e+02 -8.148565e-02 4.465054e-02 -9.956738e-01 -1.164209e+01 -9.473569e-01 3.068883e-01 9.129367e-02 1.506479e+01
3.125449e-01 9.497374e-01 1.773764e-02 1.737148e+02 -8.116997e-02 4.530736e-02 -9.956700e-01 -1.175749e+01 -9.464286e-01 3.097518e-01 9.125074e-02 1.387367e+01
3.154378e-01 9.487531e-01 1.914389e-02 1.741214e+02 -8.123450e-02 4.709732e-02 -9.955816e-01 -1.186416e+01 -9.454628e-01 3.124889e-01 9.192776e-02 1.267044e+01
3.186634e-01 9.476561e-01 2.004023e-02 1.745392e+02 -7.835243e-02 4.740546e-02 -9.957980e-01 -1.197310e+01 -9.446240e-01 3.157542e-01 8.935754e-02 1.148067e+01
3.250360e-01 9.454564e-01 2.153683e-02 1.749576e+02 -7.498538e-02 4.846735e-02 -9.960061e-01 -1.208215e+01 -9.427242e-01 3.221229e-01 8.664904e-02 1.028426e+01
3.299115e-01 9.437321e-01 2.298080e-02 1.753698e+02 -7.229505e-02 4.953032e-02 -9.961527e-01 -1.217494e+01 -9.412395e-01 3.269808e-01 8.456778e-02 9.111623e+00
3.375897e-01 9.410639e-01 2.078345e-02 1.758069e+02 -7.089143e-02 4.743559e-02 -9.963555e-01 -1.227917e+01 -9.386200e-01 3.348860e-01 8.272713e-02 7.923439e+00
3.460672e-01 9.379929e-01 2.016713e-02 1.762248e+02 -7.135302e-02 4.774621e-02 -9.963077e-01 -1.237412e+01 -9.354925e-01 3.433504e-01 8.345203e-02 6.771695e+00
3.579699e-01 9.335316e-01 1.939693e-02 1.766743e+02 -7.185037e-02 4.825162e-02 -9.962476e-01 -1.248145e+01 -9.309646e-01 3.552330e-01 8.434722e-02 5.606228e+00
3.686444e-01 9.294072e-01 1.742344e-02 1.771241e+02 -7.147890e-02 4.702980e-02 -9.963328e-01 -1.257485e+01 -9.268183e-01 3.660471e-01 8.377028e-02 4.438754e+00
3.793265e-01 9.251221e-01 1.614358e-02 1.775729e+02 -7.174721e-02 4.680447e-02 -9.963241e-01 -1.267653e+01 -9.224769e-01 3.767738e-01 8.412910e-02 3.291752e+00
