0.000000e+00 -1.000000e+00 0.000000e+00 0.000000e+00 0.000000e+00 0.000000e+00 -1.000000e+00 0.000000e+00 1.000000e+00 0.000000e+00 0.000000e+00 0.000000e+00
4.164079e-04 -9.999999e-01 3.193076e-04 1.057529e-02 -2.588881e-03 -3.203846e-04 -9.999966e-01 -2.281765e-03 9.999965e-01 4.155798e-04 -2.589014e-03 4.531372e-01
1.189259e-03 -9.999993e-01 -1.746463e-04 -4.484495e-03 -5.370578e-03 1.682569e-04 -9.999856e-01 -2.558165e-02 9.999849e-01 1.190179e-03 -5.370374e-03 1.770459e+00
1.431169e-03 -9.999989e-01 4.281382e-04 -6.941422e-03 -1.431618e-03 -4.301871e-04 -9.999989e-01 -4.211992e-02 9.999980e-01 1.430554e-03 -1.432232e-03 2.716223e+00
8.603485e-04 -9.999974e-01 2.080645e-03 -1.550081e-04 3.603985e-03 -2.077532e-03 -9.999914e-01 -5.622286e-02 9.999931e-01 8.678397e-04 3.602189e-03 3.808145e+00
-7.681819e-04 -9.999952e-01 3.008781e-03 -2.322425e-03 4.050790e-03 -3.011869e-03 -9.999872e-01 -6.992158e-02 9.999915e-01 -7.559842e-04 4.053085e-03 4.763355e+00
-6.824359e-04 -9.999753e-01 6.991436e-03 2.021713e-03 1.777796e-03 -6.992640e-03 -9.999740e-01 -8.551773e-02 9.999982e-01 -6.699888e-04 1.782524e-03 5.714976e+00
-1.640295e-03 -9.999724e-01 7.247329e-03 2.778685e-04 -7.351104e-04 -7.246132e-03 -9.999735e-01 -9.625650e-02 9.999984e-01 -1.645579e-03 -7.232043e-04 6.632421e+00
-2.376413e-03 -9.999715e-01 7.168540e-03 -5.264365e-03 -1.074621e-03 -7.166003e-03 -9.999738e-01 -1.080486e-01 9.999966e-01 -2.384054e-03 -1.057561e-03 7.554612e+00
-2.506475e-03 -9.999745e-01 6.678970e-03 -1.311978e-02 3.971072e-05 -6.679091e-03 -9.999777e-01 -1.257122e-01 9.999968e-01 -2.506154e-03 5.645068e-05 8.477922e+00
-3.772910e-03 -9.999640e-01 7.599406e-03 -1.864749e-02 1.705274e-03 -7.605883e-03 -9.999696e-01 -1.324348e-01 9.999914e-01 -3.759837e-03 1.733909e-03 9.410655e+00
-4.913444e-03 -9.999502e-01 8.691469e-03 -2.508758e-02 3.441634e-03 -8.708432e-03 -9.999561e-01 -1.455299e-01 9.999820e-01 -4.883316e-03 3.484251e-03 1.034183e+01
-4.769172e-03 -9.999520e-01 8.565460e-03 -3.287490e-02 4.475912e-03 -8.586818e-03 -9.999531e-01 -1.555883e-01 9.999786e-01 -4.730610e-03 4.516649e-03 1.125042e+01
-6.319942e-03 -9.999432e-01 8.580106e-03 -2.448605e-02 4.753162e-03 -8.610221e-03 -9.999517e-01 -1.586914e-01 9.999687e-01 -6.278853e-03 4.807308e-03 1.217300e+01
-6.799642e-03 -9.999350e-01 9.156036e-03 -3.210940e-02 3.254458e-03 -9.178328e-03 -9.999526e-01 -1.646840e-01 9.999716e-01 -6.769522e-03 3.316656e-03 1.307650e+01
-7.519749e-03 -9.999194e-01 1.023457e-02 -4.043317e-02 1.696417e-03 -1.024760e-02 -9.999461e-01 -1.687446e-01 9.999703e-01 -7.501981e-03 1.773340e-03 1.397858e+01
-8.648522e-03 -9.999074e-01 1.050261e-02 -5.443840e-02 4.750119e-04 -1.050711e-02 -9.999447e-01 -1.732964e-01 9.999625e-01 -8.643055e-03 5.658389e-04 1.486806e+01
-1.053782e-02 -9.999108e-01 8.208921e-03 -6.581046e-02 -2.292185e-04 -8.206961e-03 -9.999663e-01 -1.875235e-01 9.999444e-01 -1.053935e-02 -1.427146e-04 1.574795e+01
-1.230276e-02 -9.999006e-01 6.881210e-03 -8.419558e-02 -1.248276e-03 -6.866367e-03 -9.999756e-01 -2.066758e-01 9.999235e-01 -1.231105e-02 -1.163677e-03 1.665200e+01
-1.359239e-02 -9.998873e-01 6.365674e-03 -1.003045e-01 -1.247345e-03 -6.349301e-03 -9.999791e-01 -2.146091e-01 9.999068e-01 -1.360004e-02 -1.160902e-03 1.754282e+01
-1.487363e-02 -9.998680e-01 6.541942e-03 -1.114475e-01 -1.772451e-04 -6.540029e-03 -9.999786e-01 -2.296467e-01 9.998894e-01 -1.487447e-02 -7.994777e-05 1.844758e+01
-1.609428e-02 -9.998483e-01 6.654715e-03 -1.320942e-01 7.424856e-04 -6.667526e-03 -9.999775e-01 -2.349363e-01 9.998702e-01 -1.608898e-02 8.496820e-04 1.934328e+01
-1.788046e-02 -9.998235e-01 5.766487e-03 -1.542701e-01 1.382999e-03 -5.792135e-03 -9.999823e-01 -2.408178e-01 9.998392e-01 -1.787217e-02 1.486321e-03 2.022893e+01
-2.006277e-02 -9.997709e-01 7.454124e-03 -1.851776e-01 1.566582e-03 -7.487051e-03 -9.999707e-01 -2.514333e-01 9.997975e-01 -2.005050e-02 1.716434e-03 2.109777e+01
-2.128403e-02 -9.997455e-01 7.474238e-03 -2.074241e-01 1.164382e-03 -7.500714e-03 -9.999712e-01 -2.581241e-01 9.997728e-01 -2.127471e-02 1.323731e-03 2.196981e+01
-2.264393e-02 -9.997218e-01 6.599706e-03 -2.151277e-01 1.603755e-03 -6.637714e-03 -9.999767e-01 -2.783374e-01 9.997423e-01 -2.263282e-02 1.753613e-03 2.282516e+01
-2.298705e-02 -9.997203e-01 5.564008e-03 -2.419429e-01 3.081633e-03 -5.636308e-03 -9.999794e-01 -2.805739e-01 9.997310e-01 -2.296943e-02 3.210333e-03 2.369054e+01
-2.443306e-02 -9.996796e-01 6.613186e-03 -2.633519e-01 5.722336e-03 -6.754905e-03 -9.999608e-01 -2.894257e-01 9.996851e-01 -2.439426e-02 5.885545e-03 2.456165e+01
-2.619387e-02 -9.996311e-01 7.174496e-03 -2.919846e-01 7.143623e-03 -7.363954e-03 -9.999474e-01 -2.973844e-01 9.996313e-01 -2.614124e-02 7.333879e-03 2.541029e+01
-2.583325e-02 -9.996311e-01 8.384693e-03 -3.150585e-01 6.213040e-03 -8.547882e-03 -9.999442e-01 -3.037633e-01 9.996470e-01 -2.577971e-02 6.431567e-03 2.622635e+01
-2.621998e-02 -9.996163e-01 8.933146e-03 -3.478810e-01 4.279660e-03 -9.048383e-03 -9.999499e-01 -3.109563e-01 9.996470e-01 -2.618044e-02 4.515267e-03 2.700771e+01
-2.680344e-02 -9.996156e-01 7.083281e-03 -3.814306e-01 2.867498e-03 -7.162682e-03 -9.999703e-01 -3.171196e-01 9.996366e-01 -2.678233e-02 3.058380e-03 2.780332e+01
-2.701417e-02 -9.996215e-01 5.202140e-03 -4.116787e-01 2.375165e-03 -5.268211e-03 -9.999833e-01 -3.236800e-01 9.996322e-01 -2.700136e-02 2.516583e-03 2.860401e+01
-2.819853e-02 -9.995863e-01 5.658212e-03 -4.371238e-01 1.631314e-03 -5.706473e-03 -9.999824e-01 -3.361124e-01 9.996010e-01 -2.818880e-02 1.791554e-03 2.939076e+01
-3.057109e-02 -9.995211e-01 4.786974e-03 -4.641392e-01 8.951536e-04 -4.816589e-03 -9.999880e-01 -3.468027e-01 9.995322e-01 -3.056644e-02 1.041973e-03 3.018573e+01
-3.232497e-02 -9.994673e-01 4.512073e-03 -4.988223e-01 6.490973e-04 -4.535425e-03 -9.999895e-01 -3.557962e-01 9.994772e-01 -3.232170e-02 7.953590e-04 3.095405e+01
-3.458426e-02 -9.993954e-01 3.565446e-03 -5.269101e-01 2.333810e-03 -3.648332e-03 -9.999906e-01 -3.667233e-01 9.993991e-01 -3.457561e-02 2.458574e-03 3.171049e+01
-3.659832e-02 -9.993215e-01 4.135151e-03 -5.555866e-01 4.827814e-03 -4.314682e-03 -9.999790e-01 -3.731604e-01 9.993184e-01 -3.657759e-02 4.982448e-03 3.246450e+01
-3.865452e-02 -9.992412e-01 4.780132e-03 -5.727031e-01 6.132354e-03 -5.020835e-03 -9.999686e-01 -3.729012e-01 9.992338e-01 -3.862399e-02 6.321779e-03 3.321397e+01
-4.064488e-02 -9.991630e-01 4.621195e-03 -6.140766e-01 6.130765e-03 -4.874317e-03 -9.999693e-01 -3.791226e-01 9.991549e-01 -4.061530e-02 6.323750e-03 3.393727e+01
-4.202766e-02 -9.991159e-01 1.026277e-03 -6.569299e-01 5.841698e-03 -1.272897e-03 -9.999821e-01 -3.880728e-01 9.990994e-01 -4.202091e-02 5.890031e-03 3.466115e+01
-4.407328e-02 -9.990281e-01 -6.580265e-04 -6.947742e-01 4.785424e-03 4.475445e-04 -9.999884e-01 -3.890567e-01 9.990168e-01 -4.407592e-02 4.761049e-03 3.535547e+01
-4.558830e-02 -9.989601e-01 -5.806496e-04 -7.322906e-01 5.737230e-03 3.194216e-04 -9.999835e-01 -3.874558e-01 9.989439e-01 -4.559088e-02 5.716702e-03 3.604325e+01
-4.611265e-02 -9.989328e-01 -2.598400e-03 -7.628801e-01 7.575481e-03 2.251396e-03 -9.999688e-01 -3.985318e-01 9.989075e-01 -4.613089e-02 7.463580e-03 3.674006e+01
-4.656672e-02 -9.989020e-01 -5.130034e-03 -8.049269e-01 8.240645e-03 4.751279e-03 -9.999548e-01 -4.022745e-01 9.988812e-01 -4.660689e-02 8.010345e-03 3.741391e+01
-4.541562e-02 -9.989297e-01 -8.762855e-03 -8.523849e-01 7.083883e-03 8.449647e-03 -9.999392e-01 -4.144383e-01 9.989431e-01 -4.547494e-02 6.692556e-03 3.807266e+01
-4.401587e-02 -9.989648e-01 -1.148595e-02 -8.912598e-01 4.580681e-03 1.129516e-02 -9.999257e-01 -4.190751e-01 9.990203e-01 -4.406521e-02 4.078773e-03 3.874219e+01
-4.219430e-02 -9.990430e-01 -1.152075e-02 -9.140261e-01 3.126010e-03 1.139895e-02 -9.999301e-01 -4.261818e-01 9.991046e-01 -4.222737e-02 2.642047e-03 3.936085e+01
-3.931208e-02 -9.991468e-01 -1.265835e-02 -9.453229e-01 3.979801e-03 1.251148e-02 -9.999138e-01 -4.284520e-01 9.992191e-01 -3.935907e-02 3.484553e-03 4.000387e+01
-3.547314e-02 -9.992340e-01 -1.652190e-02 -9.646283e-01 6.016948e-03 1.631846e-02 -9.998487e-01 -4.384784e-01 9.993525e-01 -3.556719e-02 5.433472e-03 4.065755e+01
-3.203273e-02 -9.992665e-01 -2.098533e-02 -1.003194e+00 9.196311e-03 2.070055e-02 -9.997434e-01 -4.414293e-01 9.994445e-01 -3.221750e-02 8.526471e-03 4.127673e+01
-2.826029e-02 -9.992765e-01 -2.545400e-02 -1.042946e+00 9.970937e-03 2.518110e-02 -9.996332e-01 -4.422317e-01 9.995509e-01 -2.850373e-02 9.252097e-03 4.189289e+01
-2.317001e-02 -9.993220e-01 -2.861337e-02 -1.076411e+00 9.704237e-03 2.839489e-02 -9.995497e-01 -4.369486e-01 9.996845e-01 -2.343724e-02 9.039748e-03 4.249741e+01
-1.823550e-02 -9.993330e-01 -3.163920e-02 -1.109418e+00 1.163547e-02 3.143021e-02 -9.994382e-01 -4.323419e-01 9.997660e-01 -1.859340e-02 1.105457e-02 4.308296e+01
-1.122500e-02 -9.992744e-01 -3.639559e-02 -1.106416e+00 1.315664e-02 3.624714e-02 -9.992563e-01 -4.431869e-01 9.998505e-01 -1.169549e-02 1.274022e-02 4.361074e+01
-4.539127e-03 -9.992236e-01 -3.913403e-02 -1.131625e+00 1.304361e-02 3.907195e-02 -9.991513e-01 -4.431422e-01 9.999046e-01 -5.045724e-03 1.285614e-02 4.415502e+01
2.276073e-03 -9.991326e-01 -4.157917e-02 -1.134497e+00 1.306232e-02 4.160544e-02 -9.990487e-01 -4.452323e-01 9.999121e-01 1.730788e-03 1.314569e-02 4.465549e+01
1.051031e-02 -9.988663e-01 -4.642887e-02 -1.145686e+00 1.331096e-02 4.656708e-02 -9.988265e-01 -4.476687e-01 9.998562e-01 9.879965e-03 1.378531e-02 4.512662e+01
1.876857e-02 -9.984810e-01 -5.180114e-02 -1.127741e+00 1.097726e-02 5.201294e-02 -9.985861e-01 -4.517148e-01 9.997636e-01 1.817339e-02 1.193680e-02 4.558226e+01
2.556856e-02 -9.982368e-01 -5.356897e-02 -1.135654e+00 8.223420e-03 5.379470e-02 -9.985182e-01 -4.539306e-01 9.996393e-01 2.509015e-02 9.584373e-03 4.603512e+01
3.310156e-02 -9.979147e-01 -5.541243e-02 -1.129638e+00 8.178062e-03 5.571139e-02 -9.984134e-01 -4.537884e-01 9.994186e-01 3.259588e-02 1.000514e-02 4.647015e+01
3.956823e-02 -9.977496e-01 -5.412998e-02 -1.126146e+00 9.501836e-03 5.454567e-02 -9.984661e-01 -4.565940e-01 9.991717e-01 3.899320e-02 1.163873e-02 4.689193e+01
4.911369e-02 -9.972207e-01 -5.602467e-02 -1.100051e+00 9.906231e-03 5.657596e-02 -9.983491e-01 -4.650827e-01 9.987441e-01 4.847761e-02 1.265735e-02 4.725222e+01
5.790894e-02 -9.966272e-01 -5.814438e-02 -1.096728e+00 9.917952e-03 5.881357e-02 -9.982197e-01 -4.629251e-01 9.982726e-01 5.722918e-02 1.329033e-02 4.762212e+01
6.729058e-02 -9.958147e-01 -6.184620e-02 -1.057929e+00 9.421675e-03 6.261815e-02 -9.979931e-01 -4.646671e-01 9.976889e-01 6.657284e-02 1.359585e-02 4.791729e+01
7.488056e-02 -9.950447e-01 -6.541336e-02 -1.058764e+00 9.405001e-03 6.629931e-02 -9.977555e-01 -4.646301e-01 9.971482e-01 7.409728e-02 1.432293e-02 4.823577e+01
8.444017e-02 -9.943199e-01 -6.479070e-02 -1.029341e+00 9.662896e-03 6.583700e-02 -9.977836e-01 -4.717519e-01 9.963817e-01 8.362696e-02 1.516730e-02 4.852223e+01
9.532034e-02 -9.933630e-01 -6.437469e-02 -9.878654e-01 8.024720e-03 6.543387e-02 -9.978247e-01 -4.820625e-01 9.954143e-01 9.459639e-02 1.420864e-02 4.877514e+01
1.064702e-01 -9.923110e-01 -6.311049e-02 -9.644531e-01 3.842089e-03 6.388137e-02 -9.979501e-01 -4.818934e-01 9.943085e-01 1.060095e-01 1.061401e-02 4.904129e+01
1.214577e-01 -9.905096e-01 -6.433358e-02 -9.146175e-01 5.365985e-04 6.487893e-02 -9.978930e-01 -4.848181e-01 9.925964e-01 1.211672e-01 8.411551e-03 4.928952e+01
1.357126e-01 -9.885496e-01 -6.596839e-02 -8.967509e-01 -1.754702e-03 6.634448e-02 -9.977952e-01 -4.841264e-01 9.907467e-01 1.355292e-01 7.269175e-03 4.955049e+01
1.521751e-01 -9.860353e-01 -6.765470e-02 -8.576615e-01 -3.037388e-03 6.798504e-02 -9.976817e-01 -4.864282e-01 9.883489e-01 1.520278e-01 7.350661e-03 4.981086e+01
1.701558e-01 -9.830329e-01 -6.850740e-02 -7.955135e-01 -4.120241e-03 6.881087e-02 -9.976212e-01 -4.990490e-01 9.854085e-01 1.700333e-01 7.658235e-03 5.005254e+01
1.875935e-01 -9.799057e-01 -6.777570e-02 -7.493669e-01 -5.215105e-03 6.800609e-02 -9.976712e-01 -5.019243e-01 9.822329e-01 1.875101e-01 7.647189e-03 5.029792e+01
2.073273e-01 -9.760336e-01 -6.613456e-02 -6.568151e-01 -5.739410e-03 6.638873e-02 -9.977773e-01 -5.051054e-01 9.782548e-01 2.072460e-01 8.162335e-03 5.055704e+01
2.272080e-01 -9.716182e-01 -6.583846e-02 -5.893455e-01 -6.620397e-03 6.606399e-02 -9.977934e-01 -5.075937e-01 9.738238e-01 2.271425e-01 8.577766e-03 5.079175e+01
2.474628e-01 -9.665469e-01 -6.744854e-02 -5.399212e-01 -8.679032e-03 6.739961e-02 -9.976883e-01 -5.078745e-01 9.688585e-01 2.474761e-01 8.290204e-03 5.104122e+01
2.712852e-01 -9.600399e-01 -6.875805e-02 -4.391504e-01 -1.052260e-02 6.847446e-02 -9.975974e-01 -5.150169e-01 9.624415e-01 2.713569e-01 8.473996e-03 5.127760e+01
2.960430e-01 -9.526181e-01 -6.983735e-02 -3.648304e-01 -1.115407e-02 6.966197e-02 -9.975083e-01 -5.230109e-01 9.551095e-01 2.960843e-01 9.997369e-03 5.148771e+01
3.211341e-01 -9.442811e-01 -7.215302e-02 -2.930654e-01 -1.219371e-02 7.205931e-02 -9.973258e-01 -5.283595e-01 9.469552e-01 3.211551e-01 1.162641e-02 5.173755e+01
3.493569e-01 -9.340650e-01 -7.397556e-02 -1.755361e-01 -1.310286e-02 7.407236e-02 -9.971668e-01 -5.397581e-01 9.368981e-01 3.493364e-01 1.363877e-02 5.199294e+01
3.769753e-01 -9.232204e-01 -7.452294e-02 -9.040330e-02 -1.445314e-02 7.458575e-02 -9.971098e-01 -5.463173e-01 9.261105e-01 3.769629e-01 1.477355e-02 5.222797e+01
4.067710e-01 -9.106510e-01 -7.247215e-02 4.035550e-02 -1.634885e-02 7.206250e-02 -9.972661e-01 -5.582209e-01 9.133838e-01 4.068438e-01 1.442484e-02 5.246533e+01
4.394850e-01 -8.955128e-01 -7.006912e-02 2.039305e-01 -1.873152e-02 6.885250e-02 -9.974510e-01 -5.668074e-01 8.980546e-01 4.396772e-01 1.348533e-02 5.271344e+01
4.727543e-01 -8.784850e-01 -6.904688e-02 3.404862e-01 -2.228518e-02 6.641188e-02 -9.975434e-01 -5.790167e-01 8.809124e-01 4.731317e-01 1.181930e-02 5.293439e+01
5.076253e-01 -8.587171e-01 -7.015274e-02 5.264257e-01 -2.664099e-02 6.574038e-02 -9.974810e-01 -5.902591e-01 8.611659e-01 5.082156e-01 1.049441e-02 5.316257e+01
5.428287e-01 -8.368380e-01 -7.098744e-02 7.050513e-01 -3.054409e-02 6.479732e-02 -9.974309e-01 -5.966828e-01 8.392878e-01 5.436023e-01 9.613390e-03 5.338303e+01
5.780080e-01 -8.127563e-01 -7.303391e-02 8.913175e-01 -3.396950e-02 6.545677e-02 -9.972770e-01 -6.063974e-01 8.153238e-01 5.789150e-01 1.022561e-02 5.362006e+01
6.146500e-01 -7.851966e-01 -7.531040e-02 1.120237e+00 -3.709065e-02 6.659923e-02 -9.970902e-01 -6.149715e-01 7.879274e-01 6.156548e-01 1.181177e-02 5.386813e+01
6.501387e-01 -7.557618e-01 -7.838251e-02 1.320834e+00 -3.974408e-02 6.919298e-02 -9.968113e-01 -6.203133e-01 7.587754e-01 6.511808e-01 1.494797e-02 5.409584e+01
6.861848e-01 -7.230877e-01 -7.933882e-02 1.556933e+00 -4.220144e-02 6.931271e-02 -9.967020e-01 -6.353571e-01 7.262021e-01 6.872699e-01 1.704598e-02 5.432329e+01
7.232544e-01 -6.862379e-01 -7.733361e-02 1.837383e+00 -4.284557e-02 6.717712e-02 -9.968207e-01 -6.573545e-01 6.892512e-01 7.242684e-01 1.918390e-02 5.458401e+01
7.582498e-01 -6.475995e-01 -7.531404e-02 2.128667e+00 -4.401045e-02 6.441265e-02 -9.969524e-01 -6.766585e-01 6.504771e-01 7.592536e-01 2.033973e-02 5.480243e+01
7.928246e-01 -6.047693e-01 -7.538750e-02 2.482562e+00 -4.622037e-02 6.367574e-02 -9.968997e-01 -6.939284e-01 6.076947e-01 7.938510e-01 2.253103e-02 5.502878e+01
8.260415e-01 -5.586647e-01 -7.449328e-02 2.827993e+00 -4.909966e-02 6.033885e-02 -9.969696e-01 -7.174334e-01 5.614666e-01 8.271958e-01 2.241215e-02 5.523634e+01
8.564670e-01 -5.110216e-01 -7.294670e-02 3.210190e+00 -5.074087e-02 5.728703e-02 -9.970675e-01 -7.423144e-01 5.137019e-01 8.576568e-01 2.313477e-02 5.544713e+01
8.841876e-01 -4.618394e-01 -7.011867e-02 3.628031e+00 -5.012464e-02 5.543696e-02 -9.972032e-01 -7.704893e-01 4.644349e-01 8.852294e-01 2.586714e-02 5.564118e+01
9.082633e-01 -4.129249e-01 -6.745919e-02 4.028814e+00 -4.881309e-02 5.555326e-02 -9.972618e-01 -8.012670e-01 4.155418e-01 9.090692e-01 3.030085e-02 5.581070e+01
9.292976e-01 -3.632461e-01 -6.677105e-02 4.467373e+00 -4.882162e-02 5.838352e-02 -9.970997e-01 -8.186560e-01 3.660909e-01 9.298622e-01 3.652140e-02 5.598890e+01
9.475136e-01 -3.127882e-01 -6.619328e-02 4.943137e+00 -5.078902e-02 5.715123e-02 -9.970728e-01 -8.306175e-01 3.156557e-01 9.481019e-01 3.826536e-02 5.613619e+01
9.622570e-01 -2.649730e-01 -6.205457e-02 5.406981e+00 -5.116625e-02 4.780548e-02 -9.975453e-01 -8.747540e-01 2.672891e-01 9.630701e-01 3.244348e-02 5.623563e+01
9.736218e-01 -2.211414e-01 -5.618807e-02 5.899657e+00 -4.966442e-02 3.495496e-02 -9.981541e-01 -9.022405e-01 2.226972e-01 9.746151e-01 2.305005e-02 5.632779e+01
9.823876e-01 -1.790765e-01 -5.334948e-02 6.430647e+00 -4.970238e-02 2.479452e-02 -9.984562e-01 -9.245306e-01 1.801228e-01 9.835227e-01 1.545731e-02 5.638929e+01
9.884545e-01 -1.409349e-01 -5.563315e-02 6.937601e+00 -5.312640e-02 2.149002e-02 -9.983565e-01 -9.346821e-01 1.418989e-01 9.897856e-01 1.375454e-02 5.645729e+01
9.926756e-01 -1.075490e-01 -5.503105e-02 7.463505e+00 -5.388607e-02 1.352559e-02 -9.984555e-01 -9.821801e-01 1.081272e-01 9.941078e-01 7.631130e-03 5.649785e+01
9.954728e-01 -7.841192e-02 -5.371542e-02 8.022619e+00 -5.339664e-02 6.158066e-03 -9.985544e-01 -1.023549e+00 7.862935e-02 9.969020e-01 1.943255e-03 5.652503e+01
9.972343e-01 -5.309203e-02 -5.200990e-02 8.591286e+00 -5.203116e-02 9.826445e-04 -9.986450e-01 -1.059512e+00 5.307119e-02 9.985892e-01 -1.782513e-03 5.651892e+01
9.981571e-01 -3.297068e-02 -5.094365e-02 9.165268e+00 -5.109600e-02 -3.794139e-03 -9.986866e-01 -1.093470e+00 3.273408e-02 9.994491e-01 -5.471817e-03 5.652752e+01
9.985253e-01 -1.646126e-02 -5.173346e-02 9.756015e+00 -5.183167e-02 -5.596338e-03 -9.986402e-01 -1.123757e+00 1.614936e-02 9.998488e-01 -6.441299e-03 5.651906e+01
9.987034e-01 -2.649962e-03 -5.083876e-02 1.032902e+01 -5.085838e-02 -7.951672e-03 -9.986742e-01 -1.142871e+00 2.242196e-03 9.999649e-01 -8.076135e-03 5.651282e+01
9.986280e-01 9.106000e-03 -5.156750e-02 1.093463e+01 -5.149577e-02 -7.943659e-03 -9.986416e-01 -1.171557e+00 -9.503265e-03 9.999270e-01 -7.463840e-03 5.651780e+01
9.983536e-01 1.869227e-02 -5.422823e-02 1.154602e+01 -5.398354e-02 -1.335593e-02 -9.984525e-01 -1.208149e+00 -1.938761e-02 9.997361e-01 -1.232486e-02 5.650594e+01
9.981189e-01 2.508808e-02 -5.594052e-02 1.217691e+01 -5.550928e-02 -1.756863e-02 -9.983036e-01 -1.246003e+00 -2.602831e-02 9.995309e-01 -1.614296e-02 5.647177e+01
9.980191e-01 2.956790e-02 -5.553016e-02 1.280895e+01 -5.500506e-02 -1.828657e-02 -9.983186e-01 -1.276093e+00 -3.053365e-02 9.993955e-01 -1.662396e-02 5.644877e+01
9.980690e-01 3.321198e-02 -5.248992e-02 1.346477e+01 -5.195210e-02 -1.685512e-02 -9.985073e-01 -1.303702e+00 -3.404713e-02 9.993062e-01 -1.509714e-02 5.641764e+01
9.983013e-01 3.565155e-02 -4.608101e-02 1.412962e+01 -4.555886e-02 -1.532274e-02 -9.988441e-01 -1.337419e+00 -3.631642e-02 9.992468e-01 -1.367247e-02 5.640247e+01
9.984894e-01 3.705732e-02 -4.056619e-02 1.479648e+01 -4.000375e-02 -1.579538e-02 -9.990747e-01 -1.374339e+00 -3.766379e-02 9.991883e-01 -1.428909e-02 5.637740e+01
9.985000e-01 3.847129e-02 -3.895615e-02 1.547394e+01 -3.829590e-02 -1.775260e-02 -9.991087e-01 -1.411258e+00 -3.912858e-02 9.991020e-01 -1.625268e-02 5.634651e+01
9.984215e-01 3.869418e-02 -4.070847e-02 1.617057e+01 -3.990746e-02 -2.125316e-02 -9.989773e-01 -1.452863e+00 -3.951979e-02 9.990250e-01 -1.967542e-02 5.631128e+01
9.981237e-01 3.866885e-02 -4.747346e-02 1.686491e+01 -4.663486e-02 -2.230795e-02 -9.986629e-01 -1.474754e+00 -3.967618e-02 9.990031e-01 -2.046278e-02 5.628449e+01
9.978930e-01 3.620130e-02 -5.384242e-02 1.759159e+01 -5.306333e-02 -2.214870e-02 -9.983455e-01 -1.503987e+00 -3.733394e-02 9.990990e-01 -2.018107e-02 5.626202e+01
9.978916e-01 3.386516e-02 -5.536736e-02 1.830866e+01 -5.459903e-02 -2.320742e-02 -9.982386e-01 -1.533652e+00 -3.509045e-02 9.991570e-01 -2.130948e-02 5.625359e+01
9.981937e-01 3.093162e-02 -5.150402e-02 1.905826e+01 -5.079544e-02 -2.327314e-02 -9.984379e-01 -1.574566e+00 -3.208197e-02 9.992505e-01 -2.165991e-02 5.623019e+01
9.985539e-01 2.856966e-02 -4.553988e-02 1.978888e+01 -4.489025e-02 -2.298226e-02 -9.987276e-01 -1.630994e+00 -2.957992e-02 9.993275e-01 -2.166653e-02 5.621270e+01
9.987046e-01 2.607332e-02 -4.369720e-02 2.053457e+01 -4.315707e-02 -2.093093e-02 -9.988490e-01 -1.667048e+00 -2.695793e-02 9.994409e-01 -1.977857e-02 5.619282e+01
9.985704e-01 2.265872e-02 -4.841110e-02 2.125347e+01 -4.779464e-02 -2.700018e-02 -9.984922e-01 -1.719466e+00 -2.393166e-02 9.993786e-01 -2.587861e-02 5.615626e+01
9.984053e-01 1.974655e-02 -5.288666e-02 2.197609e+01 -5.228553e-02 -2.981006e-02 -9.981871e-01 -1.753242e+00 -2.128731e-02 9.993605e-01 -2.873006e-02 5.614104e+01
9.983844e-01 1.693837e-02 -5.423746e-02 2.272978e+01 -5.379817e-02 -2.539480e-02 -9.982288e-01 -1.780172e+00 -1.828572e-02 9.995340e-01 -2.444251e-02 5.615651e+01
9.985948e-01 1.288070e-02 -5.140662e-02 2.348786e+01 -5.113856e-02 -2.034133e-02 -9.984844e-01 -1.813441e+00 -1.390685e-02 9.997101e-01 -1.965405e-02 5.616202e+01
9.988280e-01 8.382926e-03 -4.766936e-02 2.424174e+01 -4.745718e-02 -2.391125e-02 -9.985870e-01 -1.876572e+00 -9.510915e-03 9.996789e-01 -2.348540e-02 5.615664e+01
9.988051e-01 6.115349e-03 -4.848621e-02 2.498416e+01 -4.829866e-02 -2.778698e-02 -9.984463e-01 -1.934448e+00 -7.453133e-03 9.995952e-01 -2.745841e-02 5.614831e+01
9.986058e-01 3.727556e-03 -5.265434e-02 2.570694e+01 -5.253335e-02 -2.732067e-02 -9.982454e-01 -1.981752e+00 -5.159567e-03 9.996198e-01 -2.708676e-02 5.614105e+01
9.985437e-01 1.069849e-03 -5.393816e-02 2.640693e+01 -5.389688e-02 -2.405419e-02 -9.982567e-01 -1.997631e+00 -2.365422e-03 9.997101e-01 -2.396150e-02 5.615181e+01
9.985645e-01 -3.224547e-03 -5.346587e-02 2.713969e+01 -5.352533e-02 -2.263365e-02 -9.983100e-01 -2.042875e+00 2.008970e-03 9.997386e-01 -2.277375e-02 5.615681e+01
9.986503e-01 -6.819650e-03 -5.148926e-02 2.788910e+01 -5.165178e-02 -2.630216e-02 -9.983187e-01 -2.087874e+00 5.453906e-03 9.996307e-01 -2.661890e-02 5.614775e+01
9.986124e-01 -1.072567e-02 -5.155792e-02 2.864678e+01 -5.186256e-02 -3.038443e-02 -9.981919e-01 -2.147753e+00 9.139717e-03 9.994807e-01 -3.089852e-02 5.616209e+01
9.985302e-01 -1.313846e-02 -5.258155e-02 2.938155e+01 -5.298511e-02 -3.253174e-02 -9.980652e-01 -2.199545e+00 1.140247e-02 9.993843e-01 -3.318007e-02 5.616414e+01
9.985166e-01 -1.561919e-02 -5.215955e-02 3.011887e+01 -5.265103e-02 -3.290920e-02 -9.980705e-01 -2.248501e+00 1.387252e-02 9.993363e-01 -3.368274e-02 5.617543e+01
9.985234e-01 -1.973572e-02 -5.061224e-02 3.083906e+01 -5.129157e-02 -3.558549e-02 -9.980495e-01 -2.276918e+00 1.789616e-02 9.991717e-01 -3.654522e-02 5.620425e+01
9.984812e-01 -2.377100e-02 -4.970128e-02 3.157944e+01 -5.061690e-02 -3.960738e-02 -9.979324e-01 -2.324795e+00 2.175331e-02 9.989325e-01 -4.075044e-02 5.621270e+01
9.983896e-01 -2.666009e-02 -5.007393e-02 3.232022e+01 -5.105428e-02 -3.745789e-02 -9.979932e-01 -2.362727e+00 2.473093e-02 9.989425e-01 -3.875869e-02 5.623108e+01
9.982175e-01 -3.059268e-02 -5.124473e-02 3.308255e+01 -5.227995e-02 -3.405640e-02 -9.980516e-01 -2.401268e+00 2.878786e-02 9.989516e-01 -3.559507e-02 5.626601e+01
9.981220e-01 -3.387839e-02 -5.103666e-02 3.386003e+01 -5.223299e-02 -3.541988e-02 -9.980066e-01 -2.447677e+00 3.200315e-02 9.987981e-01 -3.712293e-02 5.629466e+01
9.980504e-01 -3.653554e-02 -5.060194e-02 3.461282e+01 -5.181876e-02 -3.316358e-02 -9.981057e-01 -2.489443e+00 3.478819e-02 9.987819e-01 -3.499215e-02 5.631817e+01
9.979837e-01 -3.758054e-02 -5.114909e-02 3.538094e+01 -5.235263e-02 -3.177130e-02 -9.981231e-01 -2.540008e+00 3.588494e-02 9.987884e-01 -3.367468e-02 5.636188e+01
9.978303e-01 -4.103009e-02 -5.149047e-02 3.609431e+01 -5.273544e-02 -2.986069e-02 -9.981620e-01 -2.583879e+00 3.941713e-02 9.987116e-01 -3.195964e-02 5.639537e+01
9.975960e-01 -4.440505e-02 -5.320058e-02 3.686868e+01 -5.448289e-02 -2.818418e-02 -9.981169e-01 -2.626064e+00 4.282201e-02 9.986160e-01 -3.053574e-02 5.644730e+01
9.973334e-01 -4.663042e-02 -5.613949e-02 3.761670e+01 -5.745357e-02 -2.733456e-02 -9.979739e-01 -2.674731e+00 4.500139e-02 9.985381e-01 -2.994075e-02 5.648611e+01
9.970712e-01 -4.995080e-02 -5.791290e-02 3.836875e+01 -5.932627e-02 -2.729134e-02 -9.978655e-01 -2.719971e+00 4.826366e-02 9.983788e-01 -3.017481e-02 5.652525e+01
9.967970e-01 -5.277189e-02 -6.009126e-02 3.913916e+01 -6.133978e-02 -2.236523e-02 -9.978663e-01 -2.766473e+00 5.131534e-02 9.983561e-01 -2.553061e-02 5.657143e+01
9.966359e-01 -5.596892e-02 -5.987046e-02 3.992525e+01 -6.094837e-02 -1.775318e-02 -9.979830e-01 -2.811353e+00 5.479314e-02 9.982747e-01 -2.110467e-02 5.663096e+01
9.963124e-01 -6.067625e-02 -6.066279e-02 4.072778e+01 -6.199640e-02 -2.034170e-02 -9.978691e-01 -2.872571e+00 5.931297e-02 9.979502e-01 -2.402839e-02 5.668922e+01
9.960238e-01 -6.439396e-02 -6.156364e-02 4.151817e+01 -6.292599e-02 -1.934501e-02 -9.978307e-01 -2.933063e+00 6.306332e-02 9.977371e-01 -2.332014e-02 5.674370e+01
9.957790e-01 -6.737435e-02 -6.232906e-02 4.230875e+01 -6.354050e-02 -1.598776e-02 -9.978512e-01 -2.981792e+00 6.623308e-02 9.975997e-01 -2.020128e-02 5.681059e+01
9.955391e-01 -7.148562e-02 -6.157777e-02 4.311008e+01 -6.283519e-02 -1.547427e-02 -9.979039e-01 -3.023704e+00 7.038291e-02 9.973216e-01 -1.989705e-02 5.687511e+01
9.952171e-01 -7.634991e-02 -6.093828e-02 4.389173e+01 -6.243481e-02 -1.736763e-02 -9.978979e-01 -3.093988e+00 7.513106e-02 9.969298e-01 -2.205146e-02 5.694145e+01
9.944966e-01 -8.173688e-02 -6.554097e-02 4.469111e+01 -6.681266e-02 -1.291870e-02 -9.976819e-01 -3.138311e+00 8.070070e-02 9.965702e-01 -1.830866e-02 5.702010e+01
9.934613e-01 -8.769183e-02 -7.310873e-02 4.547959e+01 -7.429931e-02 -1.038622e-02 -9.971819e-01 -3.203539e+00 8.668538e-02 9.960935e-01 -1.683375e-02 5.709068e+01
9.925178e-01 -9.441241e-02 -7.742496e-02 4.627854e+01 -7.854711e-02 -8.222315e-03 -9.968765e-01 -3.267487e+00 9.348090e-02 9.954992e-01 -1.557662e-02 5.717415e+01
9.915175e-01 -1.020516e-01 -8.048931e-02 4.708742e+01 -8.120516e-02 -2.872902e-03 -9.966933e-01 -3.336679e+00 1.014830e-01 9.947749e-01 -1.113565e-02 5.727494e+01
9.908240e-01 -1.095299e-01 -7.918949e-02 4.790894e+01 -7.969095e-02 -2.014281e-04 -9.968196e-01 -3.404631e+00 1.091656e-01 9.939835e-01 -8.928121e-03 5.737449e+01
9.900316e-01 -1.173270e-01 -7.792191e-02 4.871894e+01 -7.845289e-02 9.298101e-05 -9.969178e-01 -3.480376e+00 1.169726e-01 9.930933e-01 -9.112585e-03 5.748257e+01
9.893811e-01 -1.244159e-01 -7.513727e-02 4.953263e+01 -7.571056e-02 1.206495e-04 -9.971299e-01 -3.547125e+00 1.240679e-01 9.922301e-01 -9.300231e-03 5.758291e+01
9.888116e-01 -1.320091e-01 -6.946471e-02 5.033953e+01 -6.980243e-02 2.073157e-03 -9.975587e-01 -3.615251e+00 1.318308e-01 9.912463e-01 -7.164594e-03 5.769542e+01
9.882278e-01 -1.393340e-01 -6.318155e-02 5.115005e+01 -6.318688e-02 4.389909e-03 -9.979920e-01 -3.675313e+00 1.393315e-01 9.902357e-01 -4.465848e-03 5.781227e+01
9.874519e-01 -1.460507e-01 -6.006642e-02 5.196093e+01 -6.015553e-02 3.810420e-03 -9.981818e-01 -3.737945e+00 1.460140e-01 9.892697e-01 -5.023152e-03 5.793624e+01
9.862569e-01 -1.537577e-01 -6.046440e-02 5.277040e+01 -6.059371e-02 3.849460e-03 -9.981551e-01 -3.798218e+00 1.537068e-01 9.881011e-01 -5.520193e-03 5.808572e+01
9.850353e-01 -1.590281e-01 -6.644900e-02 5.355919e+01 -6.671782e-02 3.654042e-03 -9.977652e-01 -3.852425e+00 1.589155e-01 9.872673e-01 -7.010647e-03 5.821784e+01
9.840178e-01 -1.638271e-01 -6.978317e-02 5.432560e+01 -6.982111e-02 5.533768e-03 -9.975442e-01 -3.910243e+00 1.638110e-01 9.864736e-01 -5.993266e-03 5.834184e+01
9.830883e-01 -1.685331e-01 -7.165162e-02 5.510623e+01 -7.149314e-02 7.015977e-03 -9.974164e-01 -3.975586e+00 1.686004e-01 9.856710e-01 -5.151633e-03 5.848131e+01
9.821776e-01 -1.736143e-01 -7.200818e-02 5.587047e+01 -7.146480e-02 9.387234e-03 -9.973990e-01 -4.035090e+00 1.738387e-01 9.847690e-01 -3.187381e-03 5.862116e+01
9.816765e-01 -1.777524e-01 -6.866848e-02 5.663698e+01 -6.852654e-02 6.945134e-03 -9.976251e-01 -4.100314e+00 1.778072e-01 9.840508e-01 -5.362882e-03 5.875572e+01
9.811299e-01 -1.823189e-01 -6.437284e-02 5.742144e+01 -6.421400e-02 6.780554e-03 -9.979131e-01 -4.161092e+00 1.823749e-01 9.832161e-01 -5.054819e-03 5.890231e+01
9.807780e-01 -1.861860e-01 -5.838932e-02 5.817338e+01 -5.794820e-02 7.815327e-03 -9.982890e-01 -4.232379e+00 1.863237e-01 9.824834e-01 -3.124041e-03 5.905692e+01
9.802516e-01 -1.896756e-01 -5.594616e-02 5.889128e+01 -5.522685e-02 9.079993e-03 -9.984325e-01 -4.270822e+00 1.898862e-01 9.818048e-01 -1.574507e-03 5.920995e+01
9.795303e-01 -1.937028e-01 -5.476800e-02 5.962320e+01 -5.389873e-02 9.758929e-03 -9.984987e-01 -4.327481e+00 1.939465e-01 9.810117e-01 -8.811709e-04 5.935802e+01
9.790484e-01 -1.955394e-01 -5.681979e-02 6.033153e+01 -5.556948e-02 1.187879e-02 -9.983842e-01 -4.372728e+00 1.958984e-01 9.806239e-01 7.638850e-04 5.950798e+01
9.782534e-01 -1.983374e-01 -6.068424e-02 6.102290e+01 -5.879163e-02 1.542284e-02 -9.981511e-01 -4.427880e+00 1.989066e-01 9.800125e-01 3.426870e-03 5.967394e+01
9.775583e-01 -2.003068e-01 -6.524629e-02 6.171386e+01 -6.318909e-02 1.665354e-02 -9.978626e-01 -4.476157e+00 2.009652e-01 9.795917e-01 3.622596e-03 5.982410e+01
9.769648e-01 -2.016193e-01 -6.992491e-02 6.239287e+01 -6.749605e-02 1.890523e-02 -9.975404e-01 -4.529347e+00 2.024453e-01 9.792815e-01 4.861237e-03 5.996873e+01
9.764485e-01 -2.035345e-01 -7.156818e-02 6.308793e+01 -6.922162e-02 1.863419e-02 -9.974273e-01 -4.584179e+00 2.043444e-01 9.788904e-01 4.106347e-03 6.011918e+01
9.759632e-01 -2.055484e-01 -7.242671e-02 6.374870e+01 -6.962944e-02 2.081952e-02 -9.973556e-01 -4.634918e+00 2.065127e-01 9.784255e-01 6.006869e-03 6.027303e+01
9.761145e-01 -2.056791e-01 -6.997629e-02 6.440227e+01 -6.727914e-02 2.008685e-02 -9.975320e-01 -4.692970e+00 2.065771e-01 9.784133e-01 5.769152e-03 6.043015e+01
9.761622e-01 -2.062243e-01 -6.766722e-02 6.505116e+01 -6.507383e-02 1.934054e-02 -9.976930e-01 -4.741044e+00 2.070573e-01 9.783136e-01 5.459696e-03 6.057627e+01
9.763018e-01 -2.057916e-01 -6.696730e-02 6.568288e+01 -6.435335e-02 1.937684e-02 -9.977390e-01 -4.788486e+00 2.066240e-01 9.784040e-01 5.674263e-03 6.070950e+01
9.765013e-01 -2.053701e-01 -6.533185e-02 6.630936e+01 -6.255059e-02 2.001300e-02 -9.978411e-01 -4.837142e+00 2.062342e-01 9.784797e-01 6.696696e-03 6.084890e+01
9.767001e-01 -2.044277e-01 -6.531572e-02 6.693383e+01 -6.248235e-02 2.029130e-02 -9.978397e-01 -4.882643e+00 2.053114e-01 9.786713e-01 7.045390e-03 6.097951e+01
9.770709e-01 -2.016312e-01 -6.839035e-02 6.755412e+01 -6.548265e-02 2.106402e-02 -9.976314e-01 -4.924721e+00 2.025942e-01 9.792350e-01 7.377701e-03 6.111533e+01
9.774531e-01 -1.987096e-01 -7.141332e-02 6.816625e+01 -6.859559e-02 2.103720e-02 -9.974227e-01 -4.987963e+00 1.996998e-01 9.798326e-01 6.932278e-03 6.123917e+01
9.776955e-01 -1.972645e-01 -7.209952e-02 6.876884e+01 -6.954876e-02 1.983741e-02 -9.973813e-01 -5.035639e+00 1.981782e-01 9.801496e-01 5.675440e-03 6.137510e+01
9.780275e-01 -1.957802e-01 -7.164076e-02 6.935597e+01 -6.897569e-02 2.040587e-02 -9.974096e-01 -5.079937e+00 1.967350e-01 9.804355e-01 6.453429e-03 6.149917e+01
9.786203e-01 -1.936747e-01 -6.922759e-02 6.994885e+01 -6.668256e-02 1.963717e-02 -9.975810e-01 -5.128549e+00 1.945656e-01 9.808692e-01 6.302607e-03 6.161526e+01
9.791711e-01 -1.921304e-01 -6.564954e-02 7.054514e+01 -6.326423e-02 1.853030e-02 -9.978248e-01 -5.175619e+00 1.929289e-01 9.811944e-01 5.989354e-03 6.173988e+01
9.796342e-01 -1.903167e-01 -6.400345e-02 7.111134e+01 -6.232816e-02 1.478171e-02 -9.979463e-01 -5.219413e+00 1.908719e-01 9.816115e-01 2.618579e-03 6.185286e+01
9.799668e-01 -1.881022e-01 -6.544237e-02 7.166637e+01 -6.409656e-02 1.323518e-02 -9.978560e-01 -5.259498e+00 1.885650e-01 9.820603e-01 9.133332e-04 6.196854e+01
9.804950e-01 -1.851508e-01 -6.594534e-02 7.218151e+01 -6.520672e-02 1.008247e-02 -9.978209e-01 -5.313687e+00 1.854123e-01 9.826584e-01 -2.187272e-03 6.204438e+01
9.806906e-01 -1.832532e-01 -6.829502e-02 7.272784e+01 -6.758874e-02 1.010470e-02 -9.976621e-01 -5.346797e+00 1.835149e-01 9.830138e-01 -2.476273e-03 6.213854e+01
9.806395e-01 -1.828049e-01 -7.020309e-02 7.328071e+01 -6.932276e-02 1.120938e-02 -9.975313e-01 -5.392552e+00 1.831405e-01 9.830853e-01 -1.680177e-03 6.224979e+01
9.808224e-01 -1.820078e-01 -6.971689e-02 7.382407e+01 -6.916915e-02 9.363319e-03 -9.975610e-01 -5.428284e+00 1.822167e-01 9.832525e-01 -3.405571e-03 6.233596e+01
9.809783e-01 -1.818362e-01 -6.794965e-02 7.436194e+01 -6.837062e-02 3.959694e-03 -9.976521e-01 -5.475736e+00 1.816783e-01 9.833209e-01 -8.547876e-03 6.242842e+01
9.808926e-01 -1.828965e-01 -6.632168e-02 7.487971e+01 -6.783419e-02 -2.019046e-03 -9.976946e-01 -5.513227e+00 1.823409e-01 9.831301e-01 -1.438710e-02 6.250835e+01
9.805213e-01 -1.851986e-01 -6.541684e-02 7.543381e+01 -6.755412e-02 -5.247068e-03 -9.977018e-01 -5.557991e+00 1.844298e-01 9.826871e-01 -1.765579e-02 6.259413e+01
9.798796e-01 -1.886075e-01 -6.529298e-02 7.598682e+01 -6.730042e-02 -4.251916e-03 -9.977237e-01 -5.599633e+00 1.879006e-01 9.820433e-01 -1.685973e-02 6.270033e+01
9.788868e-01 -1.936407e-01 -6.545116e-02 7.654211e+01 -6.750210e-02 -4.005235e-03 -9.977111e-01 -5.641146e+00 1.929353e-01 9.810643e-01 -1.699183e-02 6.281477e+01
9.776480e-01 -2.000262e-01 -6.476118e-02 7.710132e+01 -6.709274e-02 -4.892366e-03 -9.977347e-01 -5.683046e+00 1.992563e-01 9.797783e-01 -1.820332e-02 6.292075e+01
9.762532e-01 -2.066456e-01 -6.501765e-02 7.765300e+01 -6.682658e-02 -1.778202e-03 -9.977630e-01 -5.725702e+00 2.060677e-01 9.784142e-01 -1.554539e-02 6.305498e+01
9.746848e-01 -2.144122e-01 -6.337920e-02 7.822623e+01 -6.542047e-02 -2.430361e-03 -9.978548e-01 -5.766521e+00 2.137982e-01 9.767402e-01 -1.639578e-02 6.317489e+01
9.726775e-01 -2.234625e-01 -6.295282e-02 7.880298e+01 -6.465729e-02 -3.114613e-04 -9.979075e-01 -5.813741e+00 2.229753e-01 9.747125e-01 -1.475143e-02 6.331091e+01
9.704331e-01 -2.328959e-01 -6.339740e-02 7.938120e+01 -6.464431e-02 2.282791e-03 -9.979057e-01 -5.845604e+00 2.325529e-01 9.724990e-01 -1.284010e-02 6.346482e+01
9.679731e-01 -2.421072e-01 -6.642481e-02 7.997623e+01 -6.685953e-02 6.429297e-03 -9.977417e-01 -5.887488e+00 2.419875e-01 9.702282e-01 -9.963783e-03 6.362673e+01
9.655760e-01 -2.508859e-01 -6.869705e-02 8.057221e+01 -6.821845e-02 1.061456e-02 -9.976140e-01 -5.921673e+00 2.510165e-01 9.679585e-01 -6.865887e-03 6.378411e+01
9.624623e-01 -2.619661e-01 -7.099345e-02 8.117432e+01 -6.999180e-02 1.316471e-02 -9.974607e-01 -5.969828e+00 2.622355e-01 9.649873e-01 -5.664944e-03 6.395548e+01
9.593459e-01 -2.726241e-01 -7.301719e-02 8.178347e+01 -7.156683e-02 1.527408e-02 -9.973189e-01 -6.021336e+00 2.730084e-01 9.619994e-01 -4.857718e-03 6.414483e+01
9.565779e-01 -2.819519e-01 -7.390431e-02 8.240290e+01 -7.176614e-02 1.791776e-02 -9.972605e-01 -6.065867e+00 2.825037e-01 9.592612e-01 -3.094864e-03 6.432829e+01
9.538971e-01 -2.907929e-01 -7.429495e-02 8.303120e+01 -7.165534e-02 1.973105e-02 -9.972343e-01 -6.110746e+00 2.914546e-01 9.565825e-01 -2.015472e-03 6.452551e+01
9.508875e-01 -3.003112e-01 -7.500762e-02 8.365763e+01 -7.136378e-02 2.310064e-02 -9.971828e-01 -6.167522e+00 3.011979e-01 9.535615e-01 5.347682e-04 6.474651e+01
9.463024e-01 -3.153703e-01 -7.108682e-02 8.433482e+01 -6.676875e-02 2.448992e-02 -9.974679e-01 -6.212726e+00 3.163126e-01 9.486526e-01 2.117991e-03 6.499008e+01
9.438111e-01 -3.239557e-01 -6.537138e-02 8.497691e+01 -6.169526e-02 2.161677e-02 -9.978609e-01 -6.258619e+00 3.246758e-01 9.458253e-01 4.156216e-04 6.522050e+01
9.406683e-01 -3.335651e-01 -6.226894e-02 8.566370e+01 -5.859874e-02 2.106372e-02 -9.980594e-01 -6.311408e+00 3.342294e-01 9.424917e-01 2.674829e-04 6.545927e+01
9.364867e-01 -3.457650e-01 -5.864476e-02 8.634937e+01 -5.504024e-02 2.024315e-02 -9.982789e-01 -6.352061e+00 3.463571e-01 9.381028e-01 -7.354409e-05 6.572440e+01
9.336097e-01 -3.538695e-01 -5.611775e-02 8.703474e+01 -5.430226e-02 1.506616e-02 -9.984109e-01 -6.391323e+00 3.541526e-01 9.351735e-01 -5.150000e-03 6.598319e+01
9.304644e-01 -3.627265e-01 -5.162866e-02 8.772697e+01 -5.180673e-02 9.243326e-03 -9.986144e-01 -6.425980e+00 3.627011e-01 9.318498e-01 -1.019109e-02 6.625488e+01
9.274787e-01 -3.714520e-01 -4.250436e-02 8.845522e+01 -4.552219e-02 6.445528e-04 -9.989631e-01 -6.466369e+00 3.710943e-01 9.284520e-01 -1.631150e-02 6.653037e+01
9.248601e-01 -3.784018e-01 -3.802511e-02 8.917973e+01 -4.310149e-02 -4.951179e-03 -9.990584e-01 -6.521220e+00 3.778573e-01 9.256282e-01 -2.088883e-02 6.682954e+01
9.219403e-01 -3.854244e-01 -3.839477e-02 8.991219e+01 -4.462644e-02 -7.232029e-03 -9.989775e-01 -6.559138e+00 3.847526e-01 9.227111e-01 -2.386761e-02 6.712998e+01
9.189268e-01 -3.921778e-01 -4.207404e-02 9.063148e+01 -5.051376e-02 -1.122136e-02 -9.986603e-01 -6.602084e+00 3.911802e-01 9.198210e-01 -3.012198e-02 6.742503e+01
9.151848e-01 -4.005316e-01 -4.484674e-02 9.132947e+01 -5.581674e-02 -1.575753e-02 -9.983167e-01 -6.635525e+00 3.991507e-01 9.161474e-01 -3.677741e-02 6.773323e+01
9.126142e-01 -4.059021e-01 -4.877236e-02 9.204811e+01 -5.894589e-02 -1.259215e-02 -9.981818e-01 -6.691068e+00 4.045499e-01 9.138298e-01 -3.541803e-02 6.806780e+01
9.105583e-01 -4.102592e-01 -5.070399e-02 9.274416e+01 -5.829293e-02 -6.001711e-03 -9.982815e-01 -6.738252e+00 4.092498e-01 9.119492e-01 -2.938011e-02 6.839141e+01
9.082851e-01 -4.147852e-01 -5.451068e-02 9.343929e+01 -6.027574e-02 -8.100700e-04 -9.981815e-01 -6.789773e+00 4.139868e-01 9.099190e-01 -2.573726e-02 6.870894e+01
9.059647e-01 -4.195487e-01 -5.662914e-02 9.412926e+01 -6.218944e-02 4.244590e-04 -9.980643e-01 -6.852613e+00 4.187606e-01 9.077327e-01 -2.570696e-02 6.903547e+01
9.041026e-01 -4.229606e-01 -6.085144e-02 9.479317e+01 -6.526893e-02 4.046180e-03 -9.978595e-01 -6.902129e+00 4.223015e-01 9.061390e-01 -2.394802e-02 6.936601e+01
9.023997e-01 -4.261235e-01 -6.398191e-02 9.546290e+01 -6.726071e-02 7.366977e-03 -9.977083e-01 -6.960680e+00 4.256183e-01 9.046350e-01 -2.201341e-02 6.969368e+01
9.006959e-01 -4.297787e-01 -6.353813e-02 9.613367e+01 -6.666078e-02 7.803464e-03 -9.977452e-01 -7.020046e+00 4.293054e-01 9.029005e-01 -2.162084e-02 7.001172e+01
8.991472e-01 -4.334739e-01 -6.028781e-02 9.679221e+01 -6.383782e-02 6.376436e-03 -9.979399e-01 -7.079914e+00 4.329654e-01 9.011436e-01 -2.193868e-02 7.032264e+01
8.974078e-01 -4.374121e-01 -5.770645e-02 9.742268e+01 -6.086037e-02 6.816399e-03 -9.981230e-01 -7.130791e+00 4.369844e-01 8.992354e-01 -2.050397e-02 7.064729e+01
8.959615e-01 -4.406089e-01 -5.582810e-02 9.804063e+01 -5.878568e-02 6.946071e-03 -9.982464e-01 -7.180797e+00 4.402241e-01 8.976723e-01 -1.967808e-02 7.094870e+01
8.941985e-01 -4.438966e-01 -5.800811e-02 9.866215e+01 -5.998529e-02 9.601818e-03 -9.981531e-01 -7.228000e+00 4.436337e-01 8.960266e-01 -1.804134e-02 7.125873e+01
8.926362e-01 -4.469278e-01 -5.878903e-02 9.926456e+01 -6.116384e-02 9.127749e-03 -9.980860e-01 -7.275800e+00 4.466091e-01 8.945234e-01 -1.918807e-02 7.158144e+01
8.915312e-01 -4.492956e-01 -5.749401e-02 9.985059e+01 -6.055845e-02 7.560926e-03 -9.981360e-01 -7.319388e+00 4.488928e-01 8.933511e-01 -2.046784e-02 7.189159e+01
8.909646e-01 -4.505761e-01 -5.624333e-02 1.004431e+02 -6.022349e-02 5.511588e-03 -9.981697e-01 -7.370976e+00 4.500614e-01 8.927210e-01 -2.222464e-02 7.218488e+01
8.896846e-01 -4.531368e-01 -5.593138e-02 1.010359e+02 -5.937493e-02 6.634873e-03 -9.982137e-01 -7.418424e+00 4.526984e-01 8.914163e-01 -2.100202e-02 7.247823e+01
8.885525e-01 -4.555339e-01 -5.443661e-02 1.016139e+02 -5.899283e-02 4.221635e-03 -9.982495e-01 -7.460386e+00 4.549663e-01 8.902084e-01 -2.312209e-02 7.277242e+01
8.873213e-01 -4.576794e-01 -5.648416e-02 1.021613e+02 -6.101133e-02 4.897760e-03 -9.981251e-01 -7.501221e+00 4.570979e-01 8.891038e-01 -2.357774e-02 7.306493e+01
8.858912e-01 -4.603810e-01 -5.697462e-02 1.027190e+02 -6.228140e-02 3.668883e-03 -9.980519e-01 -7.551497e+00 4.596931e-01 8.877138e-01 -2.542294e-02 7.334544e+01
8.842556e-01 -4.636402e-01 -5.594531e-02 1.032586e+02 -6.224715e-02 1.713294e-03 -9.980593e-01 -7.596589e+00 4.628362e-01 8.860219e-01 -2.734529e-02 7.363379e+01
