0.000000e+00 -1.000000e+00 0.000000e+00 0.000000e+00 0.000000e+00 0.000000e+00 -1.000000e+00 0.000000e+00 1.000000e+00 0.000000e+00 0.000000e+00 0.000000e+00
5.566292e-04 -9.999997e-01 5.159043e-04 1.132639e-02 1.610913e-03 -5.150071e-04 -9.999986e-01 -3.210878e-03 9.999986e-01 5.574595e-04 1.610626e-03 5.005295e-01
1.409399e-03 -9.999967e-01 2.168430e-03 2.345149e-02 1.825021e-03 -2.165857e-03 -9.999960e-01 -1.350683e-02 9.999973e-01 1.413350e-03 1.821962e-03 1.567456e+00
5.667872e-04 -9.999951e-01 3.096602e-03 1.533446e-02 5.655248e-04 -3.096282e-03 -9.999951e-01 -4.073858e-02 9.999997e-01 5.685356e-04 5.637671e-04 3.518265e+00
1.319235e-03 -9.999934e-01 3.388561e-03 1.639288e-02 7.833201e-04 -3.387530e-03 -9.999940e-01 -5.482547e-02 9.999988e-01 1.321882e-03 7.788460e-04 4.816596e+00
-4.043425e-04 -9.999952e-01 3.059707e-03 -1.026097e-02 1.632343e-03 -3.060363e-03 -9.999940e-01 -6.783844e-02 9.999986e-01 -3.993455e-04 1.633573e-03 6.443850e+00
-2.126466e-05 -9.999918e-01 4.035581e-03 -1.198315e-02 2.943935e-03 -4.035627e-03 -9.999875e-01 -9.039959e-02 9.999956e-01 -9.383908e-06 2.943997e-03 7.817979e+00
-1.157238e-05 -9.999937e-01 3.531270e-03 -1.906060e-03 3.161257e-03 -3.531289e-03 -9.999888e-01 -1.007122e-01 9.999950e-01 -4.089933e-07 3.161278e-03 9.142486e+00
-1.185743e-03 -9.999959e-01 2.605224e-03 -1.407932e-02 1.721412e-03 -2.607264e-03 -9.999951e-01 -1.208003e-01 9.999978e-01 -1.181252e-03 1.724497e-03 1.048359e+01
-3.162773e-04 -9.999999e-01 1.428507e-04 -2.750127e-02 4.496719e-04 -1.429929e-04 -9.999999e-01 -1.388482e-01 9.999998e-01 -3.162130e-04 4.497171e-04 1.182277e+01
-8.306698e-04 -9.999955e-01 -2.888622e-03 -4.107635e-02 -3.488026e-04 2.888912e-03 -9.999958e-01 -1.576421e-01 9.999996e-01 -8.296588e-04 -3.512008e-04 1.316645e+01
-6.078624e-04 -9.999901e-01 -4.411594e-03 -7.226296e-02 1.450208e-05 4.411586e-03 -9.999903e-01 -1.748591e-01 9.999998e-01 -6.079205e-04 1.182029e-05 1.450641e+01
-3.034243e-04 -9.999869e-01 -5.109656e-03 -8.842241e-02 5.141189e-04 5.109500e-03 -9.999868e-01 -1.913672e-01 9.999998e-01 -3.060473e-04 5.125619e-04 1.584146e+01
6.118554e-04 -9.999928e-01 -3.744143e-03 -7.528906e-02 3.116460e-03 3.746032e-03 -9.999881e-01 -2.081838e-01 9.999949e-01 6.001797e-04 3.118730e-03 1.718246e+01
1.123555e-03 -9.999993e-01 -7.892041e-05 -7.067960e-02 4.850587e-03 8.436944e-05 -9.999883e-01 -2.217943e-01 9.999876e-01 1.123159e-03 4.850679e-03 1.854481e+01
-5.325746e-07 -9.999992e-01 1.276635e-03 -7.391120e-02 3.298573e-03 -1.276630e-03 -9.999937e-01 -2.406140e-01 9.999946e-01 3.678502e-06 3.298571e-03 1.989962e+01
9.549428e-04 -9.999970e-01 2.251800e-03 -7.810501e-02 1.024213e-03 -2.250822e-03 -9.999970e-01 -2.482181e-01 9.999990e-01 9.572462e-04 1.022061e-03 2.126438e+01
1.310152e-03 -9.999992e-01 -4.856701e-05 -7.364430e-02 4.170530e-04 4.911345e-05 -9.999999e-01 -2.742840e-01 9.999990e-01 1.310131e-03 4.171170e-04 2.260784e+01
1.601437e-03 -9.999976e-01 -1.480659e-03 -9.729305e-02 1.883183e-03 1.483674e-03 -9.999971e-01 -2.797452e-01 9.999970e-01 1.598645e-03 1.885554e-03 2.396331e+01
1.792521e-03 -9.999968e-01 -1.754483e-03 -9.907701e-02 6.036622e-03 1.765274e-03 -9.999802e-01 -2.934440e-01 9.999802e-01 1.781894e-03 6.039768e-03 2.530785e+01
1.960447e-03 -9.999980e-01 -1.822319e-04 -1.063825e-01 7.326247e-03 1.965901e-04 -9.999731e-01 -2.977780e-01 9.999713e-01 1.959059e-03 7.326618e-03 2.667856e+01
2.411448e-03 -9.999928e-01 2.926494e-03 -1.109829e-01 6.659728e-03 -2.910378e-03 -9.999736e-01 -3.219283e-01 9.999749e-01 2.430874e-03 6.652662e-03 2.804604e+01
2.007013e-03 -9.999927e-01 3.247120e-03 -1.090686e-01 4.168316e-03 -3.238733e-03 -9.999861e-01 -3.179765e-01 9.999893e-01 2.020521e-03 4.161785e-03 2.944175e+01
3.485921e-03 -9.999882e-01 3.390941e-03 -1.147891e-01 2.206712e-03 -3.383260e-03 -9.999918e-01 -3.383543e-01 9.999915e-01 3.493375e-03 2.194892e-03 3.084527e+01
3.350143e-03 -9.999925e-01 1.945234e-03 -1.207123e-01 9.066405e-04 -1.942207e-03 -9.999977e-01 -3.481007e-01 9.999940e-01 3.351899e-03 9.001270e-04 3.224223e+01
4.308860e-03 -9.999906e-01 3.896379e-04 -1.276938e-01 -8.690626e-04 -3.933861e-04 -9.999995e-01 -3.824968e-01 9.999903e-01 4.308519e-03 -8.707495e-04 3.360511e+01
4.669597e-03 -9.999891e-01 1.486802e-04 -1.267341e-01 -6.320038e-04 -1.516330e-04 -9.999998e-01 -3.935964e-01 9.999889e-01 4.669503e-03 -6.327050e-04 3.499479e+01
4.154974e-03 -9.999912e-01 -4.996149e-04 -1.335663e-01 6.914311e-04 5.024920e-04 -9.999996e-01 -4.142649e-01 9.999911e-01 4.154627e-03 6.935128e-04 3.637487e+01
3.486749e-03 -9.999923e-01 -1.825567e-03 -1.472857e-01 1.769135e-03 1.831744e-03 -9.999968e-01 -4.326139e-01 9.999924e-01 3.483508e-03 1.775508e-03 3.776495e+01
2.899678e-03 -9.999854e-01 -4.563592e-03 -1.516956e-01 1.615553e-03 4.568290e-03 -9.999883e-01 -4.467401e-01 9.999945e-01 2.892272e-03 1.628776e-03 3.916267e+01
2.670860e-03 -9.999734e-01 -6.781157e-03 -1.564282e-01 1.553594e-03 6.785322e-03 -9.999758e-01 -4.642990e-01 9.999952e-01 2.660260e-03 1.571675e-03 4.056445e+01
3.046878e-03 -9.999585e-01 -8.582076e-03 -1.665849e-01 2.573251e-03 8.589928e-03 -9.999598e-01 -4.758494e-01 9.999921e-01 3.024672e-03 2.599317e-03 4.197902e+01
2.445223e-03 -9.999549e-01 -9.182252e-03 -1.772160e-01 2.587957e-03 9.188577e-03 -9.999545e-01 -4.876520e-01 9.999937e-01 2.421349e-03 2.610308e-03 4.339047e+01
2.791198e-03 -9.999642e-01 -7.993274e-03 -1.783969e-01 3.280435e-03 8.002418e-03 -9.999626e-01 -5.029870e-01 9.999907e-01 2.764872e-03 3.302654e-03 4.479605e+01
2.063548e-03 -9.999704e-01 -7.406594e-03 -1.677060e-01 2.685802e-03 7.412125e-03 -9.999689e-01 -5.153160e-01 9.999943e-01 2.043591e-03 2.701018e-03 4.621120e+01
1.851424e-03 -9.999659e-01 -8.047774e-03 -1.761629e-01 3.149605e-03 8.053578e-03 -9.999626e-01 -5.346991e-01 9.999933e-01 1.826007e-03 3.164408e-03 4.760556e+01
1.043382e-03 -9.999692e-01 -7.771571e-03 -1.923275e-01 3.671533e-03 7.775353e-03 -9.999630e-01 -5.423765e-01 9.999927e-01 1.014809e-03 3.679533e-03 4.900535e+01
3.932025e-04 -9.999678e-01 -8.015521e-03 -1.974250e-01 3.575331e-03 8.016877e-03 -9.999615e-01 -5.607347e-01 9.999935e-01 3.645292e-04 3.578369e-03 5.040460e+01
-7.493992e-04 -9.999704e-01 -7.660687e-03 -1.980169e-01 3.521167e-03 7.658003e-03 -9.999645e-01 -5.708227e-01 9.999935e-01 -7.763472e-04 3.515324e-03 5.183382e+01
-2.089719e-03 -9.999689e-01 -7.610381e-03 -2.017197e-01 4.473801e-03 7.600972e-03 -9.999611e-01 -5.846209e-01 9.999878e-01 -2.123685e-03 4.457778e-03 5.324995e+01
-2.621765e-03 -9.999638e-01 -8.089022e-03 -2.113882e-01 5.996026e-03 8.073185e-03 -9.999495e-01 -6.053058e-01 9.999786e-01 -2.670135e-03 5.974643e-03 5.467460e+01
-4.260033e-03 -9.999685e-01 -6.692881e-03 -2.076511e-01 6.803497e-03 6.663804e-03 -9.999546e-01 -6.196687e-01 9.999678e-01 -4.305375e-03 6.774895e-03 5.609875e+01
-4.828050e-03 -9.999812e-01 -3.770604e-03 -2.255637e-01 6.664848e-03 3.738385e-03 -9.999708e-01 -6.280984e-01 9.999661e-01 -4.853040e-03 6.646675e-03 5.753906e+01
-4.007582e-03 -9.999870e-01 -3.143933e-03 -2.400043e-01 6.901319e-03 3.116225e-03 -9.999713e-01 -6.370310e-01 9.999682e-01 -4.029164e-03 6.888741e-03 5.894732e+01
-3.266506e-03 -9.999933e-01 -1.632984e-03 -2.562848e-01 7.396748e-03 1.608786e-03 -9.999713e-01 -6.443331e-01 9.999673e-01 -3.278491e-03 7.391443e-03 6.036808e+01
-2.824601e-03 -9.999951e-01 -1.360327e-03 -2.641326e-01 8.308638e-03 1.336816e-03 -9.999646e-01 -6.635687e-01 9.999615e-01 -2.835803e-03 8.304821e-03 6.178960e+01
-2.518049e-03 -9.999968e-01 2.037057e-04 -2.754844e-01 7.814900e-03 -2.233785e-04 -9.999694e-01 -6.727386e-01 9.999663e-01 -2.516380e-03 7.815437e-03 6.320370e+01
-3.044722e-03 -9.999942e-01 1.495700e-03 -2.808845e-01 7.264103e-03 -1.517784e-03 -9.999725e-01 -6.880681e-01 9.999690e-01 -3.033774e-03 7.268683e-03 6.464910e+01
-2.460875e-03 -9.999934e-01 2.681071e-03 -2.831589e-01 6.840314e-03 -2.697849e-03 -9.999729e-01 -6.919739e-01 9.999736e-01 -2.442469e-03 6.846908e-03 6.608987e+01
-1.932542e-03 -9.999965e-01 1.814923e-03 -2.994216e-01 7.014099e-03 -1.828437e-03 -9.999737e-01 -7.006984e-01 9.999735e-01 -1.919761e-03 7.017608e-03 6.749175e+01
-1.249233e-03 -9.999992e-01 3.214251e-04 -3.056242e-01 8.261979e-03 -3.317355e-04 -9.999658e-01 -7.123196e-01 9.999651e-01 -1.246535e-03 8.262386e-03 6.886533e+01
-6.777963e-04 -9.999954e-01 -2.967004e-03 -3.284660e-01 9.616012e-03 2.960350e-03 -9.999494e-01 -7.268564e-01 9.999535e-01 -7.062927e-04 9.613961e-03 7.028184e+01
5.601100e-04 -9.999594e-01 -8.989727e-03 -3.444334e-01 1.055904e-02 8.995141e-03 -9.999038e-01 -7.484087e-01 9.999441e-01 4.651333e-04 1.056365e-02 7.170715e+01
6.971653e-04 -9.999366e-01 -1.123992e-02 -3.556296e-01 9.742597e-03 1.124618e-02 -9.998893e-01 -7.471231e-01 9.999523e-01 5.875822e-04 9.749820e-03 7.309743e+01
2.027163e-03 -9.998999e-01 -1.400633e-02 -3.594455e-01 9.175798e-03 1.402437e-02 -9.998596e-01 -7.525295e-01 9.999558e-01 1.898359e-03 9.203308e-03 7.447539e+01
3.310970e-03 -9.998849e-01 -1.480618e-02 -3.697719e-01 8.688743e-03 1.483447e-02 -9.998522e-01 -7.528273e-01 9.999568e-01 3.181834e-03 8.736860e-03 7.586804e+01
3.251472e-03 -9.998035e-01 -1.955327e-02 -3.751419e-01 1.016955e-02 1.958543e-02 -9.997565e-01 -7.770583e-01 9.999430e-01 3.051832e-03 1.023123e-02 7.726582e+01
3.664649e-03 -9.998089e-01 -1.920143e-02 -3.837995e-01 1.020954e-02 1.923797e-02 -9.997628e-01 -7.855971e-01 9.999412e-01 3.467741e-03 1.027809e-02 7.864692e+01
2.856687e-03 -9.998123e-01 -1.916291e-02 -3.837413e-01 9.735825e-03 1.918988e-02 -9.997684e-01 -7.966035e-01 9.999485e-01 2.669459e-03 9.788818e-03 8.006561e+01
2.386430e-03 -9.998439e-01 -1.750755e-02 -3.805730e-01 9.138907e-03 1.752868e-02 -9.998046e-01 -8.025376e-01 9.999554e-01 2.225964e-03 9.179312e-03 8.144707e+01
2.214768e-03 -9.998654e-01 -1.626093e-02 -3.880578e-01 9.573700e-03 1.628142e-02 -9.998216e-01 -8.079959e-01 9.999517e-01 2.058696e-03 9.608471e-03 8.280180e+01
8.879724e-04 -9.998738e-01 -1.586299e-02 -3.832458e-01 9.617303e-03 1.587080e-02 -9.998278e-01 -8.173007e-01 9.999533e-01 7.352603e-04 9.630183e-03 8.418122e+01
1.860302e-07 -9.998839e-01 -1.523275e-02 -3.924553e-01 9.220295e-03 1.523211e-02 -9.998415e-01 -8.242592e-01 9.999575e-01 -1.402645e-04 9.219227e-03 8.555694e+01
-3.270916e-04 -9.998937e-01 -1.457603e-02 -3.985641e-01 9.716286e-03 1.457216e-02 -9.998466e-01 -8.336065e-01 9.999527e-01 -4.686663e-04 9.710487e-03 8.692626e+01
-1.440759e-03 -9.999032e-01 -1.383803e-02 -4.046934e-01 1.113031e-02 1.382116e-02 -9.998425e-01 -8.429182e-01 9.999370e-01 -1.594554e-03 1.110932e-02 8.830768e+01
-3.045549e-03 -9.999235e-01 -1.198536e-02 -4.118109e-01 1.163639e-02 1.194916e-02 -9.998609e-01 -8.448214e-01 9.999276e-01 -3.184592e-03 1.159911e-02 8.966944e+01
-4.558359e-03 -9.999377e-01 -1.018608e-02 -4.157719e-01 1.224675e-02 1.012960e-02 -9.998737e-01 -8.496357e-01 9.999146e-01 -4.682530e-03 1.219981e-02 9.104857e+01
-4.950925e-03 -9.999623e-01 -7.130446e-03 -4.197750e-01 1.189162e-02 7.071156e-03 -9.999043e-01 -8.458226e-01 9.999170e-01 -5.035243e-03 1.185616e-02 9.239727e+01
-5.199449e-03 -9.999670e-01 -6.243865e-03 -4.348976e-01 1.176302e-02 6.182357e-03 -9.999117e-01 -8.618380e-01 9.999173e-01 -5.272436e-03 1.173049e-02 9.376237e+01
-5.573680e-03 -9.999636e-01 -6.452837e-03 -4.543729e-01 1.135428e-02 6.389237e-03 -9.999151e-01 -8.725320e-01 9.999200e-01 -5.646475e-03 1.131825e-02 9.513416e+01
-6.117914e-03 -9.999635e-01 -5.973764e-03 -4.751124e-01 1.098447e-02 5.906314e-03 -9.999222e-01 -8.734583e-01 9.999210e-01 -6.183057e-03 1.094793e-02 9.647855e+01
-5.287899e-03 -9.999732e-01 -5.069236e-03 -4.875769e-01 1.038426e-02 5.014122e-03 -9.999335e-01 -8.828462e-01 9.999321e-01 -5.340188e-03 1.035746e-02 9.782755e+01
-4.464965e-03 -9.999738e-01 -5.694849e-03 -4.966795e-01 1.030298e-02 5.648601e-03 -9.999310e-01 -8.907613e-01 9.999369e-01 -4.523330e-03 1.027749e-02 9.914815e+01
-4.101750e-03 -9.999651e-01 -7.272302e-03 -5.060521e-01 1.172926e-02 7.223753e-03 -9.999051e-01 -9.114941e-01 9.999228e-01 -4.186659e-03 1.169922e-02 1.004936e+02
-4.412417e-03 -9.999580e-01 -8.024498e-03 -5.160059e-01 1.300877e-02 7.966499e-03 -9.998837e-01 -9.121392e-01 9.999056e-01 -4.516293e-03 1.297307e-02 1.018312e+02
-4.675399e-03 -9.999549e-01 -8.260251e-03 -5.315361e-01 1.208304e-02 8.203247e-03 -9.998934e-01 -9.167702e-01 9.999161e-01 -4.774709e-03 1.204415e-02 1.031571e+02
-4.075045e-03 -9.999655e-01 -7.238083e-03 -5.331591e-01 9.630225e-03 7.198565e-03 -9.999277e-01 -9.200382e-01 9.999453e-01 -4.144454e-03 9.600558e-03 1.045113e+02
-3.622836e-03 -9.999757e-01 -5.946443e-03 -5.459517e-01 8.381822e-03 5.915908e-03 -9.999474e-01 -9.260778e-01 9.999583e-01 -3.672488e-03 8.360187e-03 1.058690e+02
-3.711634e-03 -9.999837e-01 -4.341414e-03 -5.534269e-01 9.529145e-03 4.305878e-03 -9.999453e-01 -9.364821e-01 9.999477e-01 -3.752801e-03 9.513007e-03 1.072011e+02
-2.945837e-03 -9.999891e-01 -3.629141e-03 -5.601878e-01 1.159144e-02 3.594766e-03 -9.999263e-01 -9.441717e-01 9.999285e-01 -2.987687e-03 1.158073e-02 1.085194e+02
-2.231548e-03 -9.999952e-01 -2.122320e-03 -5.692104e-01 1.248434e-02 2.094300e-03 -9.999199e-01 -9.464824e-01 9.999196e-01 -2.257865e-03 1.247961e-02 1.098419e+02
-1.182620e-03 -9.999992e-01 -3.923688e-04 -5.791140e-01 1.199086e-02 3.781602e-04 -9.999281e-01 -9.498438e-01 9.999274e-01 -1.187240e-03 1.199040e-02 1.111699e+02
-9.697163e-04 -9.999962e-01 -2.552285e-03 -5.889098e-01 9.947887e-03 2.542513e-03 -9.999473e-01 -9.558545e-01 9.999501e-01 -9.950551e-04 9.945383e-03 1.124775e+02
-9.369979e-04 -9.999902e-01 -4.327151e-03 -6.060351e-01 7.902990e-03 4.319613e-03 -9.999595e-01 -9.683358e-01 9.999683e-01 -9.711573e-04 7.898865e-03 1.138208e+02
4.079892e-04 -9.999775e-01 -6.695013e-03 -6.184787e-01 7.649490e-03 6.697938e-03 -9.999483e-01 -9.738247e-01 9.999707e-01 3.567547e-04 7.652050e-03 1.151147e+02
1.325960e-03 -9.999650e-01 -8.258499e-03 -6.165637e-01 9.271219e-03 8.270444e-03 -9.999228e-01 -9.925638e-01 9.999561e-01 1.249291e-03 9.281862e-03 1.164511e+02
1.957163e-03 -9.999644e-01 -8.207170e-03 -6.228233e-01 1.094493e-02 8.228115e-03 -9.999062e-01 -9.965602e-01 9.999382e-01 1.867153e-03 1.096065e-02 1.177519e+02
3.459592e-03 -9.999570e-01 -8.597891e-03 -6.129552e-01 1.123345e-02 8.636262e-03 -9.998996e-01 -1.001686e+00 9.999309e-01 3.362661e-03 1.126284e-02 1.190938e+02
4.587973e-03 -9.999480e-01 -9.111053e-03 -6.167290e-01 1.129183e-02 9.162373e-03 -9.998943e-01 -1.000859e+00 9.999257e-01 4.484607e-03 1.133328e-02 1.204507e+02
6.582266e-03 -9.999289e-01 -9.944174e-03 -6.239513e-01 1.207707e-02 1.002316e-02 -9.998769e-01 -1.006712e+00 9.999054e-01 6.461359e-03 1.214218e-02 1.217959e+02
7.885100e-03 -9.998959e-01 -1.208622e-02 -6.073535e-01 1.191350e-02 1.217967e-02 -9.998549e-01 -1.004620e+00 9.998980e-01 7.739967e-03 1.200829e-02 1.231264e+02
8.904900e-03 -9.998814e-01 -1.256588e-02 -6.062239e-01 1.087294e-02 1.266246e-02 -9.998607e-01 -1.005035e+00 9.999012e-01 8.767032e-03 1.098441e-02 1.244434e+02
9.673016e-03 -9.998599e-01 -1.366407e-02 -5.993718e-01 9.875740e-03 1.375957e-02 -9.998566e-01 -1.004857e+00 9.999045e-01 9.536686e-03 1.000745e-02 1.257771e+02
1.131179e-02 -9.998533e-01 -1.286410e-02 -6.012154e-01 9.479742e-03 1.297157e-02 -9.998710e-01 -1.010702e+00 9.998911e-01 1.118839e-02 9.625083e-03 1.271461e+02
1.172281e-02 -9.998469e-01 -1.299074e-02 -5.924308e-01 1.027636e-02 1.311141e-02 -9.998612e-01 -1.015545e+00 9.998785e-01 1.158768e-02 1.042849e-02 1.284587e+02
1.264765e-02 -9.998384e-01 -1.277937e-02 -5.821458e-01 1.166909e-02 1.292711e-02 -9.998484e-01 -1.022110e+00 9.998519e-01 1.249661e-02 1.183070e-02 1.298161e+02
1.267427e-02 -9.998453e-01 -1.220062e-02 -5.671487e-01 1.241620e-02 1.235803e-02 -9.998465e-01 -1.030250e+00 9.998426e-01 1.252084e-02 1.257090e-02 1.311247e+02
1.373006e-02 -9.998539e-01 -1.018285e-02 -5.506144e-01 1.313544e-02 1.036329e-02 -9.998600e-01 -1.033719e+00 9.998195e-01 1.359439e-02 1.327581e-02 1.324875e+02
1.325190e-02 -9.998778e-01 -8.293871e-03 -5.332025e-01 1.321819e-02 8.469050e-03 -9.998768e-01 -1.037132e+00 9.998248e-01 1.314064e-02 1.332880e-02 1.338407e+02
1.262449e-02 -9.998811e-01 -8.850865e-03 -5.198172e-01 1.314474e-02 9.016758e-03 -9.998729e-01 -1.043460e+00 9.998339e-01 1.250655e-02 1.325701e-02 1.351479e+02
1.190951e-02 -9.998984e-01 -7.835675e-03 -5.178100e-01 1.286703e-02 7.988828e-03 -9.998853e-01 -1.040374e+00 9.998463e-01 1.180732e-02 1.296086e-02 1.364998e+02
1.069331e-02 -9.999332e-01 -4.397108e-03 -5.002608e-01 1.342294e-02 4.540506e-03 -9.998996e-01 -1.039238e+00 9.998527e-01 1.063322e-02 1.347060e-02 1.378346e+02
9.606266e-03 -9.999425e-01 -4.760605e-03 -4.813022e-01 1.364418e-02 4.891456e-03 -9.998950e-01 -1.042622e+00 9.998608e-01 9.540303e-03 1.369039e-02 1.391737e+02
8.327723e-03 -9.999546e-01 -4.641243e-03 -4.711813e-01 1.419694e-02 4.759167e-03 -9.998879e-01 -1.045280e+00 9.998645e-01 8.260897e-03 1.423592e-02 1.405278e+02
7.371882e-03 -9.999629e-01 -4.464740e-03 -4.732344e-01 1.416695e-02 4.568852e-03 -9.998892e-01 -1.040024e+00 9.998724e-01 7.307814e-03 1.420010e-02 1.418961e+02
6.298023e-03 -9.999779e-01 -2.109112e-03 -4.677649e-01 1.396215e-02 2.196884e-03 -9.999001e-01 -1.037273e+00 9.998827e-01 6.267946e-03 1.397568e-02 1.432647e+02
5.683619e-03 -9.999836e-01 6.688485e-04 -4.574766e-01 1.179708e-02 -6.017616e-04 -9.999302e-01 -1.040962e+00 9.999143e-01 5.691113e-03 1.179346e-02 1.445816e+02
4.254838e-03 -9.999685e-01 6.701051e-03 -4.410956e-01 1.046650e-02 -6.656212e-03 -9.999231e-01 -1.042536e+00 9.999362e-01 4.324647e-03 1.043785e-02 1.459200e+02
3.104243e-03 -9.999232e-01 1.200061e-02 -4.336375e-01 1.333277e-02 -1.195822e-02 -9.998396e-01 -1.056014e+00 9.999063e-01 3.263746e-03 1.329462e-02 1.472472e+02
1.307689e-03 -9.998156e-01 1.916090e-02 -4.258300e-01 1.487757e-02 -1.913934e-02 -9.997061e-01 -1.057941e+00 9.998885e-01 1.592372e-03 1.484980e-02 1.485945e+02
-2.072716e-04 -9.997126e-01 2.397181e-02 -4.139874e-01 1.169995e-02 -2.397260e-02 -9.996442e-01 -1.055081e+00 9.999315e-01 7.327111e-05 1.170155e-02 1.499458e+02
6.474211e-04 -9.996808e-01 2.525908e-02 -4.152681e-01 8.799805e-03 -2.525242e-02 -9.996424e-01 -1.057735e+00 9.999611e-01 8.694645e-04 8.780646e-03 1.512845e+02
8.567647e-04 -9.997135e-01 2.391896e-02 -4.171456e-01 6.610674e-03 -2.391278e-02 -9.996922e-01 -1.058065e+00 9.999778e-01 1.014621e-03 6.588292e-03 1.526209e+02
2.024027e-03 -9.997673e-01 2.147550e-02 -4.291895e-01 6.967229e-03 -2.146093e-02 -9.997454e-01 -1.076918e+00 9.999737e-01 2.173137e-03 6.922171e-03 1.539484e+02
2.261296e-03 -9.997826e-01 2.072869e-02 -4.256320e-01 9.796860e-03 -2.070560e-02 -9.997376e-01 -1.092796e+00 9.999495e-01 2.463779e-03 9.747908e-03 1.552970e+02
2.814460e-03 -9.997297e-01 2.307768e-02 -4.213353e-01 1.295140e-02 -2.303939e-02 -9.996507e-01 -1.106477e+00 9.999121e-01 3.112365e-03 1.288306e-02 1.566520e+02
2.926022e-03 -9.996282e-01 2.710675e-02 -4.089880e-01 1.424192e-02 -2.706246e-02 -9.995323e-01 -1.102520e+00 9.998943e-01 3.310706e-03 1.415744e-02 1.580040e+02
2.653107e-03 -9.996048e-01 2.798781e-02 -4.017178e-01 1.442629e-02 -2.794674e-02 -9.995053e-01 -1.102307e+00 9.998924e-01 3.055555e-03 1.434644e-02 1.593370e+02
4.073984e-03 -9.995546e-01 2.956369e-02 -3.905858e-01 1.462142e-02 -2.950124e-02 -9.994578e-01 -1.092135e+00 9.998848e-01 4.504038e-03 1.449472e-02 1.606692e+02
5.344865e-03 -9.995567e-01 2.928936e-02 -3.966467e-01 1.394822e-02 -2.921240e-02 -9.994759e-01 -1.086866e+00 9.998884e-01 5.750599e-03 1.378590e-02 1.620033e+02
6.403069e-03 -9.996070e-01 2.729014e-02 -4.065926e-01 1.277538e-02 -2.720670e-02 -9.995482e-01 -1.092196e+00 9.998979e-01 6.748817e-03 1.259615e-02 1.633965e+02
6.057445e-03 -9.996791e-01 2.459586e-02 -3.992146e-01 1.212482e-02 -2.452108e-02 -9.996258e-01 -1.094425e+00 9.999081e-01 6.353399e-03 1.197240e-02 1.647748e+02
6.336076e-03 -9.997965e-01 1.915589e-02 -3.913289e-01 1.395931e-02 -1.906598e-02 -9.997208e-01 -1.106799e+00 9.998825e-01 6.601710e-03 1.383566e-02 1.661270e+02
5.836609e-03 -9.998507e-01 1.626131e-02 -3.848479e-01 1.433646e-02 -1.617625e-02 -9.997663e-01 -1.117101e+00 9.998802e-01 6.068375e-03 1.423991e-02 1.674780e+02
6.129114e-03 -9.998467e-01 1.640249e-02 -3.949297e-01 1.219403e-02 -1.632685e-02 -9.997923e-01 -1.108982e+00 9.999068e-01 6.327854e-03 1.209209e-02 1.688052e+02
5.865834e-03 -9.998689e-01 1.509595e-02 -3.982591e-01 9.379697e-03 -1.504053e-02 -9.998429e-01 -1.101099e+00 9.999388e-01 6.006508e-03 9.290242e-03 1.701609e+02
5.561446e-03 -9.999136e-01 1.191521e-02 -4.051013e-01 6.924198e-03 -1.187660e-02 -9.999055e-01 -1.098196e+00 9.999605e-01 5.643424e-03 6.857548e-03 1.715137e+02
5.547111e-03 -9.999381e-01 9.641485e-03 -4.030803e-01 7.594819e-03 -9.599227e-03 -9.999251e-01 -1.096313e+00 9.999558e-01 5.619921e-03 7.541101e-03 1.728602e+02
5.736220e-03 -9.999446e-01 8.832304e-03 -4.114227e-01 9.182167e-03 -8.779407e-03 -9.999193e-01 -1.093410e+00 9.999414e-01 5.816857e-03 9.131297e-03 1.741938e+02
5.878889e-03 -9.999628e-01 6.308167e-03 -4.186091e-01 1.232918e-02 -6.235315e-03 -9.999046e-01 -1.098793e+00 9.999067e-01 5.956102e-03 1.229206e-02 1.755622e+02
4.806514e-03 -9.999777e-01 4.635401e-03 -4.169187e-01 1.290029e-02 -4.573063e-03 -9.999063e-01 -1.109643e+00 9.999052e-01 4.865862e-03 1.287802e-02 1.769796e+02
3.463388e-03 -9.999887e-01 3.259551e-03 -4.005840e-01 1.357534e-02 -3.212254e-03 -9.999027e-01 -1.122108e+00 9.999018e-01 3.507300e-03 1.356407e-02 1.784056e+02
1.529600e-03 -9.999964e-01 2.208507e-03 -3.958802e-01 1.036515e-02 -2.192536e-03 -9.999439e-01 -1.124620e+00 9.999451e-01 1.552406e-03 1.036176e-02 1.798347e+02
2.991958e-04 -9.999980e-01 2.000141e-03 -4.047827e-01 5.851943e-03 -1.998356e-03 -9.999809e-01 -1.132042e+00 9.999828e-01 3.108948e-04 5.851333e-03 1.812467e+02
-3.757600e-04 -9.999994e-01 1.029194e-03 -4.247491e-01 5.250445e-03 -1.031153e-03 -9.999857e-01 -1.140533e+00 9.999862e-01 -3.703509e-04 5.250829e-03 1.826580e+02
-3.099590e-04 -9.999940e-01 -3.430763e-03 -4.398215e-01 6.613923e-03 3.428638e-03 -9.999722e-01 -1.150467e+00 9.999781e-01 -3.326412e-04 6.612821e-03 1.840307e+02
7.279561e-05 -9.999885e-01 -4.793444e-03 -4.510289e-01 8.971807e-03 4.793904e-03 -9.999483e-01 -1.147833e+00 9.999598e-01 2.978600e-05 8.972052e-03 1.854283e+02
3.759456e-04 -9.999779e-01 -6.638699e-03 -4.522634e-01 1.099783e-02 6.642432e-03 -9.999174e-01 -1.152506e+00 9.999394e-01 3.029033e-04 1.100009e-02 1.868089e+02
-1.420695e-04 -9.999822e-01 -5.957195e-03 -4.600116e-01 1.173289e-02 5.955118e-03 -9.999135e-01 -1.150324e+00 9.999312e-01 -2.119523e-04 1.173183e-02 1.882128e+02
-4.003725e-04 -9.999808e-01 -6.187056e-03 -4.663681e-01 1.267278e-02 6.181486e-03 -9.999006e-01 -1.149418e+00 9.999196e-01 -4.787400e-04 1.267006e-02 1.895874e+02
3.510969e-04 -9.999790e-01 -6.477234e-03 -4.788579e-01 1.395831e-02 6.481505e-03 -9.998816e-01 -1.157302e+00 9.999025e-01 2.606441e-04 1.396029e-02 1.909721e+02
5.169382e-04 -9.999852e-01 -5.427305e-03 -4.663066e-01 1.430291e-02 5.434144e-03 -9.998829e-01 -1.166842e+00 9.998976e-01 4.392514e-04 1.430550e-02 1.923542e+02
8.848634e-04 -9.999996e-01 -2.440480e-04 -4.617304e-01 1.542577e-02 2.576688e-04 -9.998810e-01 -1.151354e+00 9.998806e-01 8.809935e-04 1.542599e-02 1.937529e+02
1.123706e-03 -9.999905e-01 4.214983e-03 -4.602866e-01 1.724306e-02 -4.194983e-03 -9.998425e-01 -1.145287e+00 9.998507e-01 1.196208e-03 1.723818e-02 1.951939e+02
1.215408e-03 -9.999832e-01 5.668734e-03 -4.549684e-01 1.776364e-02 -5.646253e-03 -9.998263e-01 -1.144968e+00 9.998415e-01 1.315894e-03 1.775648e-02 1.966081e+02
7.026847e-04 -9.999920e-01 3.946738e-03 -4.547499e-01 1.379239e-02 -3.936672e-03 -9.998971e-01 -1.144532e+00 9.999046e-01 7.570473e-04 1.378951e-02 1.980368e+02
1.622652e-03 -9.999987e-01 1.004859e-04 -4.675040e-01 8.690623e-03 -8.638039e-05 -9.999622e-01 -1.141953e+00 9.999609e-01 1.623464e-03 8.690471e-03 1.994526e+02
3.657480e-03 -9.999734e-01 -6.307994e-03 -4.930675e-01 7.252156e-03 6.334395e-03 -9.999536e-01 -1.142015e+00 9.999670e-01 3.611563e-03 7.275131e-03 2.008598e+02
4.333864e-03 -9.998811e-01 -1.479474e-02 -5.062523e-01 1.033570e-02 1.483887e-02 -9.998365e-01 -1.153240e+00 9.999372e-01 4.180241e-03 1.039878e-02 2.023193e+02
5.293657e-03 -9.998363e-01 -1.730167e-02 -5.095830e-01 1.326990e-02 1.737062e-02 -9.997610e-01 -1.155413e+00 9.998980e-01 5.062801e-03 1.335968e-02 2.037761e+02
4.126931e-03 -9.998487e-01 -1.689718e-02 -5.081987e-01 1.388035e-02 1.695297e-02 -9.997599e-01 -1.152701e+00 9.998952e-01 3.891401e-03 1.394822e-02 2.052084e+02
3.386766e-03 -9.999008e-01 -1.367263e-02 -5.019514e-01 1.393003e-02 1.371856e-02 -9.998088e-01 -1.140878e+00 9.998972e-01 3.195659e-03 1.397511e-02 2.066224e+02
2.324134e-03 -9.999170e-01 -1.267367e-02 -4.980935e-01 1.382223e-02 1.270462e-02 -9.998237e-01 -1.140043e+00 9.999018e-01 2.148546e-03 1.385061e-02 2.080619e+02
1.145277e-03 -9.999107e-01 -1.331515e-02 -5.024370e-01 1.323141e-02 1.332915e-02 -9.998236e-01 -1.137853e+00 9.999118e-01 9.688968e-04 1.324549e-02 2.094958e+02
1.499394e-03 -9.999265e-01 -1.202995e-02 -4.984860e-01 1.421065e-02 1.205005e-02 -9.998264e-01 -1.140508e+00 9.998979e-01 1.328181e-03 1.422767e-02 2.109482e+02
1.096457e-03 -9.999443e-01 -1.049523e-02 -4.937794e-01 1.519219e-02 1.051068e-02 -9.998294e-01 -1.132904e+00 9.998840e-01 9.368247e-04 1.520286e-02 2.124216e+02
1.704707e-03 -9.999377e-01 -1.103205e-02 -5.012544e-01 1.413569e-02 1.105506e-02 -9.998389e-01 -1.135936e+00 9.998986e-01 1.548487e-03 1.415365e-02 2.138896e+02
1.584364e-03 -9.999326e-01 -1.149883e-02 -5.028802e-01 1.335536e-02 1.151898e-02 -9.998444e-01 -1.136993e+00 9.999096e-01 1.430546e-03 1.337271e-02 2.153545e+02
5.537505e-04 -9.999336e-01 -1.151239e-02 -5.078213e-01 1.282937e-02 1.151855e-02 -9.998513e-01 -1.135121e+00 9.999176e-01 4.059715e-04 1.283490e-02 2.168088e+02
2.527935e-05 -9.999404e-01 -1.091934e-02 -5.137820e-01 1.276802e-02 1.091877e-02 -9.998589e-01 -1.126355e+00 9.999185e-01 -1.141425e-04 1.276753e-02 2.182700e+02
2.020837e-04 -9.999404e-01 -1.091719e-02 -5.159533e-01 1.247320e-02 1.091887e-02 -9.998626e-01 -1.129591e+00 9.999222e-01 6.588358e-05 1.247467e-02 2.197879e+02
-1.010138e-04 -9.999441e-01 -1.057586e-02 -5.182553e-01 1.281724e-02 1.057369e-02 -9.998620e-01 -1.129480e+00 9.999179e-01 -2.365532e-04 1.281546e-02 2.212653e+02
-8.138213e-04 -9.999264e-01 -1.210819e-02 -5.294278e-01 1.269017e-02 1.209690e-02 -9.998463e-01 -1.133206e+00 9.999191e-01 -9.673512e-04 1.267939e-02 2.227516e+02
-1.414540e-03 -9.999322e-01 -1.156013e-02 -5.298308e-01 1.288947e-02 1.154095e-02 -9.998503e-01 -1.130960e+00 9.999159e-01 -1.563333e-03 1.287227e-02 2.242269e+02
-1.390086e-03 -9.999120e-01 -1.319498e-02 -5.337950e-01 1.303205e-02 1.317576e-02 -9.998283e-01 -1.126804e+00 9.999141e-01 -1.561805e-03 1.301259e-02 2.256850e+02
-1.096794e-03 -9.998979e-01 -1.424606e-02 -5.473773e-01 1.322558e-02 1.423032e-02 -9.998113e-01 -1.132948e+00 9.999120e-01 -1.284999e-03 1.320862e-02 2.271789e+02
-1.095355e-03 -9.998865e-01 -1.502627e-02 -5.538970e-01 1.303128e-02 1.501073e-02 -9.998024e-01 -1.136060e+00 9.999145e-01 -1.290950e-03 1.301335e-02 2.286348e+02
-9.554405e-04 -9.998987e-01 -1.419940e-02 -5.597321e-01 1.299902e-02 1.418579e-02 -9.998149e-01 -1.141190e+00 9.999151e-01 -1.139842e-03 1.298415e-02 2.301505e+02
-9.999822e-04 -9.999182e-01 -1.275559e-02 -5.671387e-01 1.378282e-02 1.274061e-02 -9.998239e-01 -1.144830e+00 9.999045e-01 -1.175614e-03 1.376895e-02 2.316411e+02
-8.786509e-04 -9.999210e-01 -1.254145e-02 -5.732450e-01 1.400985e-02 1.252792e-02 -9.998234e-01 -1.139366e+00 9.999015e-01 -1.054200e-03 1.399774e-02 2.330967e+02
-1.058084e-03 -9.999519e-01 -9.752967e-03 -5.734051e-01 1.398397e-02 9.737223e-03 -9.998548e-01 -1.128005e+00 9.999017e-01 -1.194316e-03 1.397299e-02 2.346205e+02
-2.527050e-04 -9.999499e-01 -1.000411e-02 -5.946168e-01 1.419664e-02 9.999514e-03 -9.998492e-01 -1.140772e+00 9.998992e-01 -3.946916e-04 1.419341e-02 2.361649e+02
-9.014344e-04 -9.999415e-01 -1.078221e-02 -6.066254e-01 1.490672e-02 1.076758e-02 -9.998309e-01 -1.136321e+00 9.998885e-01 -1.062009e-03 1.489614e-02 2.376645e+02
-8.846344e-04 -9.999226e-01 -1.240876e-02 -6.237237e-01 1.673166e-02 1.239223e-02 -9.997832e-01 -1.131520e+00 9.998596e-01 -1.092062e-03 1.671941e-02 2.392031e+02
1.406471e-04 -9.999127e-01 -1.321572e-02 -6.382379e-01 1.740592e-02 1.321616e-02 -9.997612e-01 -1.134327e+00 9.998485e-01 -8.941827e-05 1.740626e-02 2.407148e+02
4.984390e-04 -9.999225e-01 -1.243683e-02 -6.349821e-01 1.611002e-02 1.244324e-02 -9.997928e-01 -1.127450e+00 9.998701e-01 2.979783e-04 1.611497e-02 2.422086e+02
1.182649e-03 -9.999348e-01 -1.135573e-02 -6.327178e-01 1.491554e-02 1.137212e-02 -9.998241e-01 -1.123050e+00 9.998881e-01 1.013064e-03 1.492801e-02 2.437335e+02
6.616600e-04 -9.999156e-01 -1.297504e-02 -6.456492e-01 1.518614e-02 1.298359e-02 -9.998004e-01 -1.119784e+00 9.998845e-01 4.644872e-04 1.519345e-02 2.452512e+02
9.589262e-04 -9.999100e-01 -1.338015e-02 -6.420541e-01 1.612599e-02 1.339387e-02 -9.997802e-01 -1.116620e+00 9.998695e-01 7.429473e-04 1.613739e-02 2.467775e+02
7.953469e-04 -9.999074e-01 -1.358412e-02 -6.513470e-01 1.649700e-02 1.359540e-02 -9.997715e-01 -1.112506e+00 9.998636e-01 5.710679e-04 1.650628e-02 2.482724e+02
1.111619e-03 -9.999231e-01 -1.235252e-02 -6.481094e-01 1.686256e-02 1.236952e-02 -9.997813e-01 -1.101964e+00 9.998572e-01 9.030810e-04 1.687501e-02 2.498051e+02
1.428596e-03 -9.999148e-01 -1.297432e-02 -6.472678e-01 1.710269e-02 1.299687e-02 -9.997693e-01 -1.092779e+00 9.998527e-01 1.206370e-03 1.711980e-02 2.513354e+02
2.201226e-03 -9.999034e-01 -1.372583e-02 -6.499293e-01 1.699908e-02 1.376129e-02 -9.997608e-01 -1.087703e+00 9.998531e-01 1.967373e-03 1.702773e-02 2.528670e+02
2.149392e-03 -9.998937e-01 -1.442112e-02 -6.504013e-01 1.665088e-02 1.445494e-02 -9.997569e-01 -1.077242e+00 9.998590e-01 1.908745e-03 1.668018e-02 2.543601e+02
1.867083e-03 -9.999112e-01 -1.319189e-02 -6.592708e-01 1.724087e-02 1.322214e-02 -9.997639e-01 -1.073385e+00 9.998496e-01 1.639202e-03 1.726403e-02 2.559260e+02
1.580930e-03 -9.999238e-01 -1.224655e-02 -6.631349e-01 1.814546e-02 1.227323e-02 -9.997600e-01 -1.058804e+00 9.998341e-01 1.358332e-03 1.816348e-02 2.574495e+02
1.603954e-03 -9.999397e-01 -1.086738e-02 -6.690201e-01 1.954768e-02 1.089667e-02 -9.997495e-01 -1.059182e+00 9.998077e-01 1.391121e-03 1.956398e-02 2.590139e+02
1.524987e-03 -9.999543e-01 -9.439530e-03 -6.612614e-01 1.907086e-02 9.466905e-03 -9.997733e-01 -1.055852e+00 9.998170e-01 1.344621e-03 1.908443e-02 2.605636e+02
1.705625e-03 -9.999614e-01 -8.612406e-03 -6.656145e-01 1.770710e-02 8.641268e-03 -9.998059e-01 -1.045255e+00 9.998417e-01 1.552794e-03 1.772116e-02 2.620968e+02
1.678717e-03 -9.999866e-01 -4.897792e-03 -6.673691e-01 1.964644e-02 4.929834e-03 -9.997948e-01 -1.040056e+00 9.998056e-01 1.582148e-03 1.965445e-02 2.636402e+02
1.400351e-03 -9.999954e-01 -2.712694e-03 -6.684329e-01 2.170666e-02 2.742455e-03 -9.997606e-01 -1.023305e+00 9.997634e-01 1.341132e-03 2.171040e-02 2.651613e+02
2.119589e-03 -9.999974e-01 -7.892333e-04 -6.653325e-01 2.143763e-02 8.344927e-04 -9.997699e-01 -1.010112e+00 9.997680e-01 2.102182e-03 2.143934e-02 2.666923e+02
2.070435e-03 -9.999976e-01 7.985306e-04 -6.689973e-01 2.105453e-02 -7.547631e-04 -9.997780e-01 -9.962588e-01 9.997762e-01 2.086788e-03 2.105292e-02 2.682222e+02
2.854751e-03 -9.999958e-01 -4.256967e-04 -6.715997e-01 2.083083e-02 4.850731e-04 -9.997829e-01 -9.930449e-01 9.997789e-01 2.845264e-03 2.083213e-02 2.697884e+02
4.123471e-03 -9.999912e-01 -7.583827e-04 -6.735141e-01 2.088658e-02 8.443497e-04 -9.997815e-01 -9.773008e-01 9.997733e-01 4.106730e-03 2.088988e-02 2.713325e+02
5.257983e-03 -9.999850e-01 -1.565026e-03 -6.762303e-01 2.086823e-02 1.674433e-03 -9.997808e-01 -9.666869e-01 9.997684e-01 5.224171e-03 2.087672e-02 2.728633e+02
6.094210e-03 -9.999766e-01 -3.095109e-03 -6.870694e-01 2.086616e-02 3.221657e-03 -9.997771e-01 -9.595678e-01 9.997637e-01 6.028269e-03 2.088531e-02 2.744258e+02
6.214239e-03 -9.999768e-01 -2.774744e-03 -6.937946e-01 2.076048e-02 2.903212e-03 -9.997802e-01 -9.452332e-01 9.997652e-01 6.155268e-03 2.077804e-02 2.759834e+02
7.189909e-03 -9.999664e-01 -3.935381e-03 -6.911405e-01 2.007961e-02 4.079063e-03 -9.997901e-01 -9.370485e-01 9.997725e-01 7.109379e-03 2.010826e-02 2.775471e+02
8.322825e-03 -9.999537e-01 -4.830717e-03 -6.823592e-01 1.962647e-02 4.993305e-03 -9.997949e-01 -9.328387e-01 9.997727e-01 8.226308e-03 1.966712e-02 2.790780e+02
9.511064e-03 -9.999439e-01 -4.667974e-03 -6.747973e-01 1.937878e-02 4.851628e-03 -9.998004e-01 -9.207572e-01 9.997669e-01 9.418706e-03 1.942384e-02 2.806126e+02
1.008353e-02 -9.999397e-01 -4.358362e-03 -6.684979e-01 2.077063e-02 4.567094e-03 -9.997739e-01 -9.135519e-01 9.997334e-01 9.990720e-03 2.081543e-02 2.821536e+02
1.019098e-02 -9.999420e-01 -3.482471e-03 -6.569092e-01 2.148217e-02 3.700783e-03 -9.997624e-01 -9.067977e-01 9.997173e-01 1.011375e-02 2.151864e-02 2.836989e+02
1.068215e-02 -9.999393e-01 -2.701976e-03 -6.355132e-01 1.910827e-02 2.905765e-03 -9.998132e-01 -8.978420e-01 9.997603e-01 1.062852e-02 1.913815e-02 2.852548e+02
1.067233e-02 -9.999420e-01 -1.436560e-03 -6.134117e-01 1.675959e-02 1.615314e-03 -9.998583e-01 -8.816401e-01 9.998026e-01 1.064674e-02 1.677586e-02 2.868034e+02
9.737475e-03 -9.999519e-01 -1.181385e-03 -5.967519e-01 1.698946e-02 1.346712e-03 -9.998547e-01 -8.776088e-01 9.998083e-01 9.715989e-03 1.700175e-02 2.883506e+02
9.045412e-03 -9.999590e-01 -3.770355e-04 -5.787552e-01 1.688665e-02 5.297501e-04 -9.998572e-01 -8.691604e-01 9.998165e-01 9.037754e-03 1.689075e-02 2.899006e+02
8.371638e-03 -9.999650e-01 -1.680771e-04 -5.802614e-01 1.674595e-02 3.082553e-04 -9.998598e-01 -8.612114e-01 9.998247e-01 8.367649e-03 1.674794e-02 2.914396e+02
7.717372e-03 -9.999694e-01 -1.277322e-03 -5.800637e-01 1.675564e-02 1.406494e-03 -9.998586e-01 -8.561556e-01 9.998298e-01 7.694879e-03 1.676599e-02 2.929745e+02
6.349874e-03 -9.999795e-01 -8.086523e-04 -5.755167e-01 1.765920e-02 9.206784e-04 -9.998437e-01 -8.546422e-01 9.998239e-01 6.334601e-03 1.766469e-02 2.945526e+02
6.586833e-03 -9.999778e-01 -9.571653e-04 -5.706669e-01 1.770687e-02 1.073671e-03 -9.998426e-01 -8.473875e-01 9.998215e-01 6.568849e-03 1.771355e-02 2.961055e+02
6.257081e-03 -9.999803e-01 -4.759338e-04 -5.735539e-01 1.895802e-02 5.944818e-04 -9.998201e-01 -8.379788e-01 9.998007e-01 6.246933e-03 1.896136e-02 2.976828e+02
6.106392e-03 -9.999807e-01 -1.126830e-03 -5.805637e-01 2.020164e-02 1.249982e-03 -9.997951e-01 -8.269030e-01 9.997773e-01 6.082378e-03 2.020888e-02 2.992594e+02
5.113577e-03 -9.999860e-01 -1.358478e-03 -5.821356e-01 2.075463e-02 1.464335e-03 -9.997835e-01 -8.134953e-01 9.997715e-01 5.084275e-03 2.076183e-02 3.008653e+02
5.363663e-03 -9.999840e-01 -1.823088e-03 -5.882857e-01 2.029718e-02 1.931607e-03 -9.997921e-01 -7.992550e-01 9.997796e-01 5.325545e-03 2.030721e-02 3.024547e+02
5.183687e-03 -9.999864e-01 -5.836620e-04 -5.872406e-01 2.025891e-02 6.885672e-04 -9.997945e-01 -7.825236e-01 9.997813e-01 5.170798e-03 2.026220e-02 3.040540e+02
6.962133e-03 -9.999751e-01 1.125186e-03 -5.690965e-01 1.957321e-02 -9.887236e-04 -9.998080e-01 -7.697622e-01 9.997842e-01 6.982820e-03 1.956584e-02 3.056503e+02
7.334912e-03 -9.999707e-01 2.167679e-03 -5.564334e-01 1.865959e-02 -2.030490e-03 -9.998238e-01 -7.636203e-01 9.997990e-01 7.374068e-03 1.864415e-02 3.072459e+02
7.454092e-03 -9.999707e-01 1.760172e-03 -5.488135e-01 1.761116e-02 -1.628669e-03 -9.998436e-01 -7.576709e-01 9.998171e-01 7.483924e-03 1.759850e-02 3.088411e+02
5.449805e-03 -9.999847e-01 9.633256e-04 -5.374452e-01 1.635937e-02 -8.740543e-04 -9.998658e-01 -7.557215e-01 9.998513e-01 5.464833e-03 1.635436e-02 3.104506e+02
3.899669e-03 -9.999924e-01 3.281727e-04 -5.300381e-01 1.677099e-02 -2.627272e-04 -9.998593e-01 -7.435088e-01 9.998518e-01 3.904624e-03 1.676984e-02 3.120603e+02
3.911819e-03 -9.999924e-01 -3.760962e-05 -5.314833e-01 1.971270e-02 1.147157e-04 -9.998057e-01 -7.311580e-01 9.997981e-01 3.910318e-03 1.971300e-02 3.136711e+02
3.588937e-03 -9.999927e-01 1.299776e-03 -5.283948e-01 2.283920e-02 -1.217476e-03 -9.997384e-01 -7.193756e-01 9.997327e-01 3.617684e-03 2.283467e-02 3.153055e+02
3.419751e-03 -9.999925e-01 1.786148e-03 -5.388678e-01 2.341166e-02 -1.705606e-03 -9.997244e-01 -7.008279e-01 9.997200e-01 3.460626e-03 2.340566e-02 3.169391e+02
3.498174e-03 -9.999895e-01 2.953127e-03 -5.385634e-01 2.232978e-02 -2.874295e-03 -9.997465e-01 -6.879032e-01 9.997445e-01 3.563230e-03 2.231949e-02 3.185760e+02
4.491340e-03 -9.999835e-01 3.571940e-03 -5.393838e-01 2.261703e-02 -3.469481e-03 -9.997382e-01 -6.708004e-01 9.997341e-01 4.570950e-03 2.260107e-02 3.201786e+02
4.358369e-03 -9.999861e-01 2.981071e-03 -5.323268e-01 2.308713e-02 -2.879682e-03 -9.997293e-01 -6.563932e-01 9.997240e-01 4.426014e-03 2.307426e-02 3.218237e+02
5.063944e-03 -9.999835e-01 2.701783e-03 -5.153477e-01 2.351507e-02 -2.581991e-03 -9.997202e-01 -6.454236e-01 9.997107e-01 5.126059e-03 2.350161e-02 3.234531e+02
5.850137e-03 -9.999823e-01 1.086588e-03 -5.157737e-01 2.333403e-02 -9.498014e-04 -9.997272e-01 -6.279621e-01 9.997106e-01 5.873896e-03 2.332806e-02 3.250621e+02
5.767686e-03 -9.999833e-01 3.668797e-04 -5.189265e-01 2.268538e-02 -2.359471e-04 -9.997426e-01 -6.087553e-01 9.997260e-01 5.774524e-03 2.268364e-02 3.267062e+02
6.986779e-03 -9.999754e-01 6.382156e-04 -5.226899e-01 2.397771e-02 -4.705167e-04 -9.997124e-01 -5.945272e-01 9.996881e-01 7.000073e-03 2.397384e-02 3.283267e+02
7.042428e-03 -9.999729e-01 2.144596e-03 -5.085781e-01 2.509171e-02 -1.967264e-03 -9.996832e-01 -5.768911e-01 9.996604e-01 7.094008e-03 2.507717e-02 3.299439e+02
7.446140e-03 -9.999692e-01 2.453442e-03 -5.064359e-01 2.439161e-02 -2.271153e-03 -9.996999e-01 -5.642388e-01 9.996747e-01 7.503748e-03 2.437395e-02 3.315622e+02
8.103630e-03 -9.999655e-01 1.828852e-03 -4.885553e-01 2.444048e-02 -1.630302e-03 -9.997000e-01 -5.502216e-01 9.996684e-01 8.145896e-03 2.442642e-02 3.331957e+02
7.324150e-03 -9.999719e-01 1.595299e-03 -4.900140e-01 2.269365e-02 -1.428715e-03 -9.997414e-01 -5.269765e-01 9.997156e-01 7.358460e-03 2.268255e-02 3.348285e+02
6.909882e-03 -9.999760e-01 -3.692585e-04 -4.941479e-01 2.065730e-02 5.119314e-04 -9.997865e-01 -5.277222e-01 9.997627e-01 6.900779e-03 2.066034e-02 3.364301e+02
6.171276e-03 -9.999792e-01 -1.880213e-03 -5.052494e-01 2.092210e-02 2.008955e-03 -9.997791e-01 -5.153905e-01 9.997621e-01 6.130575e-03 2.093406e-02 3.380329e+02
5.712155e-03 -9.999802e-01 -2.656380e-03 -4.971060e-01 2.395296e-02 2.792486e-03 -9.997092e-01 -5.045194e-01 9.996968e-01 5.646866e-03 2.396843e-02 3.396510e+02
4.585532e-03 -9.999808e-01 -4.160564e-03 -5.055667e-01 2.653803e-02 4.280834e-03 -9.996386e-01 -4.904131e-01 9.996373e-01 4.473462e-03 2.655715e-02 3.412394e+02
2.356861e-03 -9.999840e-01 -5.142856e-03 -5.063877e-01 2.574207e-02 5.201836e-03 -9.996551e-01 -4.735940e-01 9.996659e-01 2.223660e-03 2.575392e-02 3.428719e+02
9.874400e-04 -9.999880e-01 -4.807811e-03 -5.102326e-01 2.460539e-02 4.830654e-03 -9.996856e-01 -4.591982e-01 9.996967e-01 8.688315e-04 2.460986e-02 3.444650e+02
-1.015613e-03 -9.999931e-01 -3.561309e-03 -5.101813e-01 2.589690e-02 3.533815e-03 -9.996583e-01 -4.420854e-01 9.996641e-01 -1.107493e-03 2.589314e-02 3.460709e+02
-2.647570e-03 -9.999952e-01 -1.591327e-03 -5.289688e-01 2.705583e-02 1.519117e-03 -9.996328e-01 -4.237513e-01 9.996304e-01 -2.689652e-03 2.705168e-02 3.476765e+02
-2.310041e-03 -9.999965e-01 -1.317661e-03 -5.306013e-01 2.649977e-02 1.255986e-03 -9.996480e-01 -4.042445e-01 9.996461e-01 -2.344145e-03 2.649678e-02 3.492541e+02
-2.746260e-03 -9.999961e-01 -5.360291e-04 -5.323362e-01 2.604908e-02 4.643115e-04 -9.996606e-01 -3.940103e-01 9.996569e-01 -2.759291e-03 2.604770e-02 3.508316e+02
-1.886255e-03 -9.999982e-01 1.108281e-05 -5.501498e-01 2.572536e-02 -5.960384e-05 -9.996691e-01 -3.745423e-01 9.996673e-01 -1.885345e-03 2.572543e-02 3.523997e+02
-2.325227e-03 -9.999971e-01 5.083179e-04 -5.534672e-01 2.569349e-02 -5.678948e-04 -9.996697e-01 -3.598387e-01 9.996672e-01 -2.311399e-03 2.569474e-02 3.539907e+02
