0.000000e+00 -1.000000e+00 0.000000e+00 0.000000e+00 0.000000e+00 0.000000e+00 -1.000000e+00 0.000000e+00 1.000000e+00 0.000000e+00 0.000000e+00 0.000000e+00
-1.024001e-03 -9.999989e-01 1.070160e-03 1.056073e-02 -7.429710e-04 -1.069399e-03 -9.999992e-01 -1.071965e-02 9.999992e-01 -1.024795e-03 -7.418751e-04 4.990117e-01
-1.604981e-03 -9.999976e-01 1.505307e-03 6.858059e-03 -1.817847e-03 -1.502389e-03 -9.999972e-01 -2.289185e-02 9.999971e-01 -1.607712e-03 -1.815432e-03 1.058786e+00
-4.793029e-03 -9.999863e-01 2.103488e-03 -7.613974e-03 -3.046401e-03 -2.088901e-03 -9.999932e-01 -3.825602e-02 9.999838e-01 -4.799405e-03 -3.036347e-03 1.679255e+00
-6.565224e-03 -9.999742e-01 2.923470e-03 -1.406211e-02 -4.533520e-03 -2.893739e-03 -9.999855e-01 -4.870951e-02 9.999682e-01 -6.578383e-03 -4.514405e-03 2.236601e+00
-8.223096e-03 -9.999567e-01 4.364600e-03 -1.946567e-02 -5.879741e-03 -4.316321e-03 -9.999734e-01 -6.357918e-02 9.999489e-01 -8.248541e-03 -5.843993e-03 2.812174e+00
-9.346675e-03 -9.999392e-01 5.848009e-03 -1.687100e-02 -6.376497e-03 -5.788545e-03 -9.999629e-01 -7.268653e-02 9.999360e-01 -9.383618e-03 -6.322006e-03 3.378050e+00
-1.053579e-02 -9.999275e-01 5.836654e-03 -1.561165e-02 -5.725181e-03 -5.776560e-03 -9.999669e-01 -8.291856e-02 9.999281e-01 -1.056886e-02 -5.663905e-03 3.957381e+00
-1.249589e-02 -9.998887e-01 8.147242e-03 -1.359438e-02 -6.496320e-03 -8.066526e-03 -9.999464e-01 -9.472272e-02 9.999008e-01 -1.254814e-02 -6.394799e-03 4.530395e+00
-1.305819e-02 -9.998841e-01 7.823073e-03 -1.950826e-02 -9.114473e-03 -7.704390e-03 -9.999288e-01 -1.086193e-01 9.998732e-01 -1.312856e-02 -9.012812e-03 5.131279e+00
-1.442770e-02 -9.998720e-01 6.923571e-03 -2.564021e-02 -1.258541e-02 -6.742150e-03 -9.998981e-01 -1.212372e-01 9.998167e-01 -1.451336e-02 -1.248652e-02 5.720311e+00
-1.547678e-02 -9.998621e-01 6.021149e-03 -5.272981e-02 -1.607016e-02 -5.772353e-03 -9.998542e-01 -1.282454e-01 9.997511e-01 -1.557129e-02 -1.597861e-02 6.333504e+00
-1.626130e-02 -9.998605e-01 3.824570e-03 -7.286581e-02 -1.655704e-02 -3.555279e-03 -9.998566e-01 -1.443776e-01 9.997307e-01 -1.632229e-02 -1.649691e-02 6.953497e+00
-1.801583e-02 -9.998362e-01 1.723626e-03 -8.771819e-02 -1.023268e-02 -1.539436e-03 -9.999465e-01 -1.563118e-01 9.997854e-01 -1.803251e-02 -1.020327e-02 7.598120e+00
-1.802662e-02 -9.998375e-01 3.618930e-04 -1.220107e-01 -1.469876e-03 -3.354503e-04 -9.999989e-01 -1.720556e-01 9.998364e-01 -1.802713e-02 -1.463590e-03 8.269091e+00
-1.942712e-02 -9.998108e-01 -9.608949e-04 -1.376238e-01 5.369653e-03 8.567258e-04 -9.999852e-01 -1.930895e-01 9.997969e-01 -1.943200e-02 5.351993e-03 8.944117e+00
-2.094254e-02 -9.997773e-01 -2.608782e-03 -1.587190e-01 5.242874e-03 2.499495e-03 -9.999831e-01 -1.981375e-01 9.997669e-01 -2.095587e-02 5.189360e-03 9.621017e+00
-2.155980e-02 -9.997495e-01 -6.014002e-03 -1.739679e-01 -7.387024e-04 6.031328e-03 -9.999815e-01 -2.015161e-01 9.997673e-01 -2.155496e-02 -8.685515e-04 1.031964e+01
-2.257292e-02 -9.997295e-01 -5.600899e-03 -2.017139e-01 -6.348938e-03 5.745561e-03 -9.999633e-01 -1.986219e-01 9.997250e-01 -2.253654e-02 -6.476915e-03 1.102452e+01
-2.309269e-02 -9.997262e-01 -3.777592e-03 -2.158804e-01 -5.138767e-03 3.897249e-03 -9.999792e-01 -2.036685e-01 9.997201e-01 -2.307279e-02 -5.227358e-03 1.174361e+01
-2.421410e-02 -9.997038e-01 -2.427613e-03 -2.282268e-01 2.812845e-03 2.360186e-03 -9.999933e-01 -2.119713e-01 9.997028e-01 -2.422076e-02 2.754862e-03 1.249476e+01
-2.453656e-02 -9.996983e-01 -1.149192e-03 -2.442710e-01 9.281792e-03 9.216772e-04 -9.999565e-01 -2.158180e-01 9.996558e-01 -2.454616e-02 9.256377e-03 1.327215e+01
-2.569105e-02 -9.996699e-01 7.401383e-05 -2.688146e-01 1.220745e-02 -3.877586e-04 -9.999254e-01 -2.156341e-01 9.995954e-01 -2.568823e-02 1.221339e-02 1.408535e+01
-2.608879e-02 -9.996588e-01 1.260727e-03 -2.896894e-01 1.268667e-02 -1.592147e-03 -9.999183e-01 -2.129826e-01 9.995791e-01 -2.607066e-02 1.272388e-02 1.488222e+01
-2.525247e-02 -9.996794e-01 1.817422e-03 -3.171500e-01 1.125129e-02 -2.102099e-03 -9.999345e-01 -2.078313e-01 9.996178e-01 -2.523037e-02 1.130077e-02 1.569549e+01
-2.548690e-02 -9.996751e-01 -2.759944e-04 -3.367534e-01 7.762766e-03 7.816259e-05 -9.999698e-01 -1.953634e-01 9.996450e-01 -2.548827e-02 7.758251e-03 1.652275e+01
-2.370320e-02 -9.997169e-01 2.069379e-03 -3.656528e-01 2.346955e-03 -2.125601e-03 -9.999950e-01 -2.022159e-01 9.997163e-01 -2.369823e-02 2.396674e-03 1.738312e+01
-2.323274e-02 -9.997219e-01 4.032669e-03 -3.776986e-01 -3.771393e-03 -3.946086e-03 -9.999851e-01 -2.139391e-01 9.997230e-01 -2.324760e-02 -3.678666e-03 1.824044e+01
-2.151914e-02 -9.997640e-01 2.967554e-03 -4.007083e-01 -9.228301e-03 -2.769485e-03 -9.999536e-01 -2.222518e-01 9.997258e-01 -2.154553e-02 -9.166527e-03 1.915091e+01
-2.243135e-02 -9.997455e-01 2.384906e-03 -4.272235e-01 -1.051492e-02 -2.149452e-03 -9.999424e-01 -2.298123e-01 9.996931e-01 -2.245514e-02 -1.046403e-02 2.005551e+01
-2.273095e-02 -9.997362e-01 3.301247e-03 -4.478656e-01 -9.907940e-03 -3.076664e-03 -9.999462e-01 -2.488372e-01 9.996925e-01 -2.276244e-02 -9.835391e-03 2.098233e+01
-2.206833e-02 -9.997560e-01 8.944963e-04 -4.745856e-01 -1.087122e-02 -6.546933e-04 -9.999407e-01 -2.687563e-01 9.996973e-01 -2.207674e-02 -1.085412e-02 2.191296e+01
-2.229531e-02 -9.997504e-01 -1.469532e-03 -5.081227e-01 -1.218697e-02 1.741568e-03 -9.999242e-01 -2.870263e-01 9.996771e-01 -2.227571e-02 -1.222276e-02 2.283621e+01
-2.211917e-02 -9.997450e-01 -4.539785e-03 -5.327207e-01 -1.311232e-02 4.830608e-03 -9.999024e-01 -3.005041e-01 9.996694e-01 -2.205749e-02 -1.321583e-02 2.380226e+01
-2.411887e-02 -9.996950e-01 -5.304849e-03 -5.443302e-01 -1.287262e-02 5.616511e-03 -9.999014e-01 -3.209614e-01 9.996262e-01 -2.404820e-02 -1.300416e-02 2.477177e+01
-2.405418e-02 -9.996880e-01 -6.735592e-03 -5.896456e-01 -1.318502e-02 7.054194e-03 -9.998882e-01 -3.440560e-01 9.996237e-01 -2.396268e-02 -1.335059e-02 2.576209e+01
-2.387223e-02 -9.996853e-01 -7.712780e-03 -6.306443e-01 -1.293971e-02 8.023310e-03 -9.998841e-01 -3.635488e-01 9.996313e-01 -2.376966e-02 -1.312718e-02 2.672881e+01
-2.455460e-02 -9.996596e-01 -8.820501e-03 -6.506604e-01 -1.197267e-02 9.116590e-03 -9.998868e-01 -3.909988e-01 9.996268e-01 -2.444621e-02 -1.219245e-02 2.773460e+01
-2.298445e-02 -9.996960e-01 -8.919670e-03 -6.968179e-01 -1.057389e-02 9.164617e-03 -9.999021e-01 -4.150124e-01 9.996799e-01 -2.288788e-02 -1.078132e-02 2.874610e+01
-2.421975e-02 -9.996669e-01 -8.917337e-03 -7.268808e-01 -9.698028e-03 9.154477e-03 -9.999111e-01 -4.308914e-01 9.996596e-01 -2.413112e-02 -9.916517e-03 2.975328e+01
-2.465351e-02 -9.996646e-01 -7.931022e-03 -7.426679e-01 -9.948147e-03 8.178364e-03 -9.999171e-01 -4.510632e-01 9.996465e-01 -2.457256e-02 -1.014644e-02 3.078349e+01
-2.520732e-02 -9.996456e-01 -8.558850e-03 -7.787565e-01 -1.065660e-02 8.829784e-03 -9.999042e-01 -4.666705e-01 9.996254e-01 -2.511370e-02 -1.087540e-02 3.180959e+01
-2.529369e-02 -9.996479e-01 -8.027837e-03 -8.082951e-01 -1.010298e-02 8.285611e-03 -9.999146e-01 -4.846377e-01 9.996290e-01 -2.521043e-02 -1.030899e-02 3.286073e+01
-2.538061e-02 -9.996575e-01 -6.383544e-03 -8.277504e-01 -7.804937e-03 6.583560e-03 -9.999478e-01 -5.031565e-01 9.996474e-01 -2.532946e-02 -7.969358e-03 3.392758e+01
-2.547355e-02 -9.996402e-01 -8.402239e-03 -8.429924e-01 -4.644802e-03 8.523230e-03 -9.999529e-01 -5.248910e-01 9.996647e-01 -2.543332e-02 -4.860247e-03 3.496787e+01
-2.468624e-02 -9.996533e-01 -9.160199e-03 -8.683171e-01 -2.328761e-03 9.220471e-03 -9.999548e-01 -5.485693e-01 9.996926e-01 -2.466379e-02 -2.555573e-03 3.603296e+01
-2.580647e-02 -9.996306e-01 -8.525304e-03 -9.102592e-01 -1.105095e-03 8.556667e-03 -9.999628e-01 -5.657740e-01 9.996663e-01 -2.579609e-02 -1.325504e-03 3.707103e+01
-2.624061e-02 -9.996191e-01 -8.550808e-03 -9.500031e-01 -1.762753e-03 8.600010e-03 -9.999614e-01 -5.835110e-01 9.996541e-01 -2.622453e-02 -1.987751e-03 3.813927e+01
-2.670583e-02 -9.996006e-01 -9.238616e-03 -9.825242e-01 -1.547704e-03 9.283246e-03 -9.999557e-01 -5.967999e-01 9.996421e-01 -2.669035e-02 -1.795002e-03 3.920206e+01
-2.737868e-02 -9.995910e-01 -8.258229e-03 -1.019472e+00 -7.647884e-04 8.282269e-03 -9.999654e-01 -6.094078e-01 9.996248e-01 -2.737141e-02 -9.912332e-04 4.028706e+01
-2.784466e-02 -9.995758e-01 -8.540220e-03 -1.051626e+00 1.042478e-03 8.514490e-03 -9.999632e-01 -6.262426e-01 9.996117e-01 -2.785254e-02 8.049529e-04 4.139994e+01
-2.856451e-02 -9.995531e-01 -8.809439e-03 -1.096305e+00 2.960785e-03 8.728391e-03 -9.999575e-01 -6.394093e-01 9.995876e-01 -2.858938e-02 2.710140e-03 4.248270e+01
-2.908163e-02 -9.995245e-01 -1.025356e-02 -1.131707e+00 3.383383e-03 1.015940e-02 -9.999427e-01 -6.577344e-01 9.995713e-01 -2.911466e-02 3.086322e-03 4.355991e+01
-2.858944e-02 -9.995165e-01 -1.222557e-02 -1.165216e+00 7.814249e-05 1.222833e-02 -9.999253e-01 -6.721696e-01 9.995912e-01 -2.858826e-02 -2.714965e-04 4.460761e+01
-2.770565e-02 -9.995059e-01 -1.484343e-02 -1.205437e+00 -3.039616e-03 1.493330e-02 -9.998839e-01 -6.926232e-01 9.996115e-01 -2.765732e-02 -3.451852e-03 4.569290e+01
-2.845941e-02 -9.994577e-01 -1.656355e-02 -1.225948e+00 -2.737484e-03 1.664813e-02 -9.998577e-01 -7.069599e-01 9.995912e-01 -2.841001e-02 -3.209796e-03 4.675475e+01
-2.958991e-02 -9.994107e-01 -1.739904e-02 -1.271733e+00 -4.130448e-04 1.741889e-02 -9.998482e-01 -7.313765e-01 9.995620e-01 -2.957824e-02 -9.282248e-04 4.784756e+01
-2.857870e-02 -9.994293e-01 -1.801053e-02 -1.322896e+00 1.320039e-03 1.798014e-02 -9.998375e-01 -7.422271e-01 9.995907e-01 -2.859783e-02 8.054366e-04 4.893415e+01
-2.865963e-02 -9.994763e-01 -1.502430e-02 -1.362361e+00 2.446566e-03 1.496029e-02 -9.998851e-01 -7.507339e-01 9.995862e-01 -2.869309e-02 2.016528e-03 5.001118e+01
-2.881813e-02 -9.994789e-01 -1.454410e-02 -1.388590e+00 1.622931e-03 1.450334e-02 -9.998935e-01 -7.567297e-01 9.995834e-01 -2.883866e-02 1.204127e-03 5.108045e+01
-2.824698e-02 -9.994960e-01 -1.448838e-02 -1.430590e+00 1.223176e-04 1.449070e-02 -9.998950e-01 -7.763502e-01 9.996009e-01 -2.824578e-02 -2.870626e-04 5.215551e+01
-2.817280e-02 -9.994765e-01 -1.590583e-02 -1.464529e+00 -1.664816e-03 1.595904e-02 -9.998713e-01 -7.911752e-01 9.996017e-01 -2.814269e-02 -2.113555e-03 5.324945e+01
-2.730993e-02 -9.995295e-01 -1.396051e-02 -1.498570e+00 -3.244826e-03 1.405428e-02 -9.998960e-01 -8.058949e-01 9.996217e-01 -2.726179e-02 -3.627121e-03 5.432011e+01
-2.749104e-02 -9.995310e-01 -1.349563e-02 -1.537705e+00 -6.717418e-03 1.368515e-02 -9.998838e-01 -8.296971e-01 9.995995e-01 -2.739719e-02 -7.090486e-03 5.539273e+01
-2.736012e-02 -9.995441e-01 -1.276800e-02 -1.560963e+00 -8.499624e-03 1.300494e-02 -9.998793e-01 -8.552471e-01 9.995895e-01 -2.724829e-02 -8.851566e-03 5.648082e+01
-2.673125e-02 -9.995850e-01 -1.073052e-02 -1.585444e+00 -6.922834e-03 1.091921e-02 -9.999164e-01 -8.780686e-01 9.996187e-01 -2.665473e-02 -7.211845e-03 5.755602e+01
-2.643175e-02 -9.996029e-01 -9.770403e-03 -1.615470e+00 -1.014070e-03 9.800624e-03 -9.999515e-01 -9.009556e-01 9.996501e-01 -2.642056e-02 -1.272715e-03 5.866506e+01
-2.755836e-02 -9.995901e-01 -7.755826e-03 -1.654065e+00 4.097134e-03 7.645758e-03 -9.999624e-01 -9.153285e-01 9.996118e-01 -2.758910e-02 3.884750e-03 5.976812e+01
-2.701186e-02 -9.996251e-01 -4.468645e-03 -1.687495e+00 5.485170e-03 4.321992e-03 -9.999756e-01 -9.178742e-01 9.996201e-01 -2.703571e-02 5.366369e-03 6.082672e+01
-2.601670e-02 -9.996582e-01 -2.579372e-03 -1.706624e+00 2.337245e-03 2.519410e-03 -9.999941e-01 -9.290185e-01 9.996588e-01 -2.602258e-02 2.270899e-03 6.191529e+01
-2.605438e-02 -9.996595e-01 -1.415818e-03 -1.735398e+00 5.734444e-04 1.401353e-03 -9.999989e-01 -9.443445e-01 9.996604e-01 -2.605516e-02 5.367378e-04 6.298879e+01
-2.628495e-02 -9.996479e-01 -3.645767e-03 -1.775097e+00 -2.874117e-03 3.722583e-03 -9.999889e-01 -9.638284e-01 9.996504e-01 -2.627419e-02 -2.970953e-03 6.408177e+01
-2.625527e-02 -9.996534e-01 -1.927945e-03 -1.807086e+00 -7.309272e-03 2.120531e-03 -9.999710e-01 -9.804286e-01 9.996285e-01 -2.624042e-02 -7.362414e-03 6.513326e+01
-2.552872e-02 -9.996647e-01 -4.336722e-03 -1.842671e+00 -7.936976e-03 4.540684e-03 -9.999582e-01 -9.956517e-01 9.996426e-01 -2.549323e-02 -8.050232e-03 6.621577e+01
-2.403216e-02 -9.996763e-01 -8.351487e-03 -1.888573e+00 -4.460432e-03 8.461038e-03 -9.999543e-01 -1.015544e+00 9.997013e-01 -2.399381e-02 -4.662325e-03 6.732293e+01
-2.440437e-02 -9.996616e-01 -9.001111e-03 -1.932090e+00 -2.819807e-03 9.072590e-03 -9.999549e-01 -1.041171e+00 9.996982e-01 -2.437789e-02 -3.040263e-03 6.840759e+01
-2.400204e-02 -9.996756e-01 -8.515644e-03 -1.953006e+00 -2.151653e-03 8.569735e-03 -9.999610e-01 -1.052320e+00 9.997096e-01 -2.398278e-02 -2.356646e-03 6.951381e+01
-2.405013e-02 -9.996827e-01 -7.497747e-03 -1.986975e+00 -1.217812e-03 7.529207e-03 -9.999709e-01 -1.076196e+00 9.997100e-01 -2.404030e-02 -1.398504e-03 7.059480e+01
-2.432518e-02 -9.996818e-01 -6.670672e-03 -2.023321e+00 2.346447e-04 6.666936e-03 -9.999778e-01 -1.095835e+00 9.997041e-01 -2.432621e-02 7.239564e-05 7.168147e+01
-2.482115e-02 -9.996729e-01 -6.158760e-03 -2.046532e+00 2.018501e-03 6.110530e-03 -9.999793e-01 -1.112681e+00 9.996899e-01 -2.483307e-02 1.866170e-03 7.278033e+01
-2.464017e-02 -9.996848e-01 -4.805235e-03 -2.074125e+00 3.465664e-03 4.721246e-03 -9.999828e-01 -1.124432e+00 9.996904e-01 -2.465641e-02 3.348240e-03 7.387408e+01
-2.513011e-02 -9.996759e-01 -4.075851e-03 -2.107347e+00 2.926912e-03 4.003545e-03 -9.999877e-01 -1.140892e+00 9.996799e-01 -2.514173e-02 2.825354e-03 7.496803e+01
-2.588645e-02 -9.996602e-01 -3.068950e-03 -2.139420e+00 -4.097927e-04 3.080590e-03 -9.999952e-01 -1.155288e+00 9.996648e-01 -2.588506e-02 -4.893990e-04 7.603659e+01
-2.726781e-02 -9.996224e-01 -3.391684e-03 -2.178803e+00 -2.060127e-03 3.449134e-03 -9.999920e-01 -1.174749e+00 9.996260e-01 -2.726061e-02 -2.153399e-03 7.709290e+01
-2.858360e-02 -9.995763e-01 -5.493183e-03 -2.216461e+00 -5.408259e-04 5.510892e-03 -9.999847e-01 -1.197494e+00 9.995912e-01 -2.858019e-02 -6.981179e-04 7.817019e+01
-2.897314e-02 -9.995422e-01 -8.712525e-03 -2.261121e+00 3.650625e-03 8.610317e-03 -9.999563e-01 -1.220199e+00 9.995735e-01 -2.900368e-02 3.399486e-03 7.927261e+01
-2.921753e-02 -9.995207e-01 -1.023797e-02 -2.301507e+00 7.037370e-03 1.003640e-02 -9.999249e-01 -1.232105e+00 9.995483e-01 -2.928738e-02 6.740758e-03 8.036735e+01
-2.958721e-02 -9.995124e-01 -9.972539e-03 -2.344739e+00 7.886375e-03 9.743170e-03 -9.999214e-01 -1.234956e+00 9.995311e-01 -2.966354e-02 7.594257e-03 8.141719e+01
-2.997032e-02 -9.995140e-01 -8.576399e-03 -2.387542e+00 5.848428e-03 8.404754e-03 -9.999475e-01 -1.240430e+00 9.995337e-01 -3.001891e-02 5.593693e-03 8.245689e+01
-3.083309e-02 -9.994954e-01 -7.628318e-03 -2.415813e+00 6.051794e-03 7.445128e-03 -9.999540e-01 -1.250553e+00 9.995062e-01 -3.087784e-02 5.819184e-03 8.347778e+01
-3.091446e-02 -9.994836e-01 -8.766952e-03 -2.454390e+00 6.192905e-03 8.579441e-03 -9.999440e-01 -1.267855e+00 9.995028e-01 -3.096703e-02 5.924479e-03 8.453461e+01
-3.226680e-02 -9.994497e-01 -7.696930e-03 -2.495552e+00 6.049447e-03 7.505506e-03 -9.999535e-01 -1.276608e+00 9.994610e-01 -3.231186e-02 5.803939e-03 8.555426e+01
-3.239803e-02 -9.994486e-01 -7.268095e-03 -2.530444e+00 7.645359e-03 7.023882e-03 -9.999461e-01 -1.290669e+00 9.994458e-01 -3.245185e-02 7.413584e-03 8.656983e+01
-3.271951e-02 -9.994433e-01 -6.519035e-03 -2.568013e+00 1.057805e-02 6.175875e-03 -9.999250e-01 -1.301114e+00 9.994086e-01 -3.278601e-02 1.037009e-02 8.755814e+01
-3.464961e-02 -9.993832e-01 -5.722056e-03 -2.605248e+00 1.177798e-02 5.316755e-03 -9.999165e-01 -1.311714e+00 9.993301e-01 -3.471411e-02 1.158649e-02 8.851982e+01
-3.665476e-02 -9.993179e-01 -4.497201e-03 -2.648839e+00 1.191058e-02 4.063037e-03 -9.999208e-01 -1.315161e+00 9.992570e-01 -3.670542e-02 1.175353e-02 8.947594e+01
-3.963687e-02 -9.992055e-01 -4.154093e-03 -2.673478e+00 1.165663e-02 3.694685e-03 -9.999253e-01 -1.329750e+00 9.991462e-01 -3.968232e-02 1.150093e-02 9.040515e+01
-4.264803e-02 -9.990817e-01 -4.120114e-03 -2.715304e+00 1.088964e-02 3.658781e-03 -9.999340e-01 -1.336002e+00 9.990308e-01 -4.269008e-02 1.072360e-02 9.131129e+01
-4.552511e-02 -9.989560e-01 -3.798530e-03 -2.763202e+00 1.120583e-02 3.291561e-03 -9.999318e-01 -1.344995e+00 9.989004e-01 -4.556458e-02 1.104428e-02 9.221248e+01
-4.908693e-02 -9.987851e-01 -4.327550e-03 -2.815990e+00 1.217196e-02 3.734251e-03 -9.999189e-01 -1.353910e+00 9.987203e-01 -4.913563e-02 1.197387e-02 9.306204e+01
-5.206731e-02 -9.986323e-01 -4.739127e-03 -2.876609e+00 1.285299e-02 4.075049e-03 -9.999091e-01 -1.359285e+00 9.985608e-01 -5.212349e-02 1.262324e-02 9.389993e+01
-5.532960e-02 -9.984603e-01 -3.953159e-03 -2.926644e+00 1.374417e-02 3.197229e-03 -9.999005e-01 -1.359240e+00 9.983736e-01 -5.537843e-02 1.354610e-02 9.471207e+01
-5.736326e-02 -9.983394e-01 -5.277870e-03 -2.977641e+00 1.435536e-02 4.461211e-03 -9.998870e-01 -1.362528e+00 9.982502e-01 -5.743254e-02 1.407561e-02 9.550601e+01
-6.064242e-02 -9.981272e-01 -8.037326e-03 -3.030387e+00 1.508644e-02 7.134690e-03 -9.998608e-01 -1.371587e+00 9.980456e-01 -6.075523e-02 1.462552e-02 9.626395e+01
-6.256599e-02 -9.979954e-01 -9.521356e-03 -3.081257e+00 1.448722e-02 8.630896e-03 -9.998578e-01 -1.381232e+00 9.979357e-01 -6.269503e-02 1.391818e-02 9.699166e+01
-6.485663e-02 -9.978288e-01 -1.145515e-02 -3.135193e+00 1.160223e-02 1.072453e-02 -9.998752e-01 -1.392208e+00 9.978272e-01 -6.498143e-02 1.088149e-02 9.769468e+01
-6.677923e-02 -9.976769e-01 -1.346724e-02 -3.180685e+00 8.239181e-03 1.294552e-02 -9.998823e-01 -1.397585e+00 9.977338e-01 -6.688233e-02 7.355548e-03 9.835632e+01
-6.929386e-02 -9.974835e-01 -1.500147e-02 -3.230186e+00 6.096025e-03 1.461395e-02 -9.998747e-01 -1.399364e+00 9.975777e-01 -6.937662e-02 5.068027e-03 9.899779e+01
-7.040822e-02 -9.973722e-01 -1.707144e-02 -3.283916e+00 5.358861e-03 1.673548e-02 -9.998456e-01 -1.414178e+00 9.975039e-01 -7.048883e-02 4.166463e-03 9.959917e+01
-7.024689e-02 -9.973575e-01 -1.852948e-02 -3.333473e+00 5.724752e-03 1.817199e-02 -9.998185e-01 -1.421921e+00 9.975132e-01 -7.034022e-02 4.433099e-03 1.001877e+02
-6.837106e-02 -9.974151e-01 -2.210442e-02 -3.397802e+00 6.143603e-03 2.173492e-02 -9.997449e-01 -1.433097e+00 9.976410e-01 -6.848941e-02 4.641682e-03 1.007611e+02
-6.442955e-02 -9.976271e-01 -2.427082e-02 -3.448451e+00 7.194885e-03 2.385633e-02 -9.996895e-01 -1.442167e+00 9.978963e-01 -6.458417e-02 5.640760e-03 1.013087e+02
-5.649108e-02 -9.980463e-01 -2.668933e-02 -3.479440e+00 9.280592e-03 2.620594e-02 -9.996135e-01 -1.449051e+00 9.983600e-01 -5.671694e-02 7.782058e-03 1.018108e+02
-4.767851e-02 -9.985163e-01 -2.630527e-02 -3.508006e+00 1.116328e-02 2.580091e-02 -9.996048e-01 -1.451853e+00 9.988003e-01 -4.795332e-02 9.916564e-03 1.023111e+02
-3.528496e-02 -9.990203e-01 -2.670909e-02 -3.512617e+00 1.234263e-02 2.628807e-02 -9.995782e-01 -1.458511e+00 9.993011e-01 -3.559974e-02 1.140296e-02 1.027876e+02
-2.221758e-02 -9.994143e-01 -2.602693e-02 -3.530733e+00 1.240802e-02 2.575570e-02 -9.995912e-01 -1.464774e+00 9.996762e-01 -2.253144e-02 1.182852e-02 1.032267e+02
-6.307192e-03 -9.996524e-01 -2.559809e-02 -3.522690e+00 1.295959e-02 2.551474e-02 -9.995905e-01 -1.477507e+00 9.998961e-01 -6.636350e-03 1.279416e-02 1.036512e+02
1.051203e-02 -9.996413e-01 -2.463234e-02 -3.518733e+00 1.038315e-02 2.474149e-02 -9.996400e-01 -1.482955e+00 9.998909e-01 1.025249e-02 1.063951e-02 1.040750e+02
3.213218e-02 -9.991983e-01 -2.387924e-02 -3.497597e+00 7.189088e-03 2.412201e-02 -9.996832e-01 -1.487203e+00 9.994578e-01 3.195033e-02 7.958418e-03 1.044697e+02
5.571919e-02 -9.982074e-01 -2.184969e-02 -3.476350e+00 2.870365e-03 2.204374e-02 -9.997529e-01 -1.489257e+00 9.984424e-01 5.564270e-02 4.093479e-03 1.048865e+02
8.377637e-02 -9.962777e-01 -2.030216e-02 -3.426338e+00 -1.591491e-04 2.036040e-02 -9.997927e-01 -1.500250e+00 9.964846e-01 8.376224e-02 1.547164e-03 1.052694e+02
1.127290e-01 -9.934672e-01 -1.775132e-02 -3.366017e+00 -1.366663e-03 1.771016e-02 -9.998422e-01 -1.504244e+00 9.936249e-01 1.127354e-01 6.387122e-04 1.056710e+02
1.461717e-01 -9.891350e-01 -1.567400e-02 -3.281868e+00 -2.824031e-03 1.542689e-02 -9.998770e-01 -1.514589e+00 9.892552e-01 1.461980e-01 -5.383715e-04 1.060339e+02
1.813603e-01 -9.833326e-01 -1.286604e-02 -3.204967e+00 -3.853067e-03 1.237238e-02 -9.999160e-01 -1.517470e+00 9.834092e-01 1.813947e-01 -1.544988e-03 1.064235e+02
2.202523e-01 -9.753966e-01 -9.511869e-03 -3.096469e+00 -4.670195e-03 8.696754e-03 -9.999513e-01 -1.527768e+00 9.754317e-01 2.202860e-01 -2.639811e-03 1.067757e+02
2.599107e-01 -9.656047e-01 -7.342816e-03 -2.979435e+00 -5.351474e-03 6.163667e-03 -9.999667e-01 -1.540242e+00 9.656178e-01 2.599414e-01 -3.565405e-03 1.071510e+02
3.009649e-01 -9.535940e-01 -8.861132e-03 -2.842857e+00 -6.812037e-03 7.141945e-03 -9.999513e-01 -1.557310e+00 9.536109e-01 3.010106e-01 -4.346443e-03 1.074744e+02
3.452446e-01 -9.384528e-01 -1.060664e-02 -2.712776e+00 -7.318418e-03 8.609191e-03 -9.999362e-01 -1.559666e+00 9.384842e-01 3.453002e-01 -3.895713e-03 1.078139e+02
3.907104e-01 -9.204570e-01 -1.020953e-02 -2.555153e+00 -5.525844e-03 8.745628e-03 -9.999465e-01 -1.568456e+00 9.204971e-01 3.907459e-01 -1.669294e-03 1.081463e+02
4.344829e-01 -9.006252e-01 -9.940210e-03 -2.377818e+00 -4.631558e-03 8.802091e-03 -9.999505e-01 -1.568162e+00 9.006681e-01 4.345075e-01 -3.469397e-04 1.084437e+02
4.792874e-01 -8.776201e-01 -8.159583e-03 -2.177671e+00 -4.890154e-03 6.626464e-03 -9.999661e-01 -1.576413e+00 8.776444e-01 4.793110e-01 -1.115717e-03 1.087643e+02
5.213798e-01 -8.532871e-01 -8.011973e-03 -1.987159e+00 -6.706852e-03 5.291143e-03 -9.999635e-01 -1.585991e+00 8.532984e-01 5.214145e-01 -2.964176e-03 1.090461e+02
5.637804e-01 -8.258716e-01 -9.363878e-03 -1.779825e+00 -8.916968e-03 5.250410e-03 -9.999465e-01 -1.591873e+00 8.258766e-01 5.638337e-01 -4.404192e-03 1.093237e+02
6.052988e-01 -7.958921e-01 -1.300825e-02 -1.536746e+00 -1.251381e-02 6.825465e-03 -9.998984e-01 -1.606200e+00 7.959000e-01 6.054000e-01 -5.828197e-03 1.095843e+02
6.476690e-01 -7.616818e-01 -1.912571e-02 -1.297374e+00 -1.642275e-02 1.114041e-02 -9.998031e-01 -1.616285e+00 7.617449e-01 6.478555e-01 -5.293612e-03 1.098306e+02
6.880081e-01 -7.253286e-01 -2.330916e-02 -1.049234e+00 -1.910938e-02 1.400085e-02 -9.997194e-01 -1.612073e+00 7.254514e-01 6.882604e-01 -4.227882e-03 1.100702e+02
7.272478e-01 -6.859519e-01 -2.409678e-02 -7.908243e-01 -2.077994e-02 1.308743e-02 -9.996984e-01 -1.621365e+00 6.860604e-01 7.275292e-01 -4.736231e-03 1.102755e+02
7.638081e-01 -6.450895e-01 -2.137262e-02 -4.609082e-01 -1.940816e-02 1.014337e-02 -9.997602e-01 -1.647956e+00 6.451516e-01 7.640397e-01 -4.772417e-03 1.104878e+02
7.987369e-01 -6.013564e-01 -1.974231e-02 -1.631171e-01 -1.753184e-02 9.536856e-03 -9.998008e-01 -1.643507e+00 6.014249e-01 7.989240e-01 -2.925446e-03 1.106720e+02
8.310027e-01 -5.559725e-01 -1.814399e-02 1.775365e-01 -1.548195e-02 9.488705e-03 -9.998351e-01 -1.655489e+00 5.560530e-01 8.311465e-01 -7.223990e-04 1.108721e+02
8.610311e-01 -5.083061e-01 -1.581779e-02 5.021728e-01 -1.290896e-02 9.247916e-03 -9.998739e-01 -1.666526e+00 5.083883e-01 8.611268e-01 1.401038e-03 1.110490e+02
8.888673e-01 -4.580373e-01 -1.079958e-02 8.468347e-01 -8.507733e-03 7.066395e-03 -9.999388e-01 -1.682971e+00 4.580857e-01 8.889049e-01 2.384228e-03 1.111929e+02
9.137435e-01 -4.061544e-01 -1.055688e-02 1.201783e+00 -7.425756e-03 9.284383e-03 -9.999293e-01 -1.687826e+00 4.062237e-01 9.137573e-01 5.467541e-03 1.113320e+02
9.351203e-01 -3.540735e-01 -1.348619e-02 1.572539e+00 -9.476133e-03 1.305693e-02 -9.998698e-01 -1.694721e+00 3.542035e-01 9.351264e-01 8.854557e-03 1.114525e+02
9.528275e-01 -3.029796e-01 -1.797755e-02 1.992255e+00 -1.374451e-02 1.609803e-02 -9.997759e-01 -1.708922e+00 3.032012e-01 9.528611e-01 1.117433e-02 1.115999e+02
9.663304e-01 -2.565621e-01 -1.953187e-02 2.388040e+00 -1.615235e-02 1.527326e-02 -9.997529e-01 -1.711992e+00 2.567970e-01 9.664071e-01 1.061494e-02 1.116969e+02
9.763027e-01 -2.155389e-01 -1.939165e-02 2.806625e+00 -1.762090e-02 1.013419e-02 -9.997934e-01 -1.725271e+00 2.156909e-01 9.764426e-01 6.096049e-03 1.117571e+02
9.835011e-01 -1.798765e-01 -1.923275e-02 3.244464e+00 -1.906527e-02 2.659990e-03 -9.998147e-01 -1.737630e+00 1.798944e-01 9.836856e-01 -8.132915e-04 1.118058e+02
9.887561e-01 -1.481971e-01 -1.997457e-02 3.678490e+00 -2.035503e-02 -1.050963e-03 -9.997923e-01 -1.749815e+00 1.481454e-01 9.889573e-01 -4.055704e-03 1.118610e+02
9.925219e-01 -1.206693e-01 -1.841468e-02 4.123971e+00 -1.851939e-02 2.537407e-04 -9.998285e-01 -1.771991e+00 1.206533e-01 9.926927e-01 -1.982879e-03 1.118934e+02
9.952822e-01 -9.573103e-02 -1.577413e-02 4.608959e+00 -1.531462e-02 5.532895e-03 -9.998674e-01 -1.778850e+00 9.580561e-02 9.953918e-01 4.040708e-03 1.119389e+02
9.973576e-01 -7.140979e-02 -1.335675e-02 5.131795e+00 -1.274705e-02 8.986975e-03 -9.998783e-01 -1.792670e+00 7.152114e-02 9.974066e-01 8.052964e-03 1.119783e+02
9.986627e-01 -5.063118e-02 -1.045885e-02 5.647807e+00 -1.017639e-02 5.833288e-03 -9.999312e-01 -1.809033e+00 5.068871e-02 9.987004e-01 5.310244e-03 1.119848e+02
9.994535e-01 -3.126955e-02 -1.071483e-02 6.192504e+00 -1.071431e-02 1.841780e-04 -9.999426e-01 -1.821739e+00 3.126972e-02 9.995109e-01 -1.509541e-04 1.119822e+02
9.998929e-01 -1.020717e-02 -1.048643e-02 6.751232e+00 -1.053388e-02 -4.606191e-03 -9.999339e-01 -1.816026e+00 1.015819e-02 9.999373e-01 -4.713219e-03 1.119808e+02
9.998728e-01 3.383169e-03 -1.558637e-02 7.330661e+00 -1.556597e-02 -5.974443e-03 -9.998610e-01 -1.820094e+00 -3.475818e-03 9.999765e-01 -5.921021e-03 1.119690e+02
9.996769e-01 1.591481e-02 -1.981750e-02 7.921029e+00 -1.975736e-02 -3.927020e-03 -9.997971e-01 -1.832263e+00 -1.598941e-02 9.998657e-01 -3.611316e-03 1.119659e+02
9.995621e-01 2.190399e-02 -1.989589e-02 8.520606e+00 -1.981436e-02 -3.932597e-03 -9.997959e-01 -1.846858e+00 -2.197776e-02 9.997523e-01 -3.496861e-03 1.119488e+02
9.995635e-01 2.411912e-02 -1.706024e-02 9.147457e+00 -1.683071e-02 -9.687991e-03 -9.998114e-01 -1.860071e+00 -2.427985e-02 9.996622e-01 -9.277821e-03 1.119253e+02
9.995788e-01 2.439338e-02 -1.571819e-02 9.810673e+00 -1.544534e-02 -1.133414e-02 -9.998165e-01 -1.871804e+00 -2.456706e-02 9.996382e-01 -1.095260e-02 1.119134e+02
9.996149e-01 2.301138e-02 -1.551019e-02 1.048028e+01 -1.529220e-02 -9.618720e-03 -9.998368e-01 -1.891473e+00 -2.315681e-02 9.996889e-01 -9.263121e-03 1.119068e+02
9.996146e-01 2.247273e-02 -1.629828e-02 1.115894e+01 -1.613674e-02 -7.351183e-03 -9.998428e-01 -1.911752e+00 -2.258901e-02 9.997205e-01 -6.985713e-03 1.119029e+02
9.996570e-01 2.030458e-02 -1.653800e-02 1.184953e+01 -1.636757e-02 -8.531425e-03 -9.998296e-01 -1.925256e+00 -2.044221e-02 9.997575e-01 -8.196162e-03 1.118851e+02
9.996790e-01 1.847066e-02 -1.734330e-02 1.256728e+01 -1.720841e-02 -7.436955e-03 -9.998243e-01 -1.936323e+00 -1.859640e-02 9.998018e-01 -7.116716e-03 1.118727e+02
9.996789e-01 1.861152e-02 -1.719424e-02 1.330271e+01 -1.707009e-02 -6.809206e-03 -9.998311e-01 -1.968676e+00 -1.872546e-02 9.998036e-01 -6.489320e-03 1.118695e+02
9.997110e-01 1.773795e-02 -1.622450e-02 1.404687e+01 -1.613704e-02 -5.062581e-03 -9.998569e-01 -1.987401e+00 -1.781755e-02 9.998298e-01 -4.774879e-03 1.118629e+02
9.997281e-01 1.787613e-02 -1.496806e-02 1.482341e+01 -1.486852e-02 -5.688571e-03 -9.998733e-01 -2.005932e+00 -1.795901e-02 9.998240e-01 -5.421233e-03 1.118571e+02
9.997663e-01 1.791081e-02 -1.210888e-02 1.562215e+01 -1.201207e-02 -5.502861e-03 -9.999127e-01 -2.022359e+00 -1.797588e-02 9.998245e-01 -5.286430e-03 1.118407e+02
9.997665e-01 1.839199e-02 -1.134206e-02 1.640164e+01 -1.125632e-02 -4.758250e-03 -9.999253e-01 -2.039761e+00 -1.844458e-02 9.998195e-01 -4.550112e-03 1.118379e+02
9.997497e-01 1.978566e-02 -1.044486e-02 1.720653e+01 -1.037776e-02 -3.491200e-03 -9.999400e-01 -2.051075e+00 -1.982094e-02 9.997982e-01 -3.284995e-03 1.118228e+02
9.997528e-01 2.080041e-02 -7.859414e-03 1.802698e+01 -7.783053e-03 -3.749544e-03 -9.999627e-01 -2.057343e+00 -2.082910e-02 9.997766e-01 -3.586726e-03 1.117992e+02
9.997587e-01 2.116872e-02 -5.860507e-03 1.885452e+01 -5.777834e-03 -3.964473e-03 -9.999754e-01 -2.075013e+00 -2.119144e-02 9.997681e-01 -3.841207e-03 1.117797e+02
9.997342e-01 2.249554e-02 -5.054256e-03 1.967894e+01 -4.947965e-03 -4.778150e-03 -9.999763e-01 -2.086473e+00 -2.251916e-02 9.997355e-01 -4.665573e-03 1.117682e+02
9.996527e-01 2.478062e-02 -8.964060e-03 2.050617e+01 -8.911262e-03 -2.240220e-03 -9.999578e-01 -2.107319e+00 -2.479965e-02 9.996904e-01 -2.018616e-03 1.117593e+02
9.995470e-01 2.706019e-02 -1.317518e-02 2.131517e+01 -1.307446e-02 -3.895876e-03 -9.999070e-01 -2.120298e+00 -2.710900e-02 9.996262e-01 -3.540314e-03 1.117415e+02
9.995355e-01 2.699461e-02 -1.414638e-02 2.215247e+01 -1.410746e-02 -1.631483e-03 -9.998991e-01 -2.145079e+00 -2.701496e-02 9.996343e-01 -1.249900e-03 1.117298e+02
9.995426e-01 2.768359e-02 -1.217429e-02 2.300347e+01 -1.227017e-02 3.296069e-03 -9.999193e-01 -2.166623e+00 -2.764123e-02 9.996113e-01 3.634244e-03 1.117209e+02
9.995587e-01 2.849524e-02 -8.388084e-03 2.387376e+01 -8.523203e-03 4.623653e-03 -9.999530e-01 -2.185846e+00 -2.845511e-02 9.995832e-01 4.864484e-03 1.117071e+02
9.995798e-01 2.866598e-02 -4.288937e-03 2.474301e+01 -4.431959e-03 4.927573e-03 -9.999781e-01 -2.192486e+00 -2.864422e-02 9.995769e-01 5.052549e-03 1.116866e+02
9.996163e-01 2.769737e-02 8.727537e-05 2.559189e+01 -8.729143e-05 6.301378e-03 -9.999802e-01 -2.199586e+00 -2.769737e-02 9.995965e-01 6.301378e-03 1.116703e+02
9.996485e-01 2.642259e-02 2.197806e-03 2.644130e+01 1.983631e-03 8.129236e-03 -9.999650e-01 -2.214859e+00 -2.643953e-02 9.996178e-01 8.073966e-03 1.116552e+02
9.996358e-01 2.687280e-02 -2.456133e-03 2.727242e+01 -2.662613e-03 7.650513e-03 -9.999672e-01 -2.240948e+00 -2.685313e-02 9.996096e-01 7.719279e-03 1.116315e+02
9.995502e-01 2.687746e-02 -1.330800e-02 2.808308e+01 -1.349555e-02 6.808907e-03 -9.998857e-01 -2.251010e+00 -2.678377e-02 9.996156e-01 7.168570e-03 1.116031e+02
9.994783e-01 2.717663e-02 -1.745030e-02 2.890911e+01 -1.757132e-02 4.220599e-03 -9.998367e-01 -2.273861e+00 -2.709854e-02 9.996217e-01 4.695927e-03 1.115869e+02
9.995922e-01 2.514558e-02 -1.353121e-02 2.974304e+01 -1.361322e-02 3.093090e-03 -9.999025e-01 -2.291566e+00 -2.510128e-02 9.996790e-01 3.434141e-03 1.115748e+02
9.996694e-01 2.445224e-02 -7.952190e-03 3.057294e+01 -7.961567e-03 2.861152e-04 -9.999683e-01 -2.313456e+00 -2.444919e-02 9.997010e-01 4.806987e-04 1.115642e+02
9.996803e-01 2.481473e-02 -4.845872e-03 3.141249e+01 -4.812841e-03 -1.390657e-03 -9.999874e-01 -2.327316e+00 -2.482115e-02 9.996911e-01 -1.270783e-03 1.115470e+02
9.996967e-01 2.430016e-02 -3.992887e-03 3.223999e+01 -3.977024e-03 -7.010807e-04 -9.999918e-01 -2.344861e+00 -2.430276e-02 9.997045e-01 -6.042257e-04 1.115213e+02
9.996703e-01 2.536100e-02 -4.025446e-03 3.305282e+01 -4.032711e-03 2.353403e-04 -9.999918e-01 -2.358801e+00 -2.535985e-02 9.996783e-01 3.375363e-04 1.115057e+02
9.996580e-01 2.580266e-02 -4.239041e-03 3.387634e+01 -4.303537e-03 2.444583e-03 -9.999878e-01 -2.376168e+00 -2.579198e-02 9.996641e-01 2.554790e-03 1.114996e+02
9.995818e-01 2.861911e-02 -4.142428e-03 3.468108e+01 -4.278926e-03 4.709880e-03 -9.999797e-01 -2.394084e+00 -2.859903e-02 9.995793e-01 4.830369e-03 1.114813e+02
9.995299e-01 3.032671e-02 -4.509030e-03 3.549503e+01 -4.733652e-03 7.339028e-03 -9.999619e-01 -2.417786e+00 -3.029246e-02 9.995131e-01 7.479134e-03 1.114647e+02
9.994352e-01 3.330702e-02 -4.464276e-03 3.628147e+01 -4.726386e-03 7.794945e-03 -9.999585e-01 -2.428396e+00 -3.327084e-02 9.994147e-01 7.947964e-03 1.114283e+02
9.993546e-01 3.575188e-02 -3.496500e-03 3.708428e+01 -3.791471e-03 8.186038e-03 -9.999593e-01 -2.445511e+00 -3.572180e-02 9.993272e-01 8.316306e-03 1.114045e+02
9.993357e-01 3.633962e-02 -2.762592e-03 3.787679e+01 -2.993061e-03 6.289212e-03 -9.999757e-01 -2.463734e+00 -3.632136e-02 9.993197e-01 6.393800e-03 1.113819e+02
9.992805e-01 3.784076e-02 -2.553368e-03 3.865379e+01 -2.827477e-03 7.192011e-03 -9.999701e-01 -2.475173e+00 -3.782127e-02 9.992579e-01 7.293830e-03 1.113555e+02
9.991581e-01 4.088699e-02 -3.363132e-03 3.943702e+01 -3.694617e-03 8.034482e-03 -9.999609e-01 -2.496878e+00 -4.085837e-02 9.991315e-01 8.178779e-03 1.113205e+02
9.990777e-01 4.277314e-02 -3.777918e-03 4.021466e+01 -4.103550e-03 7.527768e-03 -9.999632e-01 -2.503481e+00 -4.274313e-02 9.990565e-01 7.696347e-03 1.112923e+02
9.990627e-01 4.321596e-02 -2.491101e-03 4.099121e+01 -2.779080e-03 6.604919e-03 -9.999743e-01 -2.522488e+00 -4.319840e-02 9.990439e-01 6.718828e-03 1.112543e+02
9.989667e-01 4.543765e-02 -9.791459e-04 4.175541e+01 -1.267436e-03 6.316369e-03 -9.999793e-01 -2.539303e+00 -4.543053e-02 9.989472e-01 6.367432e-03 1.112209e+02
9.988884e-01 4.713207e-02 -7.369625e-04 4.252761e+01 -1.087140e-03 7.404502e-03 -9.999720e-01 -2.553383e+00 -4.712530e-02 9.988612e-01 7.447510e-03 1.111902e+02
9.988431e-01 4.808799e-02 9.663381e-05 4.327184e+01 -3.350137e-04 8.968061e-03 -9.999597e-01 -2.570240e+00 -4.808692e-02 9.988028e-01 8.973796e-03 1.111630e+02
9.988052e-01 4.886586e-02 6.140440e-04 4.399394e+01 1.867918e-04 8.747455e-03 -9.999617e-01 -2.591072e+00 -4.886936e-02 9.987670e-01 8.727876e-03 1.111385e+02
9.987834e-01 4.930326e-02 9.277365e-04 4.469798e+01 4.873964e-04 8.942531e-03 -9.999599e-01 -2.602260e+00 -4.930958e-02 9.987438e-01 8.907622e-03 1.111081e+02
9.987387e-01 5.020550e-02 -6.236859e-04 4.541185e+01 -1.123318e-03 9.924148e-03 -9.999501e-01 -2.617073e+00 -5.019680e-02 9.986896e-01 9.968027e-03 1.110724e+02
9.987252e-01 5.039987e-02 -2.808890e-03 4.612971e+01 -3.319935e-03 1.005894e-02 -9.999439e-01 -2.634016e+00 -5.036879e-02 9.986784e-01 1.021344e-02 1.110403e+02
9.987324e-01 5.012622e-02 -4.572164e-03 4.682155e+01 -5.177161e-03 1.194629e-02 -9.999152e-01 -2.637873e+00 -5.006735e-02 9.986714e-01 1.219066e-02 1.110196e+02
9.986902e-01 5.088786e-02 -5.324930e-03 4.749595e+01 -5.927348e-03 1.169456e-02 -9.999141e-01 -2.658280e+00 -5.082121e-02 9.986359e-01 1.198087e-02 1.109919e+02
9.987152e-01 5.040546e-02 -5.230178e-03 4.819315e+01 -5.742925e-03 1.003299e-02 -9.999332e-01 -2.673996e+00 -5.034962e-02 9.986784e-01 1.030957e-02 1.109561e+02
9.987072e-01 5.058794e-02 -4.979785e-03 4.887517e+01 -5.430599e-03 8.777949e-03 -9.999467e-01 -2.689554e+00 -5.054154e-02 9.986810e-01 9.041323e-03 1.109334e+02
9.987158e-01 5.033781e-02 -5.735029e-03 4.954018e+01 -6.312161e-03 1.131371e-02 -9.999161e-01 -2.698854e+00 -5.026870e-02 9.986682e-01 1.161692e-02 1.109079e+02
9.987256e-01 5.013042e-02 -5.843997e-03 5.023371e+01 -6.541807e-03 1.376713e-02 -9.998838e-01 -2.715710e+00 -5.004414e-02 9.986478e-01 1.407753e-02 1.108783e+02
9.987440e-01 4.991633e-02 -4.334415e-03 5.090289e+01 -4.977202e-03 1.276018e-02 -9.999062e-01 -2.725622e+00 -4.985634e-02 9.986719e-01 1.299260e-02 1.108428e+02
9.986991e-01 5.086865e-02 -3.533342e-03 5.157232e+01 -4.182041e-03 1.265165e-02 -9.999112e-01 -2.747864e+00 -5.081943e-02 9.986252e-01 1.284793e-02 1.108131e+02
9.985008e-01 5.464331e-02 -3.188972e-03 5.226335e+01 -4.116219e-03 1.686495e-02 -9.998493e-01 -2.765926e+00 -5.458129e-02 9.983635e-01 1.706459e-02 1.107817e+02
9.982132e-01 5.964456e-02 -3.595341e-03 5.293998e+01 -4.727684e-03 1.885461e-02 -9.998111e-01 -2.774063e+00 -5.956551e-02 9.980416e-01 1.910290e-02 1.107522e+02
9.977753e-01 6.647521e-02 -5.055441e-03 5.359629e+01 -6.343256e-03 1.917609e-02 -9.997960e-01 -2.790472e+00 -6.636470e-02 9.976038e-01 1.955510e-02 1.107089e+02
9.973151e-01 7.291568e-02 -6.774194e-03 5.426646e+01 -8.026389e-03 1.689390e-02 -9.998251e-01 -2.799057e+00 -7.278848e-02 9.971950e-01 1.743379e-02 1.106589e+02
9.967909e-01 7.961036e-02 -8.368414e-03 5.493480e+01 -9.757366e-03 1.707389e-02 -9.998066e-01 -2.820506e+00 -7.945208e-02 9.966798e-01 1.779588e-02 1.106130e+02
9.963203e-01 8.528127e-02 -8.540032e-03 5.562058e+01 -1.035768e-02 2.089393e-02 -9.997280e-01 -2.823123e+00 -8.507964e-02 9.961378e-01 2.170036e-02 1.105725e+02
9.957861e-01 9.135970e-02 -7.960944e-03 5.631358e+01 -9.799626e-03 1.969482e-02 -9.997580e-01 -2.834876e+00 -9.118080e-02 9.956232e-01 2.050712e-02 1.105042e+02
9.953955e-01 9.548487e-02 -8.393951e-03 5.700383e+01 -1.046579e-02 2.121802e-02 -9.997201e-01 -2.848084e+00 -9.528004e-02 9.952047e-01 2.211965e-02 1.104470e+02
9.950382e-01 9.917460e-02 -7.965742e-03 5.768587e+01 -1.026764e-02 2.272182e-02 -9.996891e-01 -2.857839e+00 -9.896276e-02 9.948106e-01 2.362737e-02 1.103829e+02
9.948405e-01 1.013201e-01 -5.162692e-03 5.837599e+01 -7.443318e-03 2.214397e-02 -9.997271e-01 -2.874964e+00 -1.011782e-01 9.946074e-01 2.278388e-02 1.103194e+02
9.945251e-01 1.044838e-01 -1.749887e-03 5.908447e+01 -3.887327e-03 2.025702e-02 -9.997873e-01 -2.887592e+00 -1.044261e-01 9.943203e-01 2.055227e-02 1.102372e+02
9.944190e-01 1.055008e-01 6.510949e-04 5.979609e+01 -1.491742e-03 2.023090e-02 -9.997942e-01 -2.899458e+00 -1.054923e-01 9.942134e-01 2.027537e-02 1.101678e+02
9.942983e-01 1.066215e-01 1.619363e-03 6.050531e+01 -5.151869e-04 1.998929e-02 -9.998001e-01 -2.914629e+00 -1.066326e-01 9.940987e-01 1.993025e-02 1.101010e+02
9.941522e-01 1.079882e-01 -5.603626e-05 6.123170e+01 -2.150045e-03 1.927477e-02 -9.998119e-01 -2.930243e+00 -1.079668e-01 9.939653e-01 1.939423e-02 1.100226e+02
9.940675e-01 1.086618e-01 -4.727543e-03 6.196014e+01 -6.481054e-03 1.578982e-02 -9.998543e-01 -2.933489e+00 -1.085714e-01 9.939533e-01 1.640039e-02 1.099375e+02
9.941003e-01 1.081242e-01 -8.591959e-03 6.269128e+01 -9.901606e-03 1.158138e-02 -9.998839e-01 -2.953002e+00 -1.080121e-01 9.940699e-01 1.258366e-02 1.098545e+02
9.940217e-01 1.087090e-01 -1.016109e-02 6.344086e+01 -1.121889e-02 9.123332e-03 -9.998955e-01 -2.961343e+00 -1.086050e-01 9.940317e-01 1.028838e-02 1.097762e+02
9.939111e-01 1.098440e-01 -8.664301e-03 6.421504e+01 -9.757587e-03 9.419449e-03 -9.999080e-01 -2.980049e+00 -1.097523e-01 9.939042e-01 1.043391e-02 1.096938e+02
9.940119e-01 1.091546e-01 -5.061626e-03 6.495818e+01 -5.911700e-03 7.465594e-03 -9.999546e-01 -2.990705e+00 -1.091118e-01 9.939967e-01 8.066179e-03 1.096147e+02
9.940893e-01 1.085066e-01 -3.579084e-03 6.569358e+01 -4.179459e-03 5.306152e-03 -9.999772e-01 -3.007672e+00 -1.084851e-01 9.940816e-01 5.728288e-03 1.095368e+02
9.940822e-01 1.085898e-01 -2.972486e-03 6.645949e+01 -3.432118e-03 4.046082e-03 -9.999859e-01 -3.022647e+00 -1.085762e-01 9.940784e-01 4.394831e-03 1.094545e+02
9.939021e-01 1.102199e-01 -3.167531e-03 6.720545e+01 -3.663056e-03 4.293585e-03 -9.999841e-01 -3.028735e+00 -1.102046e-01 9.938980e-01 4.671145e-03 1.093795e+02
9.936183e-01 1.126910e-01 -4.837991e-03 6.794637e+01 -5.045856e-03 1.559410e-03 -9.999861e-01 -3.035551e+00 -1.126819e-01 9.936289e-01 2.118081e-03 1.092953e+02
9.932801e-01 1.156353e-01 -4.807386e-03 6.868817e+01 -5.128490e-03 2.479512e-03 -9.999838e-01 -3.042936e+00 -1.156215e-01 9.932886e-01 3.055884e-03 1.092128e+02
9.931690e-01 1.165701e-01 -5.165466e-03 6.941867e+01 -5.294141e-03 7.942430e-04 -9.999857e-01 -3.060434e+00 -1.165643e-01 9.931821e-01 1.405956e-03 1.091328e+02
9.928670e-01 1.191523e-01 -4.227818e-03 7.015723e+01 -4.602402e-03 2.868740e-03 -9.999853e-01 -3.086595e+00 -1.191384e-01 9.928718e-01 3.396664e-03 1.090423e+02
9.925857e-01 1.214416e-01 -5.051476e-03 7.090830e+01 -5.728691e-03 5.227973e-03 -9.999699e-01 -3.097137e+00 -1.214116e-01 9.925848e-01 5.884913e-03 1.089512e+02
9.924387e-01 1.226085e-01 -5.710775e-03 7.167789e+01 -6.663870e-03 7.364823e-03 -9.999506e-01 -3.106646e+00 -1.225604e-01 9.924278e-01 8.126182e-03 1.088648e+02
9.923131e-01 1.236182e-01 -5.774083e-03 7.244427e+01 -6.689309e-03 6.989880e-03 -9.999532e-01 -3.117661e+00 -1.235720e-01 9.923052e-01 7.763069e-03 1.087803e+02
9.922016e-01 1.245199e-01 -5.537891e-03 7.322164e+01 -6.451664e-03 6.936315e-03 -9.999551e-01 -3.151587e+00 -1.244759e-01 9.921929e-01 7.685584e-03 1.086851e+02
9.920399e-01 1.258260e-01 -4.972069e-03 7.398286e+01 -5.857553e-03 6.668362e-03 -9.999606e-01 -3.167106e+00 -1.257879e-01 9.920299e-01 7.352313e-03 1.085879e+02
