0.000000e+00 -1.000000e+00 0.000000e+00 0.000000e+00 0.000000e+00 0.000000e+00 -1.000000e+00 0.000000e+00 1.000000e+00 0.000000e+00 0.000000e+00 0.000000e+00
4.005329e-03 -9.999914e-01 -1.108471e-03 1.400051e-02 -4.750970e-04 1.106577e-03 -9.999993e-01 -5.487245e-03 9.999919e-01 4.005853e-03 -4.706607e-04 3.437464e-01
6.966827e-03 -9.999737e-01 -2.022853e-03 2.291524e-02 -2.454433e-04 2.021192e-03 -9.999979e-01 -1.197731e-02 9.999757e-01 6.967308e-03 -2.313556e-04 1.040884e+00
6.954620e-03 -9.999743e-01 -1.732702e-03 8.046660e-04 2.071332e-04 1.734185e-03 -9.999985e-01 -3.575303e-02 9.999758e-01 6.954250e-03 2.191885e-04 2.601698e+00
8.339954e-03 -9.999641e-01 -1.486814e-03 -2.335435e-03 1.796864e-04 1.488364e-03 -9.999989e-01 -5.348917e-02 9.999652e-01 8.339678e-03 1.920928e-04 3.783626e+00
8.185432e-03 -9.999663e-01 -5.880772e-04 -2.559351e-02 1.197908e-04 5.890774e-04 -9.999998e-01 -7.506706e-02 9.999665e-01 8.185361e-03 1.246086e-04 5.518842e+00
7.808581e-03 -9.999694e-01 -5.933189e-04 -3.642283e-02 -2.649273e-04 5.912682e-04 -9.999998e-01 -1.028886e-01 9.999695e-01 7.808737e-03 -2.603022e-04 6.934090e+00
8.581187e-03 -9.999628e-01 -8.375099e-04 -3.607436e-02 -5.260754e-04 8.330261e-04 -9.999995e-01 -1.188272e-01 9.999630e-01 8.581623e-03 -5.189074e-04 8.135427e+00
7.980860e-03 -9.999679e-01 -7.230176e-04 -4.012202e-02 8.510629e-04 7.298327e-04 -9.999993e-01 -1.411877e-01 9.999678e-01 7.980240e-03 8.568603e-04 9.403343e+00
7.225839e-03 -9.999735e-01 -8.225365e-04 -2.817038e-02 1.550810e-03 8.337632e-04 -9.999985e-01 -1.555819e-01 9.999727e-01 7.224552e-03 1.556794e-03 1.060467e+01
4.732889e-03 -9.999888e-01 -1.626753e-04 -1.362824e-02 1.103960e-03 1.679020e-04 -9.999994e-01 -1.759457e-01 9.999882e-01 4.732707e-03 1.104742e-03 1.180633e+01
2.844423e-03 -9.999958e-01 -6.239561e-04 -1.737048e-02 4.377331e-04 6.252037e-04 -9.999997e-01 -1.923838e-01 9.999959e-01 2.844149e-03 4.395096e-04 1.299936e+01
1.361654e-03 -9.999990e-01 -1.181490e-04 -2.492259e-02 6.065917e-04 1.189750e-04 -9.999998e-01 -2.117247e-01 9.999989e-01 1.361582e-03 6.067531e-04 1.419383e+01
4.870022e-05 -9.999996e-01 -9.283136e-04 -3.488371e-02 6.551670e-04 9.283453e-04 -9.999993e-01 -2.237302e-01 9.999998e-01 4.809198e-05 6.552120e-04 1.538543e+01
-2.572330e-04 -9.999999e-01 -1.429694e-04 -2.962273e-02 9.951588e-04 1.427134e-04 -9.999995e-01 -2.396645e-01 9.999995e-01 -2.573751e-04 9.951221e-04 1.658363e+01
4.430850e-04 -9.999995e-01 -8.934345e-04 -1.899868e-02 1.213172e-03 8.939714e-04 -9.999989e-01 -2.554793e-01 9.999992e-01 4.420006e-04 1.213567e-03 1.775969e+01
-2.718310e-04 -9.999999e-01 -4.520713e-04 -1.882323e-02 1.569393e-03 4.516441e-04 -9.999987e-01 -2.687910e-01 9.999987e-01 -2.725401e-04 1.569271e-03 1.895387e+01
-6.683557e-04 -9.999998e-01 -6.300629e-05 -2.497257e-02 6.478674e-04 6.257328e-05 -9.999998e-01 -2.861255e-01 9.999996e-01 -6.683964e-04 6.478255e-04 2.015395e+01
-2.417519e-03 -9.999970e-01 4.869143e-04 -3.599697e-02 4.734887e-04 -4.880603e-04 -9.999998e-01 -3.008092e-01 9.999970e-01 -2.417288e-03 4.746671e-04 2.137782e+01
-3.504314e-03 -9.999939e-01 2.073661e-04 -4.491011e-02 4.547703e-04 -2.089610e-04 -9.999999e-01 -3.194485e-01 9.999937e-01 -3.504220e-03 4.554997e-04 2.257988e+01
-3.605491e-03 -9.999933e-01 6.687702e-04 -6.202127e-02 7.592328e-04 -6.715117e-04 -9.999995e-01 -3.325051e-01 9.999932e-01 -3.604982e-03 7.616488e-04 2.379570e+01
-4.619436e-03 -9.999892e-01 -4.450237e-04 -7.653286e-02 3.062998e-04 4.436135e-04 -9.999999e-01 -3.530287e-01 9.999893e-01 -4.619572e-03 3.042472e-04 2.498782e+01
-4.946436e-03 -9.999876e-01 -5.746822e-04 -8.320553e-02 1.393972e-03 5.677934e-04 -9.999989e-01 -3.625732e-01 9.999868e-01 -4.947232e-03 1.391146e-03 2.618849e+01
-5.516917e-03 -9.999848e-01 5.237402e-05 -8.974489e-02 3.121813e-03 -6.959761e-05 -9.999951e-01 -3.766413e-01 9.999799e-01 -5.516727e-03 3.122149e-03 2.737941e+01
-6.316711e-03 -9.999799e-01 5.726311e-04 -1.046990e-01 3.271861e-03 -5.933072e-04 -9.999945e-01 -3.936615e-01 9.999747e-01 -6.314803e-03 3.275543e-03 2.859517e+01
-6.411504e-03 -9.999779e-01 1.768308e-03 -1.197926e-01 2.570749e-03 -1.784821e-03 -9.999951e-01 -4.054309e-01 9.999762e-01 -6.406927e-03 2.582136e-03 2.980184e+01
-6.943810e-03 -9.999725e-01 2.629458e-03 -1.353001e-01 1.996252e-03 -2.643378e-03 -9.999945e-01 -4.162555e-01 9.999739e-01 -6.938523e-03 2.014552e-03 3.097714e+01
-7.239058e-03 -9.999712e-01 2.279746e-03 -1.522944e-01 1.759875e-03 -2.292543e-03 -9.999958e-01 -4.275469e-01 9.999722e-01 -7.235016e-03 1.776420e-03 3.217872e+01
-9.376648e-03 -9.999540e-01 1.981985e-03 -1.574282e-01 2.474900e-03 -2.005273e-03 -9.999949e-01 -4.448537e-01 9.999530e-01 -9.371695e-03 2.493589e-03 3.335957e+01
-1.000215e-02 -9.999470e-01 2.468820e-03 -1.721828e-01 2.617210e-03 -2.495114e-03 -9.999934e-01 -4.558861e-01 9.999465e-01 -9.995622e-03 2.642028e-03 3.456963e+01
-1.004001e-02 -9.999432e-01 3.584247e-03 -1.878683e-01 2.895922e-03 -3.613489e-03 -9.999893e-01 -4.727641e-01 9.999454e-01 -1.002952e-02 2.932037e-03 3.578774e+01
-1.115819e-02 -9.999310e-01 3.671247e-03 -2.078217e-01 2.817621e-03 -3.702902e-03 -9.999892e-01 -4.826174e-01 9.999338e-01 -1.114772e-02 2.858744e-03 3.699240e+01
-1.145502e-02 -9.999249e-01 4.352509e-03 -2.332715e-01 3.354213e-03 -4.391194e-03 -9.999847e-01 -4.965491e-01 9.999288e-01 -1.144024e-02 3.404262e-03 3.821483e+01
-1.195984e-02 -9.999210e-01 3.882633e-03 -2.572468e-01 4.427439e-03 -3.935827e-03 -9.999825e-01 -5.082665e-01 9.999187e-01 -1.194244e-02 4.474161e-03 3.941397e+01
-1.178782e-02 -9.999266e-01 2.819112e-03 -2.689745e-01 5.165649e-03 -2.880166e-03 -9.999825e-01 -5.216039e-01 9.999171e-01 -1.177305e-02 5.199220e-03 4.061061e+01
-1.161945e-02 -9.999306e-01 1.961987e-03 -2.929595e-01 4.714124e-03 -2.016877e-03 -9.999868e-01 -5.309663e-01 9.999214e-01 -1.161004e-02 4.737231e-03 4.181731e+01
-1.141347e-02 -9.999342e-01 1.136054e-03 -3.068213e-01 5.467173e-03 -1.198515e-03 -9.999843e-01 -5.470040e-01 9.999199e-01 -1.140708e-02 5.480492e-03 4.297793e+01
-9.600621e-03 -9.984571e-01 -5.469295e-02 -4.796023e-01 2.140291e-03 5.467483e-02 -9.985019e-01 -5.368631e-01 9.999516e-01 -9.703297e-03 1.612076e-03 4.407777e+01
-1.353768e-02 -9.996766e-01 -2.152626e-02 -4.134756e-01 -3.251462e-03 2.157214e-02 -9.997620e-01 -3.423614e-01 9.999031e-01 -1.346446e-02 -3.542448e-03 4.520941e+01
-1.094502e-02 -9.997664e-01 -1.863562e-02 -4.091318e-01 -7.618291e-03 1.871957e-02 -9.997957e-01 -3.872826e-01 9.999111e-01 -1.080081e-02 -7.821397e-03 4.639309e+01
-9.003531e-03 -9.997871e-01 -1.856472e-02 -4.333723e-01 -5.309574e-03 1.861301e-02 -9.998127e-01 -4.096830e-01 9.999453e-01 -8.903273e-03 -5.476027e-03 4.761154e+01
-4.369597e-03 -9.999899e-01 -1.069594e-03 -3.574195e-01 1.443422e-02 1.006420e-03 -9.998953e-01 -5.668568e-01 9.998863e-01 -4.384579e-03 1.442967e-02 4.897269e+01
-2.594588e-03 -9.999964e-01 -6.074300e-04 -3.651555e-01 1.495324e-02 5.685665e-04 -9.998880e-01 -5.635658e-01 9.998848e-01 -2.603381e-03 1.495172e-02 5.021533e+01
-1.032172e-03 -9.999983e-01 -1.489656e-03 -3.720759e-01 1.346087e-02 1.475627e-03 -9.999083e-01 -5.690669e-01 9.999089e-01 -1.052129e-03 1.345932e-02 5.143678e+01
-7.783343e-04 -9.999976e-01 -2.069756e-03 -3.756917e-01 1.421524e-02 2.058484e-03 -9.998968e-01 -5.545789e-01 9.998987e-01 -8.076761e-04 1.421360e-02 5.261899e+01
-4.222252e-04 -9.999969e-01 -2.454646e-03 -3.852470e-01 1.374037e-02 2.448613e-03 -9.999026e-01 -5.585975e-01 9.999055e-01 -4.559119e-04 1.373930e-02 5.384029e+01
-1.069852e-03 -9.999979e-01 -1.765039e-03 -3.904917e-01 1.291350e-02 1.751077e-03 -9.999151e-01 -5.625111e-01 9.999160e-01 -1.092554e-03 1.291160e-02 5.501484e+01
-2.509517e-03 -9.999936e-01 -2.539885e-03 -4.013594e-01 1.306655e-02 2.506885e-03 -9.999115e-01 -5.587703e-01 9.999115e-01 -2.542482e-03 1.306018e-02 5.620785e+01
-2.716149e-03 -9.999932e-01 -2.496011e-03 -4.143066e-01 1.415889e-02 2.457312e-03 -9.998968e-01 -5.582765e-01 9.998960e-01 -2.751209e-03 1.415212e-02 5.740277e+01
-4.143822e-03 -9.999895e-01 -1.949035e-03 -4.223063e-01 1.540787e-02 1.884973e-03 -9.998795e-01 -5.605080e-01 9.998727e-01 -4.173353e-03 1.539990e-02 5.860096e+01
-4.300543e-03 -9.999879e-01 -2.378460e-03 -4.359934e-01 1.482511e-02 2.314465e-03 -9.998874e-01 -5.576144e-01 9.998809e-01 -4.335320e-03 1.481498e-02 5.981219e+01
-5.981059e-03 -9.999798e-01 -2.158811e-03 -4.419360e-01 1.497509e-02 2.069039e-03 -9.998857e-01 -5.605059e-01 9.998700e-01 -6.012704e-03 1.496241e-02 6.102845e+01
-5.704873e-03 -9.999826e-01 -1.515877e-03 -4.538985e-01 1.428391e-02 1.434258e-03 -9.998969e-01 -5.585802e-01 9.998817e-01 -5.725937e-03 1.427548e-02 6.223264e+01
-5.181937e-03 -9.999865e-01 -1.913555e-04 -4.647297e-01 1.337022e-02 1.220565e-04 -9.999106e-01 -5.629949e-01 9.998972e-01 -5.184032e-03 1.336940e-02 6.344770e+01
-6.234062e-03 -9.999796e-01 -1.395790e-03 -4.767749e-01 1.491609e-02 1.302672e-03 -9.998879e-01 -5.646662e-01 9.998693e-01 -6.254183e-03 1.490766e-02 6.465572e+01
-6.837450e-03 -9.999764e-01 -7.172907e-04 -4.828507e-01 1.647386e-02 6.045684e-04 -9.998641e-01 -5.615507e-01 9.998409e-01 -6.848338e-03 1.646934e-02 6.585421e+01
-6.977933e-03 -9.999754e-01 -7.634558e-04 -4.952603e-01 1.534147e-02 6.563301e-04 -9.998821e-01 -5.645332e-01 9.998580e-01 -6.988822e-03 1.533651e-02 6.705997e+01
-6.681248e-03 -9.999765e-01 -1.543429e-03 -5.172417e-01 1.421954e-02 1.448301e-03 -9.998978e-01 -5.680653e-01 9.998766e-01 -6.702512e-03 1.420953e-02 6.826256e+01
-6.018185e-03 -9.999773e-01 -3.028364e-03 -5.264712e-01 1.490528e-02 2.938379e-03 -9.998846e-01 -5.574273e-01 9.998708e-01 -6.062629e-03 1.488726e-02 6.946427e+01
-6.805343e-03 -9.999620e-01 -5.441546e-03 -5.441738e-01 1.504791e-02 5.338649e-03 -9.998725e-01 -5.597879e-01 9.998636e-01 -6.886359e-03 1.501101e-02 7.066146e+01
-6.182449e-03 -9.999561e-01 -7.039236e-03 -5.648261e-01 1.511712e-02 6.945106e-03 -9.998616e-01 -5.537438e-01 9.998666e-01 -6.288006e-03 1.507352e-02 7.186858e+01
-6.130133e-03 -9.999565e-01 -7.034293e-03 -5.925746e-01 1.578785e-02 6.936767e-03 -9.998513e-01 -5.581155e-01 9.998566e-01 -6.240278e-03 1.574464e-02 7.304658e+01
-4.008246e-03 -9.999461e-01 -9.582930e-03 -6.072816e-01 1.573681e-02 9.518745e-03 -9.998308e-01 -5.509060e-01 9.998682e-01 -4.158373e-03 1.569781e-02 7.422592e+01
-9.766266e-04 -9.999621e-01 -8.650933e-03 -6.095366e-01 1.498720e-02 8.635329e-03 -9.998504e-01 -5.561078e-01 9.998872e-01 -1.106134e-03 1.497820e-02 7.540228e+01
1.601717e-03 -9.999824e-01 -5.719664e-03 -6.088675e-01 1.079077e-02 5.736622e-03 -9.999253e-01 -5.668767e-01 9.999405e-01 1.539877e-03 1.079977e-02 7.657119e+01
4.703585e-03 -9.999732e-01 -5.606887e-03 -6.182018e-01 1.084056e-02 5.657609e-03 -9.999253e-01 -5.623472e-01 9.999302e-01 4.642451e-03 1.086688e-02 7.773277e+01
6.868061e-03 -9.999673e-01 -4.260707e-03 -6.078500e-01 1.451245e-02 4.360033e-03 -9.998852e-01 -5.524652e-01 9.998711e-01 6.805439e-03 1.454192e-02 7.890752e+01
9.200907e-03 -9.999461e-01 -4.824985e-03 -6.146112e-01 1.490587e-02 4.961805e-03 -9.998766e-01 -5.621050e-01 9.998466e-01 9.127851e-03 1.495072e-02 8.008933e+01
1.308039e-02 -9.999002e-01 -5.333925e-03 -6.210774e-01 1.325818e-02 5.507347e-03 -9.998969e-01 -5.563137e-01 9.998266e-01 1.300832e-02 1.332889e-02 8.127905e+01
1.661018e-02 -9.998537e-01 -4.086353e-03 -5.989479e-01 1.099845e-02 4.269380e-03 -9.999304e-01 -5.621784e-01 9.998016e-01 1.656408e-02 1.106775e-02 8.242570e+01
2.101748e-02 -9.997720e-01 -3.783994e-03 -5.912315e-01 8.638567e-03 3.966289e-03 -9.999548e-01 -5.712613e-01 9.997418e-01 2.098384e-02 8.719958e-03 8.358324e+01
2.468738e-02 -9.996890e-01 -3.516579e-03 -5.710014e-01 7.420279e-03 3.700796e-03 -9.999656e-01 -5.764042e-01 9.996677e-01 2.466044e-02 7.509334e-03 8.473608e+01
2.847021e-02 -9.995885e-01 -3.501816e-03 -5.608020e-01 8.704369e-03 3.751018e-03 -9.999551e-01 -5.829532e-01 9.995567e-01 2.843845e-02 8.807579e-03 8.590209e+01
3.171610e-02 -9.994878e-01 -4.267469e-03 -5.396661e-01 8.546077e-03 4.540643e-03 -9.999532e-01 -5.932171e-01 9.994604e-01 3.167814e-02 8.685711e-03 8.709051e+01
3.510807e-02 -9.993758e-01 -3.932592e-03 -5.064134e-01 7.164207e-03 4.186592e-03 -9.999655e-01 -6.085116e-01 9.993578e-01 3.507869e-02 7.306719e-03 8.825237e+01
3.896420e-02 -9.992335e-01 -3.765988e-03 -4.436321e-01 5.541974e-03 3.984893e-03 -9.999767e-01 -6.203122e-01 9.992253e-01 3.894242e-02 5.692994e-03 8.939433e+01
4.167475e-02 -9.991233e-01 -3.974863e-03 -3.956332e-01 5.158134e-03 4.193415e-03 -9.999779e-01 -6.268280e-01 9.991179e-01 4.165333e-02 5.328372e-03 9.055724e+01
4.401054e-02 -9.990278e-01 -2.561091e-03 -3.391444e-01 6.353192e-03 2.843401e-03 -9.999758e-01 -6.353008e-01 9.990109e-01 4.399320e-02 6.472155e-03 9.170847e+01
4.703178e-02 -9.988915e-01 -1.951757e-03 -2.835239e-01 7.216169e-03 2.293633e-03 -9.999713e-01 -6.422821e-01 9.988673e-01 4.701634e-02 7.316044e-03 9.288142e+01
5.017615e-02 -9.987400e-01 -9.029884e-04 -2.329014e-01 9.120148e-03 1.362280e-03 -9.999575e-01 -6.444042e-01 9.986988e-01 5.016578e-02 9.177011e-03 9.399407e+01
5.302234e-02 -9.985931e-01 6.426472e-04 -1.698813e-01 1.019623e-02 -1.021296e-04 -9.999480e-01 -6.511144e-01 9.985413e-01 5.302614e-02 1.017647e-02 9.515186e+01
5.413685e-02 -9.985318e-01 1.865864e-03 -1.267021e-01 8.740105e-03 -1.394677e-03 -9.999608e-01 -6.614800e-01 9.984953e-01 5.415104e-02 8.651769e-03 9.632161e+01
5.671082e-02 -9.983868e-01 2.761511e-03 -6.286579e-02 5.554132e-03 -2.450433e-03 -9.999816e-01 -6.693076e-01 9.983752e-01 5.672512e-02 5.406206e-03 9.749424e+01
5.897212e-02 -9.982566e-01 2.443862e-03 -2.124128e-03 3.198069e-03 -2.259185e-03 -9.999923e-01 -6.741916e-01 9.982545e-01 5.897949e-02 3.059264e-03 9.865726e+01
6.103655e-02 -9.981334e-01 2.083852e-03 6.038437e-02 2.560447e-03 -1.931165e-03 -9.999949e-01 -6.857792e-01 9.981322e-01 6.104157e-02 2.437796e-03 9.981823e+01
6.146229e-02 -9.981061e-01 2.560172e-03 1.271946e-01 2.640630e-03 -2.402407e-03 -9.999936e-01 -6.937237e-01 9.981059e-01 6.146866e-02 2.487972e-03 1.009662e+02
6.095224e-02 -9.981382e-01 2.240836e-03 1.925783e-01 4.268198e-03 -1.984350e-03 -9.999889e-01 -7.034940e-01 9.981316e-01 6.096113e-02 4.139300e-03 1.021305e+02
5.951129e-02 -9.982237e-01 2.823317e-03 2.675752e-01 6.056130e-03 -2.467231e-03 -9.999786e-01 -7.188339e-01 9.982092e-01 5.952712e-02 5.898545e-03 1.033028e+02
5.841300e-02 -9.982901e-01 2.218125e-03 3.349205e-01 7.065050e-03 -1.808467e-03 -9.999734e-01 -7.263679e-01 9.982675e-01 5.842712e-02 6.947331e-03 1.044931e+02
5.563655e-02 -9.984487e-01 2.185042e-03 4.030098e-01 7.626936e-03 -1.763374e-03 -9.999694e-01 -7.365679e-01 9.984220e-01 5.565151e-02 7.516996e-03 1.056889e+02
5.321376e-02 -9.985817e-01 1.706684e-03 4.528950e-01 7.267518e-03 -1.321780e-03 -9.999727e-01 -7.448970e-01 9.985567e-01 5.322471e-02 7.186874e-03 1.068754e+02
4.904356e-02 -9.987965e-01 4.594034e-04 5.101361e-01 6.646565e-03 -1.335827e-04 -9.999779e-01 -7.474210e-01 9.987745e-01 4.904553e-02 6.632015e-03 1.080873e+02
4.473562e-02 -9.989987e-01 6.033662e-04 5.529101e-01 6.899618e-03 -2.949885e-04 -9.999762e-01 -7.507043e-01 9.989750e-01 4.473871e-02 6.879513e-03 1.093242e+02
4.087927e-02 -9.991641e-01 -1.360694e-04 5.898920e-01 8.094108e-03 4.673368e-04 -9.999672e-01 -7.487447e-01 9.991313e-01 4.087683e-02 8.106446e-03 1.105447e+02
3.670029e-02 -9.993262e-01 -4.059483e-04 6.197469e-01 9.369167e-03 7.502870e-04 -9.999558e-01 -7.577329e-01 9.992824e-01 3.669486e-02 9.390390e-03 1.117481e+02
3.292934e-02 -9.994576e-01 -3.432160e-04 6.517429e-01 9.336480e-03 6.509982e-04 -9.999562e-01 -7.596732e-01 9.994141e-01 3.292469e-02 9.352853e-03 1.129553e+02
2.734387e-02 -9.996257e-01 -8.084821e-04 6.791316e-01 9.911596e-03 1.079867e-03 -9.999503e-01 -7.659397e-01 9.995769e-01 2.733450e-02 9.937414e-03 1.141876e+02
2.267859e-02 -9.997420e-01 -1.314825e-03 7.085885e-01 9.863178e-03 1.538840e-03 -9.999502e-01 -7.717114e-01 9.996942e-01 2.266449e-02 9.895532e-03 1.153932e+02
1.777870e-02 -9.998402e-01 -1.863400e-03 7.317553e-01 1.065503e-02 2.053051e-03 -9.999411e-01 -7.763778e-01 9.997852e-01 1.775780e-02 1.068983e-02 1.166117e+02
1.310798e-02 -9.999099e-01 -2.887357e-03 7.410896e-01 1.035702e-02 3.023221e-03 -9.999418e-01 -7.845916e-01 9.998605e-01 1.307731e-02 1.039572e-02 1.178291e+02
1.008472e-02 -9.999394e-01 -4.409097e-03 7.529541e-01 1.003725e-02 4.510326e-03 -9.999394e-01 -7.889356e-01 9.998988e-01 1.003985e-02 1.008213e-02 1.190474e+02
7.168374e-03 -9.999509e-01 -6.844577e-03 7.462432e-01 9.859308e-03 6.915095e-03 -9.999275e-01 -7.860895e-01 9.999257e-01 7.100371e-03 9.908393e-03 1.203157e+02
6.387311e-03 -9.999486e-01 -7.869765e-03 7.405390e-01 9.551149e-03 7.930572e-03 -9.999229e-01 -7.975506e-01 9.999340e-01 6.311653e-03 9.601314e-03 1.215654e+02
5.976526e-03 -9.999336e-01 -9.852199e-03 7.379631e-01 9.176627e-03 9.906802e-03 -9.999088e-01 -8.009073e-01 9.999400e-01 5.885571e-03 9.235226e-03 1.227869e+02
4.298361e-03 -9.999148e-01 -1.232575e-02 7.269787e-01 1.045944e-02 1.237014e-02 -9.998688e-01 -7.982888e-01 9.999360e-01 4.168876e-03 1.051172e-02 1.240343e+02
3.662416e-03 -9.999160e-01 -1.243239e-02 7.305133e-01 1.109006e-02 1.247232e-02 -9.998607e-01 -8.096552e-01 9.999318e-01 3.524030e-03 1.113481e-02 1.252646e+02
2.029788e-03 -9.998800e-01 -1.535519e-02 7.190639e-01 1.304865e-02 1.538039e-02 -9.997966e-01 -8.087319e-01 9.999128e-01 1.829011e-03 1.307830e-02 1.265180e+02
9.243363e-04 -9.998642e-01 -1.645111e-02 7.049558e-01 1.636961e-02 1.646404e-02 -9.997305e-01 -7.926075e-01 9.998656e-01 6.547889e-04 1.638260e-02 1.277982e+02
5.533422e-04 -9.998847e-01 -1.517548e-02 6.994041e-01 1.683833e-02 1.518265e-02 -9.997429e-01 -7.963499e-01 9.998581e-01 2.976701e-04 1.684479e-02 1.290478e+02
-3.332085e-04 -9.998811e-01 -1.541294e-02 7.028213e-01 1.612449e-02 1.540556e-02 -9.997513e-01 -7.926180e-01 9.998699e-01 -5.816513e-04 1.611744e-02 1.303358e+02
3.008476e-04 -9.999071e-01 -1.363005e-02 7.183461e-01 1.691574e-02 1.363319e-02 -9.997640e-01 -7.813429e-01 9.998569e-01 7.021405e-05 1.691827e-02 1.315654e+02
-1.260989e-03 -9.999408e-01 -1.080903e-02 7.200479e-01 1.879341e-02 1.078343e-02 -9.997652e-01 -7.800345e-01 9.998226e-01 -1.463832e-03 1.877870e-02 1.328382e+02
-1.371761e-03 -9.999645e-01 -8.317019e-03 7.165254e-01 2.000307e-02 8.287924e-03 -9.997656e-01 -7.781425e-01 9.997990e-01 -1.537806e-03 1.999099e-02 1.341111e+02
-6.648092e-04 -9.999779e-01 -6.621031e-03 7.072529e-01 2.093986e-02 6.605660e-03 -9.997589e-01 -7.690203e-01 9.997805e-01 -8.032923e-04 2.093500e-02 1.353696e+02
-1.140529e-03 -9.999940e-01 -3.279951e-03 7.016131e-01 2.065380e-02 3.255697e-03 -9.997814e-01 -7.674752e-01 9.997860e-01 -1.208023e-03 2.064997e-02 1.366297e+02
-3.474769e-04 -9.999985e-01 -1.731858e-03 7.091727e-01 1.990723e-02 1.724597e-03 -9.998003e-01 -7.534277e-01 9.998018e-01 -3.818840e-04 1.990660e-02 1.378934e+02
-6.010464e-04 -9.999998e-01 9.532996e-05 6.999287e-01 1.972373e-02 -1.071663e-04 -9.998055e-01 -7.505843e-01 9.998053e-01 -5.990492e-04 1.972379e-02 1.391651e+02
-6.102637e-04 -9.999978e-01 2.002574e-03 6.977156e-01 1.962833e-02 -2.014167e-03 -9.998053e-01 -7.411734e-01 9.998072e-01 -5.708376e-04 1.962952e-02 1.404291e+02
1.238038e-03 -9.999968e-01 2.182477e-03 6.856335e-01 2.110987e-02 -2.155858e-03 -9.997748e-01 -7.321846e-01 9.997764e-01 1.283831e-03 2.110714e-02 1.416906e+02
1.301801e-03 -9.999983e-01 1.330527e-03 6.739531e-01 2.211420e-02 -1.301415e-03 -9.997546e-01 -7.205857e-01 9.997546e-01 1.330905e-03 2.211246e-02 1.429689e+02
2.150084e-03 -9.999974e-01 7.490649e-04 6.570432e-01 2.094383e-02 -7.038713e-04 -9.997804e-01 -7.181763e-01 9.997783e-01 2.165300e-03 2.094227e-02 1.442469e+02
3.613900e-03 -9.999934e-01 -4.692888e-04 6.487154e-01 1.920922e-02 5.386259e-04 -9.998153e-01 -7.032301e-01 9.998090e-01 3.604218e-03 1.921104e-02 1.455186e+02
3.013845e-03 -9.999942e-01 -1.583343e-03 6.546057e-01 1.809412e-02 1.637624e-03 -9.998350e-01 -6.934186e-01 9.998317e-01 2.984698e-03 1.809895e-02 1.468080e+02
4.297242e-03 -9.999905e-01 -6.998052e-04 6.577720e-01 1.456898e-02 7.623443e-04 -9.998936e-01 -6.957648e-01 9.998846e-01 4.286589e-03 1.457212e-02 1.480770e+02
3.449982e-03 -9.999930e-01 -1.452436e-03 6.754349e-01 1.134248e-02 1.491483e-03 -9.999346e-01 -7.013508e-01 9.999297e-01 3.433282e-03 1.134755e-02 1.493519e+02
3.454015e-03 -9.999934e-01 -1.071123e-03 6.840627e-01 1.096215e-02 1.108929e-03 -9.999393e-01 -7.080863e-01 9.999340e-01 3.442064e-03 1.096591e-02 1.506290e+02
4.221752e-03 -9.999911e-01 -2.774640e-04 6.782454e-01 1.011036e-02 3.201361e-04 -9.999489e-01 -7.187698e-01 9.999400e-01 4.218731e-03 1.011162e-02 1.519035e+02
3.856326e-03 -9.999923e-01 -6.916274e-04 6.791819e-01 1.069586e-02 7.328400e-04 -9.999425e-01 -7.247922e-01 9.999354e-01 3.848706e-03 1.069860e-02 1.531607e+02
4.492462e-03 -9.999896e-01 -7.232339e-04 6.672801e-01 1.150778e-02 7.748921e-04 -9.999335e-01 -7.281051e-01 9.999237e-01 4.483840e-03 1.151114e-02 1.544270e+02
3.344118e-03 -9.999938e-01 -1.082365e-03 6.686028e-01 1.219425e-02 1.123069e-03 -9.999250e-01 -7.290978e-01 9.999201e-01 3.330668e-03 1.219793e-02 1.556831e+02
2.943813e-03 -9.999952e-01 -9.408483e-04 6.651686e-01 1.216062e-02 9.765816e-04 -9.999256e-01 -7.320057e-01 9.999217e-01 2.932152e-03 1.216344e-02 1.569460e+02
2.437756e-03 -9.999963e-01 -1.209491e-03 6.498338e-01 1.225582e-02 1.239280e-03 -9.999241e-01 -7.363475e-01 9.999219e-01 2.422747e-03 1.225880e-02 1.582269e+02
1.060619e-03 -9.999987e-01 -1.242723e-03 6.444012e-01 1.331908e-02 1.256739e-03 -9.999105e-01 -7.352223e-01 9.999107e-01 1.043972e-03 1.332040e-02 1.594944e+02
1.203897e-03 -9.999971e-01 -2.080049e-03 6.383157e-01 1.370463e-02 2.096354e-03 -9.999039e-01 -7.335286e-01 9.999053e-01 1.175275e-03 1.370712e-02 1.607632e+02
-1.021439e-04 -9.999968e-01 -2.545405e-03 6.352143e-01 1.301533e-02 2.543860e-03 -9.999121e-01 -7.366189e-01 9.999153e-01 -1.352642e-04 1.301503e-02 1.620256e+02
-4.780847e-04 -9.999958e-01 -2.838600e-03 6.392590e-01 1.249172e-02 2.832407e-03 -9.999180e-01 -7.392610e-01 9.999219e-01 -5.135045e-04 1.249032e-02 1.632737e+02
-5.200654e-04 -9.999951e-01 -3.085762e-03 6.307192e-01 1.208658e-02 3.079252e-03 -9.999222e-01 -7.384191e-01 9.999268e-01 -5.573212e-04 1.208492e-02 1.645423e+02
-2.126101e-03 -9.999940e-01 -2.727841e-03 6.233674e-01 1.170398e-02 2.702776e-03 -9.999279e-01 -7.446307e-01 9.999292e-01 -2.157874e-03 1.169816e-02 1.658104e+02
-1.714893e-03 -9.999933e-01 -3.221140e-03 6.089532e-01 1.040543e-02 3.203126e-03 -9.999408e-01 -7.528310e-01 9.999444e-01 -1.748308e-03 1.039987e-02 1.670779e+02
-2.697305e-03 -9.999888e-01 -3.888524e-03 5.939816e-01 1.080140e-02 3.859177e-03 -9.999342e-01 -7.547902e-01 9.999380e-01 -2.739129e-03 1.079087e-02 1.683478e+02
-3.296968e-03 -9.999866e-01 -3.997641e-03 5.865695e-01 1.218930e-02 3.957178e-03 -9.999179e-01 -7.577575e-01 9.999202e-01 -3.345426e-03 1.217609e-02 1.696089e+02
-3.611963e-03 -9.999813e-01 -4.934483e-03 5.805431e-01 1.231478e-02 4.889661e-03 -9.999122e-01 -7.642788e-01 9.999176e-01 -3.672413e-03 1.229689e-02 1.708747e+02
-4.639419e-03 -9.999745e-01 -5.429576e-03 5.647720e-01 1.280058e-02 5.369802e-03 -9.999037e-01 -7.669618e-01 9.999073e-01 -4.708474e-03 1.277534e-02 1.721304e+02
-5.075227e-03 -9.999741e-01 -5.103181e-03 5.561326e-01 1.347062e-02 5.034417e-03 -9.998966e-01 -7.707286e-01 9.998964e-01 -5.143445e-03 1.344472e-02 1.733952e+02
-6.197202e-03 -9.999691e-01 -4.828220e-03 5.368495e-01 1.333728e-02 4.745229e-03 -9.998998e-01 -7.699707e-01 9.998919e-01 -6.260977e-03 1.330746e-02 1.746484e+02
-6.612340e-03 -9.999604e-01 -5.964236e-03 5.135576e-01 1.305555e-02 5.877530e-03 -9.998975e-01 -7.717600e-01 9.998929e-01 -6.689528e-03 1.301617e-02 1.759102e+02
-6.805316e-03 -9.999591e-01 -5.956641e-03 5.011837e-01 1.330329e-02 5.865718e-03 -9.998943e-01 -7.700188e-01 9.998884e-01 -6.883839e-03 1.326283e-02 1.772004e+02
-7.144481e-03 -9.999556e-01 -6.146011e-03 4.891559e-01 1.239454e-02 6.057143e-03 -9.999048e-01 -7.731724e-01 9.998977e-01 -7.219978e-03 1.235071e-02 1.784540e+02
-6.762967e-03 -9.999618e-01 -5.542227e-03 4.758644e-01 1.111811e-02 5.466819e-03 -9.999232e-01 -7.741691e-01 9.999153e-01 -6.824067e-03 1.108072e-02 1.797202e+02
-6.934325e-03 -9.999723e-01 -2.706036e-03 4.744755e-01 1.120941e-02 2.628200e-03 -9.999337e-01 -7.809840e-01 9.999132e-01 -6.964199e-03 1.119088e-02 1.809694e+02
-7.306018e-03 -9.999689e-01 -2.967201e-03 4.700594e-01 1.454199e-02 2.860720e-03 -9.998901e-01 -7.833565e-01 9.998676e-01 -7.348365e-03 1.452064e-02 1.822429e+02
-7.422728e-03 -9.999720e-01 -9.546788e-04 4.613637e-01 1.882607e-02 8.147914e-04 -9.998224e-01 -7.932934e-01 9.997952e-01 -7.439383e-03 1.881949e-02 1.835300e+02
-7.692924e-03 -9.999682e-01 -2.115547e-03 4.452654e-01 1.836514e-02 1.973967e-03 -9.998294e-01 -7.910983e-01 9.998018e-01 -7.730464e-03 1.834938e-02 1.847872e+02
-6.689621e-03 -9.999719e-01 -3.400330e-03 4.253172e-01 1.528204e-02 3.297776e-03 -9.998778e-01 -7.839268e-01 9.998608e-01 -6.740767e-03 1.525955e-02 1.860430e+02
-7.199974e-03 -9.999676e-01 -3.609478e-03 4.049184e-01 1.412976e-02 3.507475e-03 -9.998940e-01 -7.812582e-01 9.998742e-01 -7.250212e-03 1.410404e-02 1.872840e+02
-7.271986e-03 -9.999688e-01 -3.071931e-03 3.887487e-01 1.403099e-02 2.969675e-03 -9.998971e-01 -7.835133e-01 9.998751e-01 -7.314341e-03 1.400896e-02 1.885252e+02
-7.350516e-03 -9.999631e-01 -4.442802e-03 3.604141e-01 1.482780e-02 4.333439e-03 -9.998807e-01 -7.911695e-01 9.998630e-01 -7.415516e-03 1.479540e-02 1.897786e+02
-8.243128e-03 -9.999575e-01 -4.122216e-03 3.384858e-01 1.647054e-02 3.986025e-03 -9.998564e-01 -7.910045e-01 9.998304e-01 -8.309839e-03 1.643699e-02 1.910278e+02
-7.157199e-03 -9.999701e-01 -2.914687e-03 3.161008e-01 1.701338e-02 2.792569e-03 -9.998513e-01 -7.908830e-01 9.998296e-01 -7.205724e-03 1.699289e-02 1.922840e+02
-6.538798e-03 -9.999769e-01 -1.855575e-03 2.995340e-01 1.746898e-02 1.741103e-03 -9.998459e-01 -7.789683e-01 9.998260e-01 -6.570206e-03 1.745719e-02 1.935382e+02
-5.204748e-03 -9.999854e-01 -1.465290e-03 2.965178e-01 1.646169e-02 1.379431e-03 -9.998636e-01 -7.780187e-01 9.998509e-01 -5.228159e-03 1.645427e-02 1.947882e+02
-3.495729e-03 -9.999904e-01 -2.650473e-03 2.932467e-01 1.604080e-02 2.594074e-03 -9.998680e-01 -7.797885e-01 9.998652e-01 -3.537784e-03 1.603158e-02 1.959975e+02
-2.610710e-03 -9.999957e-01 -1.329631e-03 2.988115e-01 1.546694e-02 1.289097e-03 -9.998795e-01 -7.841383e-01 9.998770e-01 -2.630961e-03 1.546350e-02 1.972136e+02
-1.115155e-03 -9.999985e-01 -1.365982e-03 2.913195e-01 1.580106e-02 1.348191e-03 -9.998742e-01 -7.818065e-01 9.998745e-01 -1.136599e-03 1.579954e-02 1.984346e+02
-1.353579e-04 -9.999989e-01 -1.512159e-03 3.041486e-01 1.688749e-02 1.509658e-03 -9.998562e-01 -7.867463e-01 9.998574e-01 -1.608750e-04 1.688727e-02 1.996358e+02
1.124254e-03 -9.999963e-01 -2.479354e-03 2.967342e-01 1.749501e-02 2.498645e-03 -9.998438e-01 -7.904677e-01 9.998463e-01 1.080702e-03 1.749776e-02 2.008404e+02
2.317681e-03 -9.999942e-01 -2.510942e-03 2.879593e-01 1.734072e-02 2.550762e-03 -9.998464e-01 -7.891433e-01 9.998469e-01 2.273784e-03 1.734653e-02 2.020494e+02
2.940334e-03 -9.999936e-01 -2.026625e-03 2.705928e-01 1.856494e-02 2.080871e-03 -9.998255e-01 -7.832204e-01 9.998233e-01 2.902197e-03 1.857094e-02 2.032497e+02
4.668353e-03 -9.999876e-01 -1.745307e-03 2.724657e-01 1.883587e-02 1.832950e-03 -9.998209e-01 -7.812471e-01 9.998117e-01 4.634642e-03 1.884420e-02 2.044477e+02
4.858536e-03 -9.999856e-01 -2.289063e-03 2.723683e-01 1.893882e-02 2.380695e-03 -9.998178e-01 -7.783493e-01 9.998088e-01 4.814299e-03 1.895012e-02 2.056304e+02
6.373637e-03 -9.999769e-01 -2.338355e-03 2.736833e-01 1.918479e-02 2.460251e-03 -9.998129e-01 -7.757363e-01 9.997956e-01 6.327583e-03 1.920003e-02 2.067954e+02
7.156615e-03 -9.999740e-01 -8.732374e-04 2.899001e-01 2.037563e-02 1.018903e-03 -9.997919e-01 -7.787173e-01 9.997668e-01 7.137333e-03 2.038239e-02 2.079625e+02
6.576214e-03 -9.999778e-01 -1.103213e-03 2.995463e-01 2.099390e-02 1.241057e-03 -9.997788e-01 -7.750378e-01 9.997580e-01 6.551598e-03 2.100160e-02 2.091122e+02
7.008255e-03 -9.999753e-01 -5.108959e-04 3.107258e-01 2.156797e-02 6.619471e-04 -9.997672e-01 -7.691330e-01 9.997428e-01 6.995605e-03 2.157208e-02 2.102362e+02
6.043382e-03 -9.999807e-01 -1.430030e-03 3.158511e-01 2.072499e-02 1.555000e-03 -9.997840e-01 -7.659720e-01 9.997669e-01 6.012439e-03 2.073399e-02 2.113489e+02
6.219279e-03 -9.999799e-01 -1.265451e-03 3.089876e-01 2.085709e-02 1.394919e-03 -9.997815e-01 -7.659743e-01 9.997631e-01 6.191527e-03 2.086535e-02 2.124432e+02
5.829630e-03 -9.999811e-01 -1.953145e-03 3.073766e-01 1.994761e-02 2.069079e-03 -9.997989e-01 -7.629971e-01 9.997841e-01 5.789497e-03 1.995929e-02 2.135416e+02
4.801790e-03 -9.999867e-01 -1.884004e-03 3.091100e-01 2.013945e-02 1.980349e-03 -9.997952e-01 -7.635975e-01 9.997857e-01 4.762864e-03 2.014869e-02 2.146092e+02
3.699805e-03 -9.999921e-01 -1.438541e-03 3.056080e-01 2.030456e-02 1.513378e-03 -9.997927e-01 -7.652682e-01 9.997870e-01 3.669829e-03 2.031000e-02 2.156689e+02
1.487024e-03 -9.999978e-01 -1.467799e-03 3.032683e-01 2.085287e-02 1.498490e-03 -9.997814e-01 -7.616536e-01 9.997814e-01 1.456091e-03 2.085505e-02 2.167186e+02
-2.437927e-04 -9.999999e-01 6.717791e-05 3.102922e-01 2.227380e-02 -7.259144e-05 -9.997519e-01 -7.614473e-01 9.997519e-01 -2.422360e-04 2.227381e-02 2.177547e+02
-1.602827e-03 -9.999986e-01 -3.713430e-04 3.197205e-01 2.373871e-02 3.331898e-04 -9.997181e-01 -7.574369e-01 9.997169e-01 -1.611191e-03 2.373814e-02 2.187809e+02
-4.793860e-03 -9.999880e-01 -1.065677e-03 3.149353e-01 2.372243e-02 9.516659e-04 -9.997181e-01 -7.540022e-01 9.997071e-01 -4.817789e-03 2.371758e-02 2.197869e+02
-6.379590e-03 -9.999794e-01 -7.193111e-04 2.988104e-01 2.380789e-02 5.672341e-04 -9.997164e-01 -7.459159e-01 9.996962e-01 -6.394906e-03 2.380378e-02 2.207715e+02
-9.685636e-03 -9.999530e-01 4.029022e-04 2.829809e-01 2.447860e-02 -6.399023e-04 -9.997001e-01 -7.386996e-01 9.996535e-01 -9.672870e-03 2.448365e-02 2.217451e+02
-1.240973e-02 -9.999229e-01 -4.999844e-04 2.759849e-01 2.465390e-02 1.938990e-04 -9.996960e-01 -7.346761e-01 9.996190e-01 -1.241829e-02 2.464959e-02 2.226933e+02
-1.436477e-02 -9.998962e-01 -1.151044e-03 2.606900e-01 2.465111e-02 7.966695e-04 -9.996958e-01 -7.364988e-01 9.995929e-01 -1.438877e-02 2.463710e-02 2.236051e+02
-1.742406e-02 -9.998473e-01 -1.328956e-03 2.635266e-01 2.419459e-02 9.071369e-04 -9.997069e-01 -7.314956e-01 9.995554e-01 -1.745111e-02 2.417509e-02 2.245016e+02
-2.022423e-02 -9.997948e-01 -1.142621e-03 2.416577e-01 2.380723e-02 6.609500e-04 -9.997163e-01 -7.281966e-01 9.995120e-01 -2.024570e-02 2.378897e-02 2.253821e+02
-2.417388e-02 -9.997070e-01 -1.236296e-03 1.941124e-01 2.371067e-02 6.629641e-04 -9.997187e-01 -7.179449e-01 9.994265e-01 -2.419639e-02 2.368770e-02 2.262390e+02
-2.650542e-02 -9.996470e-01 -1.840306e-03 1.664632e-01 2.275502e-02 1.237134e-03 -9.997403e-01 -7.209954e-01 9.993896e-01 -2.654041e-02 2.271420e-02 2.270705e+02
-2.888412e-02 -9.995757e-01 -3.756664e-03 1.422549e-01 2.245430e-02 3.108446e-03 -9.997430e-01 -7.163336e-01 9.993305e-01 -2.896105e-02 2.235498e-02 2.278811e+02
-3.023817e-02 -9.995338e-01 -4.212708e-03 1.099912e-01 2.324841e-02 3.510190e-03 -9.997236e-01 -7.154480e-01 9.992723e-01 -3.032775e-02 2.313143e-02 2.286615e+02
-3.001880e-02 -9.995409e-01 -4.120543e-03 7.780174e-02 2.416394e-02 3.395503e-03 -9.997022e-01 -7.128477e-01 9.992572e-01 -3.010944e-02 2.405092e-02 2.294430e+02
-2.936598e-02 -9.995580e-01 -4.634712e-03 5.326639e-02 2.438112e-02 3.919056e-03 -9.996951e-01 -7.109677e-01 9.992713e-01 -2.947003e-02 2.425525e-02 2.302135e+02
-2.905303e-02 -9.995669e-01 -4.692612e-03 2.727039e-02 2.385728e-02 3.999846e-03 -9.997074e-01 -7.104263e-01 9.992931e-01 -2.915648e-02 2.373074e-02 2.309561e+02
-2.821260e-02 -9.995908e-01 -4.717400e-03 -7.392158e-03 2.279011e-02 4.074835e-03 -9.997320e-01 -7.050533e-01 9.993421e-01 -2.831254e-02 2.266582e-02 2.316849e+02
-2.781103e-02 -9.996027e-01 -4.573239e-03 -3.832155e-02 2.160503e-02 3.972855e-03 -9.997587e-01 -7.012405e-01 9.993797e-01 -2.790312e-02 2.148595e-02 2.324126e+02
-2.630779e-02 -9.996447e-01 -4.280569e-03 -5.383519e-02 2.012542e-02 3.751550e-03 -9.997904e-01 -6.988360e-01 9.994513e-01 -2.638842e-02 2.001957e-02 2.331459e+02
-2.523017e-02 -9.996666e-01 -5.498634e-03 -7.416570e-02 1.986645e-02 4.997912e-03 -9.997901e-01 -6.914459e-01 9.994842e-01 -2.533411e-02 1.973373e-02 2.338714e+02
-2.319557e-02 -9.997170e-01 -5.278839e-03 -8.540614e-02 1.919098e-02 4.834027e-03 -9.998041e-01 -6.900494e-01 9.995467e-01 -2.329233e-02 1.907342e-02 2.345885e+02
-2.089811e-02 -9.997665e-01 -5.489521e-03 -1.040706e-01 1.924211e-02 5.087497e-03 -9.998019e-01 -6.905324e-01 9.995964e-01 -2.099960e-02 1.913130e-02 2.353074e+02
-1.946514e-02 -9.997946e-01 -5.642230e-03 -1.191357e-01 1.936851e-02 5.265164e-03 -9.997985e-01 -6.871635e-01 9.996229e-01 -1.957050e-02 1.926205e-02 2.360074e+02
-1.756185e-02 -9.998344e-01 -4.784029e-03 -1.457332e-01 1.935703e-02 4.443876e-03 -9.998028e-01 -6.895713e-01 9.996584e-01 -1.765099e-02 1.927578e-02 2.367185e+02
-1.506057e-02 -9.998758e-01 -4.628895e-03 -1.642666e-01 1.978795e-02 4.330465e-03 -9.997948e-01 -6.842375e-01 9.996908e-01 -1.514908e-02 1.972027e-02 2.374178e+02
-1.188936e-02 -9.999202e-01 -4.278184e-03 -1.743477e-01 2.004746e-02 4.039261e-03 -9.997908e-01 -6.795866e-01 9.997283e-01 -1.197264e-02 1.999784e-02 2.381145e+02
-8.112225e-03 -9.999617e-01 -3.293407e-03 -1.814665e-01 2.001963e-02 3.130447e-03 -9.997947e-01 -6.794720e-01 9.997666e-01 -8.176492e-03 1.999347e-02 2.388159e+02
-5.695278e-03 -9.999786e-01 -3.225247e-03 -1.903814e-01 2.004590e-02 3.110483e-03 -9.997942e-01 -6.795765e-01 9.997829e-01 -5.758760e-03 2.002775e-02 2.395249e+02
-3.115340e-03 -9.999932e-01 -1.958734e-03 -1.979960e-01 2.058789e-02 1.894190e-03 -9.997863e-01 -6.739018e-01 9.997832e-01 -3.155000e-03 2.058185e-02 2.402350e+02
-7.855042e-04 -9.999977e-01 -2.008481e-03 -1.976594e-01 2.035253e-02 1.992079e-03 -9.997909e-01 -6.697974e-01 9.997926e-01 -8.262176e-04 2.035092e-02 2.409205e+02
2.365705e-03 -9.999939e-01 -2.589042e-03 -1.965080e-01 1.958279e-02 2.634880e-03 -9.998048e-01 -6.628799e-01 9.998055e-01 2.314543e-03 1.958890e-02 2.415988e+02
5.571301e-03 -9.999806e-01 -2.774240e-03 -2.022417e-01 1.901197e-02 2.879704e-03 -9.998151e-01 -6.609085e-01 9.998037e-01 5.517527e-03 1.902765e-02 2.422849e+02
7.956127e-03 -9.999641e-01 -2.902946e-03 -1.985411e-01 1.970214e-02 3.059231e-03 -9.998012e-01 -6.590519e-01 9.997742e-01 7.897351e-03 1.972577e-02 2.429802e+02
1.093196e-02 -9.999353e-01 -3.146783e-03 -1.992587e-01 1.989807e-02 3.363885e-03 -9.997963e-01 -6.526968e-01 9.997423e-01 1.086712e-02 1.993356e-02 2.436892e+02
1.321752e-02 -9.999086e-01 -2.825500e-03 -1.905565e-01 1.993755e-02 3.088732e-03 -9.997965e-01 -6.513950e-01 9.997138e-01 1.315849e-02 1.997655e-02 2.443939e+02
1.546377e-02 -9.998754e-01 -3.154044e-03 -1.803325e-01 1.888636e-02 3.445946e-03 -9.998157e-01 -6.490765e-01 9.997020e-01 1.540135e-02 1.893730e-02 2.451204e+02
1.715964e-02 -9.998451e-01 -3.910536e-03 -1.681025e-01 1.768531e-02 4.214016e-03 -9.998347e-01 -6.415331e-01 9.996963e-01 1.708764e-02 1.775489e-02 2.458424e+02
1.797560e-02 -9.998332e-01 -3.216085e-03 -1.614496e-01 1.647083e-02 3.512288e-03 -9.998582e-01 -6.359273e-01 9.997028e-01 1.792007e-02 1.653122e-02 2.465664e+02
1.819542e-02 -9.998296e-01 -3.112404e-03 -1.517928e-01 1.572034e-02 3.398618e-03 -9.998707e-01 -6.282855e-01 9.997109e-01 1.814414e-02 1.577950e-02 2.472866e+02
1.835373e-02 -9.998305e-01 -1.447576e-03 -1.383170e-01 1.441400e-02 1.712264e-03 -9.998946e-01 -6.238926e-01 9.997277e-01 1.833094e-02 1.444298e-02 2.480006e+02
1.874635e-02 -9.998221e-01 -2.075271e-03 -1.243737e-01 1.370636e-02 2.332430e-03 -9.999033e-01 -6.236630e-01 9.997303e-01 1.871609e-02 1.374765e-02 2.487422e+02
1.921367e-02 -9.998108e-01 -3.045572e-03 -1.113180e-01 1.286759e-02 3.293160e-03 -9.999118e-01 -6.176676e-01 9.997326e-01 1.917279e-02 1.292843e-02 2.494797e+02
1.999500e-02 -9.997977e-01 -2.179496e-03 -1.013729e-01 1.203225e-02 2.420407e-03 -9.999247e-01 -6.165801e-01 9.997277e-01 1.996727e-02 1.207821e-02 2.502209e+02
2.112111e-02 -9.997744e-01 2.251694e-03 -7.745935e-02 1.078521e-02 -2.024219e-03 -9.999398e-01 -6.123714e-01 9.997187e-01 2.114412e-02 1.074003e-02 2.509612e+02
2.175106e-02 -9.997555e-01 3.982078e-03 -5.821044e-02 1.062557e-02 -3.751625e-03 -9.999365e-01 -6.193343e-01 9.997069e-01 2.179199e-02 1.054137e-02 2.517221e+02
2.249153e-02 -9.997413e-01 3.402565e-03 -5.783801e-02 1.380153e-02 -3.092608e-03 -9.999000e-01 -6.103113e-01 9.996518e-01 2.253624e-02 1.372840e-02 2.525122e+02
2.241079e-02 -9.997480e-01 -1.307970e-03 -5.277333e-02 1.851299e-02 1.723069e-03 -9.998271e-01 -6.051327e-01 9.995774e-01 2.238270e-02 1.854694e-02 2.532967e+02
2.299470e-02 -9.997356e-01 -6.283302e-05 -3.812873e-02 2.108784e-02 5.478723e-04 -9.997775e-01 -6.086560e-01 9.995131e-01 2.298825e-02 2.109486e-02 2.540660e+02
2.506403e-02 -9.996850e-01 1.292322e-03 -1.694354e-02 1.973927e-02 -7.975759e-04 -9.998049e-01 -6.080837e-01 9.994910e-01 2.508464e-02 1.971306e-02 2.548715e+02
2.864529e-02 -9.995885e-01 -1.481499e-03 8.905824e-03 1.502969e-02 1.912646e-03 -9.998852e-01 -5.989137e-01 9.994766e-01 2.861973e-02 1.507829e-02 2.556489e+02
3.237419e-02 -9.994678e-01 -3.991846e-03 2.864460e-02 1.229976e-02 4.392038e-03 -9.999147e-01 -5.943667e-01 9.994001e-01 3.232233e-02 1.243541e-02 2.564765e+02
3.554295e-02 -9.993598e-01 -4.071757e-03 6.540232e-02 1.065495e-02 4.453045e-03 -9.999333e-01 -5.859027e-01 9.993113e-01 3.549720e-02 1.080641e-02 2.573001e+02
3.820002e-02 -9.992643e-01 -3.404022e-03 1.016499e-01 1.299146e-02 3.902855e-03 -9.999080e-01 -5.900809e-01 9.991857e-01 3.815228e-02 1.313100e-02 2.581466e+02
4.159009e-02 -9.991344e-01 -9.192101e-04 1.376641e-01 1.577648e-02 1.576605e-03 -9.998743e-01 -5.906482e-01 9.990102e-01 4.157036e-02 1.582840e-02 2.590006e+02
4.419689e-02 -9.990224e-01 9.177577e-04 1.742863e-01 1.854080e-02 -9.825017e-05 -9.998281e-01 -5.937573e-01 9.988508e-01 4.420631e-02 1.851834e-02 2.598337e+02
4.831187e-02 -9.988289e-01 2.587546e-03 2.026845e-01 1.935472e-02 -1.653933e-03 -9.998113e-01 -5.808895e-01 9.986448e-01 4.835284e-02 1.925215e-02 2.606474e+02
5.113778e-02 -9.986912e-01 9.008417e-04 2.406182e-01 1.729550e-02 -1.627457e-05 -9.998504e-01 -5.722961e-01 9.985418e-01 5.114571e-02 1.727203e-02 2.614580e+02
5.356482e-02 -9.985644e-01 2.736311e-04 2.769832e-01 1.536806e-02 5.503790e-04 -9.998817e-01 -5.684454e-01 9.984461e-01 5.356269e-02 1.537548e-02 2.622887e+02
5.622449e-02 -9.984182e-01 3.286403e-05 3.182689e-01 1.541903e-02 8.353882e-04 -9.998808e-01 -5.615380e-01 9.982991e-01 5.621829e-02 1.544160e-02 2.631396e+02
5.872313e-02 -9.982741e-01 -6.195641e-04 3.629562e-01 1.681226e-02 1.609522e-03 -9.998574e-01 -5.587407e-01 9.981327e-01 5.870434e-02 1.687776e-02 2.639805e+02
6.118537e-02 -9.981250e-01 -1.693518e-03 4.097905e-01 1.812875e-02 2.807712e-03 -9.998317e-01 -5.568088e-01 9.979618e-01 6.114437e-02 1.826655e-02 2.648237e+02
6.340673e-02 -9.979848e-01 -2.421074e-03 4.573973e-01 1.807376e-02 3.573863e-03 -9.998302e-01 -5.493414e-01 9.978241e-01 6.335220e-02 1.826394e-02 2.656783e+02
6.684528e-02 -9.977598e-01 -2.655961e-03 5.088422e-01 1.864012e-02 3.910243e-03 -9.998186e-01 -5.458717e-01 9.975892e-01 6.678365e-02 1.885975e-02 2.665289e+02
6.976326e-02 -9.975626e-01 -1.365514e-03 5.653005e-01 1.832863e-02 2.650405e-03 -9.998285e-01 -5.448884e-01 9.973952e-01 6.972627e-02 1.846886e-02 2.673639e+02
7.180534e-02 -9.974186e-01 1.242000e-04 6.279946e-01 1.909844e-02 1.250420e-03 -9.998168e-01 -5.486205e-01 9.972358e-01 7.179455e-02 1.913893e-02 2.681921e+02
7.315286e-02 -9.973195e-01 1.581773e-03 6.876712e-01 1.928371e-02 -1.712795e-04 -9.998140e-01 -5.435135e-01 9.971343e-01 7.316976e-02 1.921949e-02 2.690374e+02
7.377537e-02 -9.972717e-01 2.546062e-03 7.477732e-01 1.940116e-02 -1.117302e-03 -9.998112e-01 -5.344410e-01 9.970862e-01 7.381083e-02 1.926580e-02 2.698769e+02
