0.000000e+00 -1.000000e+00 0.000000e+00 0.000000e+00 0.000000e+00 0.000000e+00 -1.000000e+00 0.000000e+00 1.000000e+00 0.000000e+00 0.000000e+00 0.000000e+00
-6.101492e-03 -9.999813e-01 -4.811927e-04 -5.723615e-03 1.397163e-04 4.803492e-04 -9.999999e-01 -1.329876e-03 9.999814e-01 -6.101558e-03 1.367828e-04 8.848138e-02
-1.329682e-02 -9.999108e-01 -1.279976e-03 -8.750454e-03 1.286788e-04 1.278378e-03 -9.999992e-01 -2.772551e-03 9.999116e-01 -1.329698e-02 1.116689e-04 1.847749e-01
-2.068581e-02 -9.997846e-01 -1.641796e-03 -1.332135e-02 -3.839782e-04 1.650091e-03 -9.999986e-01 -6.190801e-03 9.997860e-01 -2.068515e-02 -4.180291e-04 2.737066e-01
-2.949546e-02 -9.995643e-01 -1.143184e-03 -2.721595e-02 -1.263345e-03 1.180960e-03 -9.999985e-01 7.675752e-05 9.995641e-01 -2.949397e-02 -1.297627e-03 3.860715e-01
-4.056941e-02 -9.991764e-01 -7.124031e-04 -3.869573e-02 -2.951112e-03 8.328105e-04 -9.999953e-01 -4.116837e-03 9.991724e-01 -4.056711e-02 -2.982469e-03 5.049171e-01
-5.363368e-02 -9.985602e-01 -1.002632e-03 -4.920031e-02 -3.826526e-03 1.209596e-03 -9.999920e-01 -7.742119e-03 9.985533e-01 -5.362941e-02 -3.885891e-03 6.305439e-01
-7.116182e-02 -9.974646e-01 -5.728307e-04 -7.690012e-02 -4.525328e-03 8.971298e-04 -9.999893e-01 -3.534215e-03 9.974545e-01 -7.115847e-02 -4.577695e-03 7.785921e-01
-8.932468e-02 -9.960023e-01 7.455578e-04 -9.241063e-02 -4.887058e-03 -3.102542e-04 -9.999880e-01 -1.191495e-03 9.959906e-01 -8.932725e-02 -4.839808e-03 9.254059e-01
-1.088205e-01 -9.940600e-01 1.681079e-03 -1.128066e-01 -4.743922e-03 -1.171784e-03 -9.999881e-01 -2.751870e-03 9.940501e-01 -1.088271e-01 -4.588229e-03 1.075470e+00
-1.313295e-01 -9.913367e-01 2.036988e-03 -1.591057e-01 -5.143880e-03 -1.373313e-03 -9.999858e-01 -9.774634e-03 9.913254e-01 -1.313381e-01 -4.918960e-03 1.262842e+00
-1.550115e-01 -9.879125e-01 -4.719006e-04 -2.051336e-01 -6.411774e-03 1.483723e-03 -9.999784e-01 -1.733020e-02 9.878919e-01 -1.550051e-01 -6.564266e-03 1.439417e+00
-1.810056e-01 -9.834740e-01 -3.978385e-03 -2.714485e-01 -8.312577e-03 5.574940e-03 -9.999499e-01 -2.366301e-02 9.834470e-01 -1.809634e-01 -9.184299e-03 1.626018e+00
-2.076467e-01 -9.781837e-01 -6.280075e-03 -3.280113e-01 -9.508722e-03 8.438110e-03 -9.999192e-01 -3.064557e-02 9.781577e-01 -2.075702e-01 -1.105342e-02 1.801271e+00
-2.376449e-01 -9.713166e-01 -8.297234e-03 -4.084285e-01 -9.988765e-03 1.098519e-02 -9.998898e-01 -3.058728e-02 9.713007e-01 -2.375358e-01 -1.231283e-02 2.010255e+00
-2.678196e-01 -9.634225e-01 -9.478001e-03 -4.854687e-01 -9.649565e-03 1.251908e-02 -9.998751e-01 -3.746563e-02 9.634207e-01 -2.676947e-01 -1.264946e-02 2.193932e+00
-2.989955e-01 -9.541928e-01 -1.084844e-02 -5.735900e-01 -9.387841e-03 1.430924e-02 -9.998536e-01 -4.255228e-02 9.542083e-01 -2.988499e-01 -1.323621e-02 2.398129e+00
-3.332842e-01 -9.427403e-01 -1.274809e-02 -6.618767e-01 -8.554941e-03 1.654444e-02 -9.998266e-01 -4.882121e-02 9.427876e-01 -3.331173e-01 -1.357909e-02 2.583227e+00
-3.667284e-01 -9.302112e-01 -1.473979e-02 -7.821027e-01 -8.231663e-03 1.908748e-02 -9.997839e-01 -4.798853e-02 9.302917e-01 -3.665279e-01 -1.465711e-02 2.796013e+00
-4.000951e-01 -9.163268e-01 -1.640266e-02 -8.984138e-01 -8.056737e-03 2.141357e-02 -9.997382e-01 -5.347889e-02 9.164382e-01 -3.998582e-01 -1.595007e-02 3.003667e+00
-4.345559e-01 -9.004785e-01 -1.730775e-02 -1.000406e+00 -7.913755e-03 2.303396e-02 -9.997033e-01 -4.829124e-02 9.006101e-01 -4.342900e-01 -1.713571e-02 3.200884e+00
-4.697375e-01 -8.827018e-01 -1.357742e-02 -1.136990e+00 -9.002504e-03 2.016867e-02 -9.997560e-01 -4.224825e-02 8.827602e-01 -4.695007e-01 -1.742051e-02 3.399080e+00
-5.071037e-01 -8.618225e-01 -1.037767e-02 -1.275612e+00 -9.668436e-03 1.772807e-02 -9.997961e-01 -4.794737e-02 8.618308e-01 -5.069000e-01 -1.732245e-02 3.594574e+00
-5.471871e-01 -8.369365e-01 -1.111440e-02 -1.420246e+00 -7.644033e-03 1.827490e-02 -9.998038e-01 -5.285938e-02 8.369755e-01 -5.469947e-01 -1.639736e-02 3.771881e+00
-5.889635e-01 -8.080139e-01 -1.534824e-02 -1.632580e+00 -3.986082e-03 2.189578e-02 -9.997523e-01 -6.199635e-02 8.081498e-01 -5.887564e-01 -1.611662e-02 3.979752e+00
-6.309981e-01 -7.755740e-01 -1.806598e-02 -1.812708e+00 -1.506640e-03 2.451245e-02 -9.996984e-01 -7.691624e-02 7.757829e-01 -6.307805e-01 -1.663582e-02 4.149052e+00
-6.722839e-01 -7.400910e-01 -1.730844e-02 -2.009808e+00 -1.544523e-03 2.478272e-02 -9.996917e-01 -6.923535e-02 7.402918e-01 -6.720499e-01 -1.780411e-02 4.311837e+00
-7.130092e-01 -7.010328e-01 -1.307115e-02 -2.232482e+00 -2.156781e-03 2.083509e-02 -9.997806e-01 -6.638236e-02 7.011514e-01 -7.128246e-01 -1.636759e-02 4.496021e+00
-7.519549e-01 -6.591320e-01 -1.043588e-02 -2.440134e+00 -1.634359e-03 1.769478e-02 -9.998421e-01 -6.676665e-02 6.592126e-01 -7.518191e-01 -1.438293e-02 4.660745e+00
-7.883183e-01 -6.151895e-01 -9.807495e-03 -2.699752e+00 4.792405e-04 1.532625e-02 -9.998825e-01 -7.296506e-02 6.152675e-01 -7.882303e-01 -1.178714e-02 4.830435e+00
-8.235939e-01 -5.671134e-01 -8.693877e-03 -2.984584e+00 1.835789e-03 1.266276e-02 -9.999182e-01 -7.592067e-02 5.671771e-01 -8.235424e-01 -9.387870e-03 4.984572e+00
-8.565645e-01 -5.159681e-01 -8.613274e-03 -3.262121e+00 3.170359e-03 1.142910e-02 -9.999297e-01 -8.082524e-02 5.160303e-01 -8.565316e-01 -8.153958e-03 5.106438e+00
-8.856195e-01 -4.643195e-01 -9.242645e-03 -3.564560e+00 5.087778e-03 1.020032e-02 -9.999350e-01 -7.747809e-02 4.643836e-01 -8.856090e-01 -6.671248e-03 5.235353e+00
-9.120036e-01 -4.100504e-01 -1.039893e-02 -3.901995e+00 6.888161e-03 1.003812e-02 -9.999259e-01 -7.698768e-02 4.101244e-01 -9.120076e-01 -6.330308e-03 5.359567e+00
-9.347251e-01 -3.551638e-01 -1.215205e-02 -4.225959e+00 9.173186e-03 1.007003e-02 -9.999072e-01 -7.730719e-02 3.552532e-01 -9.347498e-01 -6.154728e-03 5.436101e+00
-9.540192e-01 -2.993999e-01 -1.439127e-02 -4.625602e+00 1.235833e-02 8.682522e-03 -9.998859e-01 -7.422347e-02 2.994907e-01 -9.540882e-01 -4.583209e-03 5.541327e+00
-9.693147e-01 -2.453053e-01 -1.594712e-02 -4.981123e+00 1.497175e-02 5.840583e-03 -9.998708e-01 -7.685567e-02 2.453667e-01 -9.694283e-01 -1.988715e-03 5.603804e+00
-9.807096e-01 -1.947770e-01 -1.645043e-02 -5.387073e+00 1.617835e-02 2.987755e-03 -9.998646e-01 -8.262338e-02 1.947998e-01 -9.808430e-01 2.210510e-04 5.669385e+00
-9.890044e-01 -1.468891e-01 -1.714187e-02 -5.810751e+00 1.659884e-02 4.921902e-03 -9.998501e-01 -8.232348e-02 1.469515e-01 -9.891407e-01 -2.429594e-03 5.691847e+00
-9.943286e-01 -1.049577e-01 -1.716292e-02 -6.220643e+00 1.655505e-02 6.660107e-03 -9.998408e-01 -7.732544e-02 1.050553e-01 -9.944544e-01 -4.884754e-03 5.693165e+00
-9.976335e-01 -6.691846e-02 -1.578701e-02 -6.686006e+00 1.533965e-02 7.193674e-03 -9.998565e-01 -6.572109e-02 6.702242e-02 -9.977325e-01 -6.150145e-03 5.712662e+00
-9.993749e-01 -3.260766e-02 -1.365852e-02 -7.126043e+00 1.342846e-02 7.263922e-03 -9.998835e-01 -5.348669e-02 3.270307e-02 -9.994418e-01 -6.821511e-03 5.704510e+00
-9.999404e-01 -1.303587e-03 -1.084023e-02 -7.607139e+00 1.082978e-02 7.771972e-03 -9.999111e-01 -5.441698e-02 1.387721e-03 -9.999689e-01 -7.757391e-03 5.710693e+00
-9.996229e-01 2.608388e-02 -8.583861e-03 -8.101973e+00 8.789815e-03 7.791437e-03 -9.999310e-01 -5.392931e-02 -2.601520e-02 -9.996294e-01 -8.017772e-03 5.690603e+00
-9.988786e-01 4.689537e-02 -6.508045e-03 -8.586292e+00 6.930617e-03 8.853996e-03 -9.999368e-01 -4.906492e-02 -4.683478e-02 -9.988605e-01 -9.169081e-03 5.646558e+00
-9.979687e-01 6.348351e-02 -5.325517e-03 -9.113586e+00 5.992122e-03 1.031468e-02 -9.999288e-01 -4.065369e-02 -6.342407e-02 -9.979296e-01 -1.067413e-02 5.615637e+00
-9.970440e-01 7.666948e-02 -5.008220e-03 -9.671468e+00 5.670079e-03 8.417381e-03 -9.999485e-01 -3.822020e-02 -7.662338e-02 -9.970210e-01 -8.827222e-03 5.557442e+00
-9.962652e-01 8.612849e-02 -6.121716e-03 -1.024193e+01 6.976115e-03 9.622570e-03 -9.999294e-01 -4.208220e-02 -8.606350e-02 -9.962376e-01 -1.018747e-02 5.499939e+00
-9.955419e-01 9.406334e-02 -6.963792e-03 -1.080195e+01 8.105533e-03 1.176140e-02 -9.998980e-01 -4.544184e-02 -9.397184e-02 -9.954967e-01 -1.247140e-02 5.440898e+00
-9.952027e-01 9.747949e-02 -8.330127e-03 -1.139954e+01 9.392653e-03 1.044617e-02 -9.999013e-01 -4.542892e-02 -9.738285e-02 -9.951827e-01 -1.131165e-02 5.379100e+00
-9.950275e-01 9.921578e-02 -8.743176e-03 -1.200742e+01 9.739732e-03 9.564410e-03 -9.999068e-01 -4.035231e-02 -9.912292e-02 -9.950200e-01 -1.048319e-02 5.317961e+00
-9.950771e-01 9.851632e-02 -1.077796e-02 -1.264541e+01 1.157529e-02 7.525327e-03 -9.999047e-01 -4.084310e-02 -9.842583e-02 -9.951070e-01 -8.628636e-03 5.256093e+00
-9.951186e-01 9.786494e-02 -1.271029e-02 -1.328121e+01 1.339448e-02 6.337297e-03 -9.998902e-01 -4.411516e-02 -9.777365e-02 -9.951795e-01 -7.617212e-03 5.192450e+00
-9.952812e-01 9.618022e-02 -1.283776e-02 -1.392971e+01 1.345522e-02 5.773993e-03 -9.998928e-01 -5.034902e-02 -9.609578e-02 -9.953472e-01 -7.040872e-03 5.121771e+00
-9.955642e-01 9.339419e-02 -1.137848e-02 -1.459815e+01 1.205048e-02 6.634468e-03 -9.999054e-01 -4.549453e-02 -9.330986e-02 -9.956071e-01 -7.730484e-03 5.054428e+00
-9.956394e-01 9.265837e-02 -1.079244e-02 -1.528233e+01 1.172765e-02 9.554547e-03 -9.998856e-01 -3.797785e-02 -9.254465e-02 -9.956521e-01 -1.059955e-02 4.989850e+00
-9.957967e-01 9.055302e-02 -1.374828e-02 -1.599021e+01 1.466780e-02 9.496810e-03 -9.998473e-01 -3.384743e-02 -9.040862e-02 -9.958463e-01 -1.078511e-02 4.912693e+00
-9.958490e-01 8.937320e-02 -1.723755e-02 -1.672112e+01 1.797531e-02 7.456453e-03 -9.998106e-01 -3.503873e-02 -8.922775e-02 -9.959703e-01 -9.032012e-03 4.849684e+00
-9.959902e-01 8.744721e-02 -1.888414e-02 -1.744025e+01 1.988712e-02 1.061255e-02 -9.997459e-01 -1.080376e-02 -8.722458e-02 -9.961126e-01 -1.230907e-02 4.781866e+00
-9.961076e-01 8.615066e-02 -1.864674e-02 -1.816612e+01 1.964861e-02 1.079594e-02 -9.997486e-01 -1.040075e-02 -8.592770e-02 -9.962236e-01 -1.244665e-02 4.717154e+00
-9.963471e-01 8.385793e-02 -1.613478e-02 -1.891855e+01 1.728795e-02 1.304344e-02 -9.997655e-01 -7.491205e-03 -8.362781e-02 -9.963924e-01 -1.444552e-02 4.637176e+00
-9.965008e-01 8.217890e-02 -1.525275e-02 -1.969792e+01 1.665148e-02 1.636207e-02 -9.997275e-01 1.286896e-03 -8.190694e-02 -9.964833e-01 -1.767321e-02 4.567241e+00
-9.965719e-01 8.093734e-02 -1.713395e-02 -2.046521e+01 1.841971e-02 1.516599e-02 -9.997153e-01 1.674909e-02 -8.065445e-02 -9.966038e-01 -1.660484e-02 4.503917e+00
-9.966439e-01 7.947917e-02 -1.959466e-02 -2.127622e+01 2.068699e-02 1.294358e-02 -9.997022e-01 2.160437e-02 -7.920188e-02 -9.967525e-01 -1.454433e-02 4.444706e+00
-9.967077e-01 7.831498e-02 -2.098968e-02 -2.207045e+01 2.194891e-02 1.140769e-02 -9.996940e-01 2.971043e-02 -7.805157e-02 -9.968634e-01 -1.308907e-02 4.375738e+00
-9.968809e-01 7.706895e-02 -1.699466e-02 -2.286586e+01 1.773701e-02 8.957947e-03 -9.998025e-01 4.094032e-02 -7.690150e-02 -9.969855e-01 -1.029698e-02 4.305206e+00
-9.970447e-01 7.610906e-02 -1.045372e-02 -2.366443e+01 1.108217e-02 7.839482e-03 -9.999079e-01 3.521351e-02 -7.602009e-02 -9.970687e-01 -8.659768e-03 4.245255e+00
-9.969868e-01 7.725410e-02 -7.004497e-03 -2.448000e+01 7.693858e-03 8.629271e-03 -9.999332e-01 5.500303e-02 -7.718850e-02 -9.969741e-01 -9.197651e-03 4.184515e+00
-9.970047e-01 7.699601e-02 -7.291959e-03 -2.530237e+01 7.812502e-03 6.461592e-03 -9.999486e-01 5.034459e-02 -7.694494e-02 -9.970105e-01 -7.043770e-03 4.125492e+00
-9.969226e-01 7.720084e-02 -1.361357e-02 -2.617214e+01 1.423391e-02 7.490792e-03 -9.998707e-01 5.372875e-02 -7.708888e-02 -9.969874e-01 -8.566610e-03 4.042263e+00
-9.967109e-01 7.863162e-02 -1.960801e-02 -2.703667e+01 2.028258e-02 7.789305e-03 -9.997640e-01 7.022267e-02 -7.846034e-02 -9.968733e-01 -9.358537e-03 3.975531e+00
-9.966358e-01 7.798244e-02 -2.521627e-02 -2.787096e+01 2.583230e-02 6.900763e-03 -9.996425e-01 8.048365e-02 -7.778054e-02 -9.969308e-01 -8.892013e-03 3.897161e+00
-9.965705e-01 7.870459e-02 -2.555251e-02 -2.871960e+01 2.609728e-02 5.900711e-03 -9.996420e-01 8.251802e-02 -7.852563e-02 -9.968805e-01 -7.934450e-03 3.823677e+00
-9.964889e-01 8.024638e-02 -2.388214e-02 -2.953980e+01 2.501591e-02 1.315295e-02 -9.996005e-01 9.631319e-02 -7.990021e-02 -9.966882e-01 -1.511421e-02 3.741367e+00
-9.965295e-01 8.032249e-02 -2.184553e-02 -3.036540e+01 2.292647e-02 1.255990e-02 -9.996582e-01 9.828275e-02 -8.002066e-02 -9.966898e-01 -1.435782e-02 3.675937e+00
-9.964729e-01 8.069596e-02 -2.301931e-02 -3.121805e+01 2.416988e-02 1.331023e-02 -9.996192e-01 1.026141e-01 -8.035884e-02 -9.966499e-01 -1.521370e-02 3.595055e+00
-9.963843e-01 8.134222e-02 -2.453126e-02 -3.206926e+01 2.561213e-02 1.227112e-02 -9.995967e-01 1.080313e-01 -8.100839e-02 -9.966107e-01 -1.431009e-02 3.519236e+00
-9.964156e-01 8.136591e-02 -2.314337e-02 -3.288109e+01 2.429620e-02 1.320690e-02 -9.996176e-01 1.316803e-01 -8.102914e-02 -9.965968e-01 -1.513644e-02 3.456246e+00
-9.966823e-01 7.926257e-02 -1.849097e-02 -3.370887e+01 1.976328e-02 1.529740e-02 -9.996877e-01 1.322225e-01 -7.895495e-02 -9.967364e-01 -1.681314e-02 3.381770e+00
-9.966537e-01 8.034830e-02 -1.501424e-02 -3.454456e+01 1.649698e-02 1.782196e-02 -9.997051e-01 1.370898e-01 -8.005702e-02 -9.966075e-01 -1.908783e-02 3.310239e+00
-9.967478e-01 7.910845e-02 -1.535093e-02 -3.536884e+01 1.681491e-02 1.787310e-02 -9.996989e-01 1.377513e-01 -7.881027e-02 -9.967058e-01 -1.914517e-02 3.237040e+00
-9.967761e-01 7.829074e-02 -1.754914e-02 -3.622505e+01 1.886917e-02 1.615275e-02 -9.996915e-01 1.442477e-01 -7.798312e-02 -9.967997e-01 -1.757795e-02 3.163247e+00
-9.966416e-01 7.880336e-02 -2.226019e-02 -3.705170e+01 2.374867e-02 1.800188e-02 -9.995559e-01 1.470705e-01 -7.836764e-02 -9.967276e-01 -1.981290e-02 3.095915e+00
-9.965920e-01 7.764800e-02 -2.784333e-02 -3.788252e+01 2.908781e-02 1.494232e-02 -9.994652e-01 1.547092e-01 -7.719043e-02 -9.968688e-01 -1.715001e-02 3.032737e+00
-9.964769e-01 7.820275e-02 -3.030094e-02 -3.871872e+01 3.149375e-02 1.406451e-02 -9.994050e-01 1.775585e-01 -7.773005e-02 -9.968383e-01 -1.647785e-02 2.968701e+00
-9.965363e-01 7.723786e-02 -3.081969e-02 -3.957213e+01 3.188290e-02 1.257004e-02 -9.994125e-01 1.821409e-01 -7.680508e-02 -9.969335e-01 -1.498907e-02 2.896418e+00
-9.966844e-01 7.693414e-02 -2.648195e-02 -4.039632e+01 2.741780e-02 1.113336e-02 -9.995621e-01 1.916509e-01 -7.660561e-02 -9.969740e-01 -1.320581e-02 2.830904e+00
-9.967836e-01 7.676349e-02 -2.301812e-02 -4.118636e+01 2.395614e-02 1.132106e-02 -9.996489e-01 1.976295e-01 -7.647595e-02 -9.969851e-01 -1.312360e-02 2.771997e+00
-9.968567e-01 7.648133e-02 -2.067347e-02 -4.201817e+01 2.191070e-02 1.537329e-02 -9.996417e-01 2.032378e-01 -7.613612e-02 -9.969525e-01 -1.700072e-02 2.695208e+00
-9.968612e-01 7.686662e-02 -1.895420e-02 -4.284926e+01 2.038242e-02 1.783865e-02 -9.996331e-01 2.137340e-01 -7.650030e-02 -9.968818e-01 -1.934938e-02 2.619591e+00
-9.968796e-01 7.702640e-02 -1.726203e-02 -4.368244e+01 1.873102e-02 1.838962e-02 -9.996554e-01 2.258396e-01 -7.668242e-02 -9.968594e-01 -1.977502e-02 2.554599e+00
-9.968762e-01 7.775376e-02 -1.386487e-02 -4.449452e+01 1.505739e-02 1.477181e-02 -9.997775e-01 2.314813e-01 -7.753165e-02 -9.968631e-01 -1.589644e-02 2.495872e+00
-9.967993e-01 7.908230e-02 -1.170516e-02 -4.531723e+01 1.258147e-02 1.059188e-02 -9.998648e-01 2.292243e-01 -7.894763e-02 -9.968118e-01 -1.155295e-02 2.425430e+00
-9.966921e-01 7.986623e-02 -1.504401e-02 -4.615538e+01 1.593829e-02 1.057150e-02 -9.998171e-01 2.271740e-01 -7.969259e-02 -9.967495e-01 -1.180946e-02 2.356915e+00
-9.963599e-01 8.265534e-02 -2.085856e-02 -4.695423e+01 2.164608e-02 8.642979e-03 -9.997283e-01 2.375906e-01 -8.245261e-02 -9.965407e-01 -1.040068e-02 2.297854e+00
-9.962134e-01 8.367492e-02 -2.361021e-02 -4.778810e+01 2.435396e-02 7.878904e-03 -9.996724e-01 2.562706e-01 -8.346148e-02 -9.964619e-01 -9.886886e-03 2.226232e+00
-9.960670e-01 8.547755e-02 -2.332573e-02 -4.861004e+01 2.421323e-02 9.360704e-03 -9.996630e-01 2.622871e-01 -8.523040e-02 -9.962961e-01 -1.139358e-02 2.154331e+00
-9.960446e-01 8.669109e-02 -1.948642e-02 -4.942253e+01 2.051044e-02 1.093722e-02 -9.997298e-01 2.622340e-01 -8.645453e-02 -9.961752e-01 -1.267203e-02 2.077687e+00
-9.959849e-01 8.794823e-02 -1.671029e-02 -5.021087e+01 1.808903e-02 1.490319e-02 -9.997253e-01 2.662978e-01 -8.767503e-02 -9.960136e-01 -1.643425e-02 1.996806e+00
-9.959100e-01 8.899204e-02 -1.561172e-02 -5.100874e+01 1.739608e-02 1.931053e-02 -9.996622e-01 2.709571e-01 -8.866052e-02 -9.958451e-01 -2.077966e-02 1.913298e+00
-9.958028e-01 8.996839e-02 -1.680742e-02 -5.182837e+01 1.855063e-02 1.857476e-02 -9.996554e-01 2.660973e-01 -8.962519e-02 -9.957714e-01 -2.016577e-02 1.831631e+00
-9.956645e-01 9.135540e-02 -1.750105e-02 -5.261279e+01 1.941726e-02 2.012879e-02 -9.996088e-01 2.769354e-01 -9.096739e-02 -9.956149e-01 -2.181540e-02 1.754202e+00
-9.955141e-01 9.311485e-02 -1.677070e-02 -5.339951e+01 1.895913e-02 2.266776e-02 -9.995633e-01 2.772571e-01 -9.269402e-02 -9.953973e-01 -2.433145e-02 1.672078e+00
-9.954687e-01 9.347876e-02 -1.743183e-02 -5.415101e+01 1.948067e-02 2.105013e-02 -9.995886e-01 2.804825e-01 -9.307336e-02 -9.953987e-01 -2.277577e-02 1.594286e+00
-9.954603e-01 9.316787e-02 -1.945298e-02 -5.493634e+01 2.143594e-02 2.033042e-02 -9.995635e-01 2.833238e-01 -9.273171e-02 -9.954428e-01 -2.223526e-02 1.521921e+00
-9.953150e-01 9.423938e-02 -2.160889e-02 -5.572055e+01 2.354889e-02 1.952250e-02 -9.995320e-01 2.839921e-01 -9.377342e-02 -9.953581e-01 -2.165028e-02 1.444399e+00
-9.952518e-01 9.385079e-02 -2.580650e-02 -5.648870e+01 2.770301e-02 1.896115e-02 -9.994364e-01 2.929420e-01 -9.330857e-02 -9.954057e-01 -2.147106e-02 1.366273e+00
-9.950953e-01 9.474627e-02 -2.843468e-02 -5.724565e+01 3.039656e-02 1.932796e-02 -9.993510e-01 3.043151e-01 -9.413520e-02 -9.953138e-01 -2.211312e-02 1.293967e+00
-9.950224e-01 9.561665e-02 -2.807066e-02 -5.800164e+01 3.002413e-02 1.905287e-02 -9.993676e-01 3.115923e-01 -9.502136e-02 -9.952359e-01 -2.182883e-02 1.217745e+00
-9.951119e-01 9.523322e-02 -2.613438e-02 -5.874246e+01 2.788361e-02 1.708347e-02 -9.994652e-01 3.188005e-01 -9.473582e-02 -9.953084e-01 -1.965541e-02 1.144834e+00
-9.951549e-01 9.556013e-02 -2.313166e-02 -5.948773e+01 2.478378e-02 1.613804e-02 -9.995626e-01 3.258061e-01 -9.514502e-02 -9.952928e-01 -1.842819e-02 1.063290e+00
-9.951987e-01 9.561371e-02 -2.091811e-02 -6.020244e+01 2.262423e-02 1.679460e-02 -9.996030e-01 3.313669e-01 -9.522444e-02 -9.952768e-01 -1.887715e-02 9.934835e-01
-9.953713e-01 9.416685e-02 -1.919769e-02 -6.092004e+01 2.104112e-02 1.862244e-02 -9.996052e-01 3.317289e-01 -9.377217e-02 -9.953822e-01 -2.051762e-02 9.167292e-01
-9.955611e-01 9.235935e-02 -1.810501e-02 -6.161854e+01 1.973801e-02 1.679819e-02 -9.996641e-01 3.218655e-01 -9.202419e-02 -9.955840e-01 -1.854662e-02 8.452330e-01
-9.959737e-01 8.764683e-02 -1.882687e-02 -6.225741e+01 2.058378e-02 1.918480e-02 -9.996040e-01 3.308294e-01 -8.725093e-02 -9.959669e-01 -2.091166e-02 7.859601e-01
-9.963502e-01 8.294585e-02 -2.015751e-02 -6.294518e+01 2.169072e-02 1.762495e-02 -9.996094e-01 3.336147e-01 -8.255817e-02 -9.963982e-01 -1.935977e-02 7.244537e-01
-9.969372e-01 7.503357e-02 -2.205042e-02 -6.358691e+01 2.338409e-02 1.694228e-02 -9.995830e-01 3.309814e-01 -7.462870e-02 -9.970371e-01 -1.864498e-02 6.744597e-01
-9.975070e-01 6.682795e-02 -2.266510e-02 -6.421815e+01 2.400870e-02 1.937116e-02 -9.995241e-01 3.391930e-01 -6.635709e-02 -9.975765e-01 -2.092732e-02 6.306179e-01
-9.981453e-01 5.560401e-02 -2.478046e-02 -6.484158e+01 2.598552e-02 2.105478e-02 -9.994406e-01 3.437752e-01 -5.505116e-02 -9.982309e-01 -2.246063e-02 5.869341e-01
-9.987538e-01 4.255934e-02 -2.606674e-02 -6.542485e+01 2.707593e-02 2.331068e-02 -9.993616e-01 3.401037e-01 -4.192454e-02 -9.988220e-01 -2.443396e-02 5.567091e-01
-9.993502e-01 2.263228e-02 -2.805145e-02 -6.601396e+01 2.864243e-02 2.622484e-02 -9.992456e-01 3.553409e-01 -2.187956e-02 -9.993998e-01 -2.685604e-02 5.418741e-01
-9.995906e-01 1.345606e-03 -2.858030e-02 -6.657481e+01 2.860613e-02 2.683817e-02 -9.992304e-01 3.596321e-01 -5.775274e-04 -9.996389e-01 -2.686568e-02 5.385038e-01
-9.992907e-01 -2.417475e-02 -2.887398e-02 -6.710989e+01 2.823247e-02 2.646974e-02 -9.992509e-01 3.689993e-01 2.492092e-02 -9.993573e-01 -2.576845e-02 5.597773e-01
-9.980714e-01 -5.445027e-02 -2.980940e-02 -6.763760e+01 2.843979e-02 2.575766e-02 -9.992636e-01 3.709307e-01 5.517799e-02 -9.981842e-01 -2.415943e-02 6.048158e-01
-9.957251e-01 -8.748176e-02 -2.963967e-02 -6.812709e+01 2.760493e-02 2.437810e-02 -9.993216e-01 3.752947e-01 8.814497e-02 -9.958678e-01 -2.185896e-02 6.618282e-01
-9.918841e-01 -1.236777e-01 -2.949094e-02 -6.859703e+01 2.680574e-02 2.331977e-02 -9.993686e-01 3.814413e-01 1.242873e-01 -9.920484e-01 -1.981524e-02 7.313036e-01
-9.858781e-01 -1.648095e-01 -2.970172e-02 -6.906001e+01 2.635824e-02 2.243749e-02 -9.994007e-01 3.868338e-01 1.653772e-01 -9.860702e-01 -1.777655e-02 8.198171e-01
-9.770551e-01 -2.106231e-01 -3.164107e-02 -6.951276e+01 2.749659e-02 2.257756e-02 -9.993669e-01 3.898371e-01 2.112042e-01 -9.773066e-01 -1.626810e-02 9.506019e-01
-9.652950e-01 -2.593468e-01 -3.073697e-02 -6.996558e+01 2.605116e-02 2.148623e-02 -9.994297e-01 4.115157e-01 2.598593e-01 -9.655452e-01 -1.398427e-02 1.085830e+00
-9.509432e-01 -3.082105e-01 -2.670947e-02 -7.037872e+01 2.371417e-02 1.346065e-02 -9.996281e-01 4.143955e-01 3.084554e-01 -9.512230e-01 -5.491357e-03 1.262245e+00
-9.333147e-01 -3.583716e-01 -2.221301e-02 -7.078171e+01 2.071588e-02 8.017085e-03 -9.997532e-01 4.130269e-01 3.584612e-01 -9.335446e-01 -5.848118e-05 1.454977e+00
-9.112250e-01 -4.115025e-01 -1.829328e-02 -7.117513e+01 1.973410e-02 7.472704e-04 -9.998050e-01 4.062358e-01 4.114359e-01 -9.114083e-01 7.439700e-03 1.661707e+00
-8.867278e-01 -4.619546e-01 -1.765488e-02 -7.154814e+01 2.063348e-02 -1.396630e-03 -9.997861e-01 4.018489e-01 4.618311e-01 -8.869025e-01 1.077016e-02 1.904255e+00
-8.600640e-01 -5.099048e-01 -1.693977e-02 -7.191323e+01 2.099117e-02 -2.192081e-03 -9.997773e-01 4.144715e-01 5.097541e-01 -8.602281e-01 1.258883e-02 2.139090e+00
-8.316122e-01 -5.551707e-01 -1.437546e-02 -7.225805e+01 2.114036e-02 -5.779433e-03 -9.997598e-01 4.434676e-01 5.549543e-01 -8.317164e-01 1.654275e-02 2.415108e+00
-8.008211e-01 -5.988397e-01 -8.746268e-03 -7.258877e+01 2.282790e-02 -1.592778e-02 -9.996125e-01 4.421261e-01 5.984684e-01 -8.007105e-01 2.642556e-02 2.707149e+00
-7.684439e-01 -6.399115e-01 -2.675629e-03 -7.288215e+01 2.198436e-02 -2.222093e-02 -9.995114e-01 4.160520e-01 6.395394e-01 -7.681273e-01 3.114359e-02 3.004493e+00
-7.328589e-01 -6.803775e-01 2.079580e-03 -7.316419e+01 1.627446e-02 -2.058526e-02 -9.996557e-01 4.142120e-01 6.801860e-01 -7.325727e-01 2.615887e-02 3.317949e+00
-6.928463e-01 -7.210610e-01 5.925436e-03 -7.343223e+01 7.685679e-03 -1.560136e-02 -9.998487e-01 4.102355e-01 7.210444e-01 -6.926959e-01 1.635119e-02 3.625713e+00
-6.493006e-01 -7.604741e-01 9.371196e-03 -7.372808e+01 -1.832966e-04 -1.216542e-02 -9.999260e-01 4.252295e-01 7.605319e-01 -6.492542e-01 7.759621e-03 3.989987e+00
-6.026307e-01 -7.979547e-01 1.022284e-02 -7.400595e+01 -4.050596e-03 -9.751504e-03 -9.999443e-01 4.394878e-01 7.980099e-01 -6.026385e-01 2.644364e-03 4.347464e+00
-5.548908e-01 -8.318644e-01 9.895242e-03 -7.425723e+01 -5.784829e-03 -8.035935e-03 -9.999510e-01 4.448470e-01 8.319030e-01 -5.549209e-01 -3.531256e-04 4.772435e+00
-5.048181e-01 -8.631796e-01 8.918957e-03 -7.449734e+01 -6.678067e-03 -6.426663e-03 -9.999570e-01 4.401878e-01 8.631999e-01 -5.048560e-01 -2.520075e-03 5.214715e+00
-4.566439e-01 -8.896254e-01 6.553669e-03 -7.473229e+01 -4.824640e-03 -4.890115e-03 -9.999764e-01 4.241152e-01 8.896365e-01 -4.566648e-01 -2.059081e-03 5.676292e+00
-4.126619e-01 -9.108770e-01 3.648005e-03 -7.495543e+01 -5.671316e-03 -1.435547e-03 -9.999829e-01 4.244497e-01 9.108666e-01 -4.126755e-01 -4.573476e-03 6.185556e+00
-3.717334e-01 -9.283394e-01 -4.584995e-04 -7.515188e+01 -5.827460e-03 2.827362e-03 -9.999790e-01 4.119183e-01 9.283212e-01 -3.717229e-01 -6.460886e-03 6.678546e+00
-3.347895e-01 -9.422776e-01 -5.386716e-03 -7.534458e+01 -4.700391e-03 7.386519e-03 -9.999617e-01 4.197569e-01 9.422812e-01 -3.347513e-01 -6.902002e-03 7.237026e+00
-3.031613e-01 -9.529145e-01 -6.861566e-03 -7.551223e+01 -3.337445e-03 8.262102e-03 -9.999603e-01 4.119444e-01 9.529334e-01 -3.031263e-01 -5.685049e-03 7.795062e+00
-2.787576e-01 -9.603397e-01 -6.470301e-03 -7.567872e+01 -1.223102e-03 7.092368e-03 -9.999741e-01 4.055454e-01 9.603607e-01 -2.787425e-01 -3.151644e-03 8.354546e+00
-2.573669e-01 -9.662949e-01 -6.038051e-03 -7.583070e+01 1.931856e-04 6.197089e-03 -9.999808e-01 4.085572e-01 9.663137e-01 -2.573631e-01 -1.408251e-03 8.960534e+00
-2.400114e-01 -9.707343e-01 -8.330420e-03 -7.599073e+01 2.978111e-03 7.844933e-03 -9.999648e-01 3.995663e-01 9.707655e-01 -2.400278e-01 1.008081e-03 9.546810e+00
-2.236149e-01 -9.746054e-01 -1.186025e-02 -7.613808e+01 5.149018e-03 1.098699e-02 -9.999264e-01 3.986132e-01 9.746640e-01 -2.236595e-01 2.561407e-03 1.017825e+01
-2.092262e-01 -9.777747e-01 -1.345773e-02 -7.630067e+01 5.737366e-03 1.253463e-02 -9.999050e-01 4.020723e-01 9.778504e-01 -2.092835e-01 2.987278e-03 1.083019e+01
-1.981159e-01 -9.800889e-01 -1.326208e-02 -7.643056e+01 5.605757e-03 1.239711e-02 -9.999074e-01 3.898941e-01 9.801626e-01 -1.981719e-01 3.038077e-03 1.146822e+01
-1.838958e-01 -9.828048e-01 -1.664637e-02 -7.655508e+01 6.393166e-03 1.573893e-02 -9.998557e-01 3.990082e-01 9.829249e-01 -1.839757e-01 3.388911e-03 1.213879e+01
-1.686226e-01 -9.855503e-01 -1.603341e-02 -7.667547e+01 7.212305e-03 1.503224e-02 -9.998610e-01 4.063066e-01 9.856543e-01 -1.687148e-01 4.573314e-03 1.282805e+01
-1.553868e-01 -9.877363e-01 -1.522680e-02 -7.679460e+01 7.315530e-03 1.426303e-02 -9.998715e-01 4.049637e-01 9.878266e-01 -1.554782e-01 5.009530e-03 1.353196e+01
-1.430987e-01 -9.895845e-01 -1.565956e-02 -7.690350e+01 4.994322e-03 1.510017e-02 -9.998735e-01 3.920365e-01 9.896958e-01 -1.431588e-01 2.781488e-03 1.425433e+01
-1.314842e-01 -9.911544e-01 -1.802376e-02 -7.700156e+01 6.585682e-04 1.809427e-02 -9.998361e-01 3.941865e-01 9.913180e-01 -1.314745e-01 -1.726367e-03 1.499163e+01
-1.231795e-01 -9.922072e-01 -1.875559e-02 -7.709235e+01 -4.569516e-03 1.946641e-02 -9.998001e-01 3.838267e-01 9.923739e-01 -1.230691e-01 -6.931768e-03 1.573414e+01
-1.136014e-01 -9.933417e-01 -1.915775e-02 -7.717918e+01 -5.858636e-03 1.995201e-02 -9.997838e-01 3.859605e-01 9.935091e-01 -1.134646e-01 -8.086204e-03 1.649736e+01
-1.078013e-01 -9.939832e-01 -1.939822e-02 -7.727057e+01 -5.158106e-04 1.956785e-02 -9.998084e-01 3.764754e-01 9.941723e-01 -1.077706e-01 -2.622146e-03 1.726216e+01
-1.024688e-01 -9.945089e-01 -2.126686e-02 -7.734872e+01 6.522423e-03 2.070720e-02 -9.997643e-01 3.840905e-01 9.947149e-01 -1.025834e-01 4.364764e-03 1.802114e+01
-9.960414e-02 -9.947352e-01 -2.410156e-02 -7.743230e+01 9.083567e-03 2.331199e-02 -9.996870e-01 3.704703e-01 9.949857e-01 -9.979189e-02 6.713773e-03 1.879175e+01
-9.551476e-02 -9.950824e-01 -2.622848e-02 -7.751234e+01 1.113630e-02 2.527910e-02 -9.996184e-01 3.622311e-01 9.953657e-01 -9.577040e-02 8.667013e-03 1.957071e+01
-9.138495e-02 -9.955351e-01 -2.363576e-02 -7.758251e+01 1.013421e-02 2.280410e-02 -9.996886e-01 3.670691e-01 9.957641e-01 -9.159602e-02 8.005009e-03 2.033543e+01
-9.015276e-02 -9.956914e-01 -2.170672e-02 -7.764923e+01 1.113374e-02 2.078651e-02 -9.997219e-01 3.672845e-01 9.958657e-01 -9.036937e-02 9.211805e-03 2.111713e+01
-9.046269e-02 -9.957126e-01 -1.930800e-02 -7.772523e+01 1.271839e-02 1.823085e-02 -9.997529e-01 3.708426e-01 9.958186e-01 -9.068590e-02 1.101464e-02 2.190551e+01
-8.416319e-02 -9.963075e-01 -1.696920e-02 -7.778510e+01 1.517991e-02 1.574569e-02 -9.997608e-01 3.687653e-01 9.963363e-01 -8.440065e-02 1.379865e-02 2.269735e+01
-8.237073e-02 -9.964996e-01 -1.427099e-02 -7.784488e+01 1.288200e-02 1.325385e-02 -9.998292e-01 3.691692e-01 9.965185e-01 -8.254050e-02 1.174517e-02 2.346532e+01
-8.201258e-02 -9.964951e-01 -1.647637e-02 -7.791880e+01 5.209998e-03 1.610317e-02 -9.998568e-01 3.694889e-01 9.966177e-01 -8.208667e-02 3.871076e-03 2.422915e+01
-7.879590e-02 -9.967040e-01 -1.929261e-02 -7.797766e+01 -2.614679e-03 1.955934e-02 -9.998053e-01 3.530768e-01 9.968873e-01 -7.873011e-02 -4.147258e-03 2.495806e+01
-7.781428e-02 -9.967273e-01 -2.190145e-02 -7.804462e+01 -6.302810e-03 2.245944e-02 -9.997279e-01 3.438530e-01 9.969479e-01 -7.765507e-02 -8.029848e-03 2.570607e+01
-7.471836e-02 -9.968959e-01 -2.481352e-02 -7.810817e+01 -4.452815e-03 2.521636e-02 -9.996721e-01 3.278860e-01 9.971947e-01 -7.458336e-02 -6.323118e-03 2.647783e+01
-7.179862e-02 -9.970947e-01 -2.543928e-02 -7.816423e+01 -1.164054e-03 2.558886e-02 -9.996719e-01 3.172439e-01 9.974185e-01 -7.174544e-02 -2.997917e-03 2.724677e+01
-6.895547e-02 -9.973037e-01 -2.511074e-02 -7.821194e+01 3.829062e-03 2.490589e-02 -9.996825e-01 3.209620e-01 9.976124e-01 -6.902973e-02 2.101340e-03 2.799220e+01
-6.829225e-02 -9.972943e-01 -2.720631e-02 -7.826865e+01 5.912727e-03 2.686491e-02 -9.996216e-01 3.050459e-01 9.976478e-01 -6.842727e-02 4.062064e-03 2.875430e+01
-6.571035e-02 -9.975522e-01 -2.391003e-02 -7.831487e+01 6.441166e-03 2.353728e-02 -9.997022e-01 3.008439e-01 9.978179e-01 -6.584479e-02 4.878757e-03 2.949282e+01
-6.483323e-02 -9.976346e-01 -2.284459e-02 -7.836911e+01 5.503758e-03 2.253492e-02 -9.997309e-01 3.020175e-01 9.978809e-01 -6.494152e-02 4.029728e-03 3.024496e+01
-6.338894e-02 -9.977545e-01 -2.163088e-02 -7.841823e+01 5.456355e-03 2.132766e-02 -9.997576e-01 2.976061e-01 9.979740e-01 -6.349161e-02 4.092165e-03 3.101040e+01
-6.324969e-02 -9.978020e-01 -1.976256e-02 -7.846885e+01 4.549682e-03 1.951372e-02 -9.997993e-01 2.953469e-01 9.979874e-01 -6.332691e-02 3.305445e-03 3.177575e+01
-6.149880e-02 -9.978879e-01 -2.091856e-02 -7.851573e+01 4.722947e-03 2.066706e-02 -9.997752e-01 2.848718e-01 9.980960e-01 -6.158378e-02 3.441972e-03 3.252674e+01
-5.999023e-02 -9.979625e-01 -2.172497e-02 -7.856694e+01 4.977333e-03 2.146483e-02 -9.997572e-01 2.856104e-01 9.981865e-01 -6.008380e-02 3.679511e-03 3.327500e+01
-5.981769e-02 -9.979386e-01 -2.324509e-02 -7.861498e+01 4.808436e-03 2.299845e-02 -9.997239e-01 2.812945e-01 9.981977e-01 -5.991295e-02 3.422810e-03 3.405538e+01
-6.095522e-02 -9.978217e-01 -2.522540e-02 -7.866714e+01 4.841675e-03 2.497652e-02 -9.996763e-01 2.764432e-01 9.981288e-01 -6.105762e-02 3.308680e-03 3.484329e+01
-6.361005e-02 -9.977462e-01 -2.136107e-02 -7.871492e+01 5.150306e-03 2.107593e-02 -9.997646e-01 2.627926e-01 9.979615e-01 -6.370510e-02 3.798057e-03 3.562911e+01
-6.559788e-02 -9.975724e-01 -2.337378e-02 -7.876863e+01 5.192764e-03 2.308264e-02 -9.997201e-01 2.563694e-01 9.978327e-01 -6.570089e-02 3.665986e-03 3.640400e+01
-6.896514e-02 -9.971996e-01 -2.892689e-02 -7.883530e+01 4.296386e-03 2.869878e-02 -9.995789e-01 2.649904e-01 9.976098e-01 -6.906038e-02 2.305139e-03 3.721763e+01
-7.145365e-02 -9.969766e-01 -3.052952e-02 -7.889183e+01 1.196563e-03 3.052206e-02 -9.995334e-01 2.574333e-01 9.974432e-01 -7.145683e-02 -9.879669e-04 3.801649e+01
-7.214315e-02 -9.969060e-01 -3.120377e-02 -7.895270e+01 -1.733849e-03 3.141059e-02 -9.995050e-01 2.500816e-01 9.973928e-01 -7.205334e-02 -3.994543e-03 3.881967e+01
-7.542010e-02 -9.967470e-01 -2.841020e-02 -7.902966e+01 -3.888552e-03 2.878513e-02 -9.995781e-01 2.404415e-01 9.971443e-01 -7.527780e-02 -6.046880e-03 3.964896e+01
-7.631724e-02 -9.966296e-01 -3.008623e-02 -7.909169e+01 -3.244030e-03 3.042226e-02 -9.995319e-01 2.371578e-01 9.970783e-01 -7.618392e-02 -5.554839e-03 4.048600e+01
-7.892936e-02 -9.964970e-01 -2.763678e-02 -7.916135e+01 -2.672372e-03 2.793468e-02 -9.996062e-01 2.190565e-01 9.968767e-01 -7.882442e-02 -4.867877e-03 4.134247e+01
-8.105551e-02 -9.964545e-01 -2.254747e-02 -7.923678e+01 -1.070234e-03 2.270890e-02 -9.997416e-01 2.023604e-01 9.967090e-01 -8.101042e-02 -2.907122e-03 4.216928e+01
-8.221417e-02 -9.963558e-01 -2.271570e-02 -7.931196e+01 1.988378e-03 2.262883e-02 -9.997420e-01 1.906738e-01 9.966127e-01 -8.223812e-02 1.207216e-04 4.300315e+01
-8.392995e-02 -9.961829e-01 -2.398953e-02 -7.939659e+01 5.691530e-03 2.359483e-02 -9.997054e-01 1.855683e-01 9.964554e-01 -8.404176e-02 3.689491e-03 4.384671e+01
-8.300666e-02 -9.963012e-01 -2.222409e-02 -7.947439e+01 8.268456e-03 2.161174e-02 -9.997323e-01 1.841337e-01 9.965147e-01 -8.316819e-02 6.443954e-03 4.467902e+01
-8.083525e-02 -9.964501e-01 -2.351072e-02 -7.955137e+01 1.056082e-02 2.273033e-02 -9.996858e-01 1.795104e-01 9.966715e-01 -8.105815e-02 8.685916e-03 4.554599e+01
-7.929628e-02 -9.965215e-01 -2.563260e-02 -7.963490e+01 9.890515e-03 2.492581e-02 -9.996404e-01 1.704996e-01 9.968020e-01 -7.952128e-02 7.879588e-03 4.640815e+01
-7.617999e-02 -9.968358e-01 -2.269580e-02 -7.970853e+01 7.353104e-03 2.219968e-02 -9.997265e-01 1.759876e-01 9.970670e-01 -7.632604e-02 5.638666e-03 4.726844e+01
-7.476237e-02 -9.969815e-01 -2.093889e-02 -7.977236e+01 6.056994e-03 2.054326e-02 -9.997706e-01 1.689165e-01 9.971830e-01 -7.487205e-02 4.502848e-03 4.812915e+01
-7.455131e-02 -9.970120e-01 -2.022962e-02 -7.983911e+01 5.677310e-03 1.986140e-02 -9.997866e-01 1.659245e-01 9.972010e-01 -7.465025e-02 4.179652e-03 4.901053e+01
-7.297217e-02 -9.971488e-01 -1.921647e-02 -7.990701e+01 6.984700e-03 1.875641e-02 -9.997997e-01 1.657526e-01 9.973095e-01 -7.309178e-02 5.596089e-03 4.990412e+01
-7.239413e-02 -9.972514e-01 -1.577090e-02 -7.996175e+01 9.997816e-03 1.508599e-02 -9.998362e-01 1.605677e-01 9.973260e-01 -7.253995e-02 8.878198e-03 5.077752e+01
-7.176765e-02 -9.973237e-01 -1.396038e-02 -8.003342e+01 1.030339e-02 1.325443e-02 -9.998591e-01 1.621062e-01 9.973682e-01 -7.190137e-02 9.324576e-03 5.165831e+01
-7.016280e-02 -9.974355e-01 -1.412833e-02 -8.009971e+01 7.003770e-03 1.367032e-02 -9.998820e-01 1.612467e-01 9.975110e-01 -7.025348e-02 6.026661e-03 5.250875e+01
-6.923044e-02 -9.974820e-01 -1.538971e-02 -8.016624e+01 2.832595e-03 1.523011e-02 -9.998800e-01 1.545423e-01 9.975967e-01 -6.926573e-02 1.771075e-03 5.334166e+01
-6.880436e-02 -9.974545e-01 -1.872417e-02 -8.024162e+01 -2.307670e-03 1.892772e-02 -9.998182e-01 1.404555e-01 9.976275e-01 -6.874865e-02 -3.604106e-03 5.420376e+01
-6.872037e-02 -9.973467e-01 -2.402285e-02 -8.031625e+01 -7.229281e-03 2.457698e-02 -9.996718e-01 1.144190e-01 9.976098e-01 -6.852415e-02 -8.899038e-03 5.507822e+01
-6.761042e-02 -9.973914e-01 -2.528275e-02 -8.038760e+01 -8.744700e-03 2.593216e-02 -9.996254e-01 9.934570e-02 9.976735e-01 -6.736401e-02 -1.047517e-02 5.595081e+01
-6.785949e-02 -9.974117e-01 -2.377026e-02 -8.044721e+01 -4.098217e-03 2.410365e-02 -9.997011e-01 8.548824e-02 9.976864e-01 -6.774180e-02 -5.723271e-03 5.683569e+01
-6.880651e-02 -9.973496e-01 -2.365354e-02 -8.051315e+01 4.777431e-03 2.338005e-02 -9.997152e-01 5.868140e-02 9.976186e-01 -6.889991e-02 3.156068e-03 5.771338e+01
-6.903863e-02 -9.974620e-01 -1.741307e-02 -8.056728e+01 1.189705e-02 1.663028e-02 -9.997909e-01 7.867318e-02 9.975430e-01 -6.923136e-02 1.071872e-02 5.853079e+01
-7.201739e-02 -9.972878e-01 -1.518696e-02 -8.062219e+01 1.019993e-02 1.448930e-02 -9.998430e-01 8.351853e-02 9.973512e-01 -7.216100e-02 9.128782e-03 5.936535e+01
-7.315324e-02 -9.972236e-01 -1.391936e-02 -8.068181e+01 8.959987e-03 1.329904e-02 -9.998714e-01 5.984383e-02 9.972805e-01 -7.326854e-02 7.962243e-03 6.020957e+01
-7.562847e-02 -9.970333e-01 -1.431752e-02 -8.074852e+01 7.651328e-03 1.377796e-02 -9.998758e-01 5.213918e-02 9.971067e-01 -7.572862e-02 6.586623e-03 6.104779e+01
-7.816502e-02 -9.968767e-01 -1.127538e-02 -8.080975e+01 4.714325e-03 1.094025e-02 -9.999290e-01 4.660738e-02 9.969293e-01 -7.821263e-02 3.844455e-03 6.185805e+01
-8.086725e-02 -9.966493e-01 -1.227429e-02 -8.087926e+01 2.161905e-03 1.213920e-02 -9.999240e-01 3.649401e-02 9.967225e-01 -8.088763e-02 1.172997e-03 6.267105e+01
-8.435021e-02 -9.963762e-01 -1.093138e-02 -8.095316e+01 -1.216154e-03 1.107341e-02 -9.999380e-01 3.338142e-02 9.964354e-01 -8.433168e-02 -2.145792e-03 6.347704e+01
-8.746695e-02 -9.960345e-01 -1.627179e-02 -8.103174e+01 -4.423411e-03 1.672257e-02 -9.998504e-01 4.376960e-03 9.961576e-01 -8.738188e-02 -5.868542e-03 6.428084e+01
-9.088854e-02 -9.956620e-01 -1.991300e-02 -8.111816e+01 -4.658664e-03 2.042064e-02 -9.997806e-01 -9.790503e-03 9.958501e-01 -9.077583e-02 -6.494456e-03 6.509500e+01
-9.539460e-02 -9.950864e-01 -2.651194e-02 -8.121315e+01 -3.672097e-03 2.698500e-02 -9.996291e-01 -3.519536e-02 9.954327e-01 -9.526186e-02 -6.228277e-03 6.592258e+01
-9.890599e-02 -9.946565e-01 -2.959728e-02 -8.130132e+01 1.719708e-04 2.972603e-02 -9.995581e-01 -3.880939e-02 9.950967e-01 -9.886737e-02 -2.769030e-03 6.673192e+01
-1.035825e-01 -9.941921e-01 -2.920110e-02 -8.138284e+01 5.712602e-03 2.876387e-02 -9.995699e-01 -4.603823e-02 9.946045e-01 -1.037047e-01 2.699991e-03 6.752839e+01
-1.081517e-01 -9.937163e-01 -2.882959e-02 -8.147108e+01 9.201267e-03 2.799787e-02 -9.995657e-01 -5.366086e-02 9.940918e-01 -1.083700e-01 6.115432e-03 6.831968e+01
-1.136748e-01 -9.930900e-01 -2.916024e-02 -8.156470e+01 1.123368e-02 2.806385e-02 -9.995430e-01 -5.879753e-02 9.934545e-01 -1.139504e-01 7.965907e-03 6.911791e+01
-1.195693e-01 -9.924823e-01 -2.611650e-02 -8.166262e+01 1.400279e-02 2.461678e-02 -9.995989e-01 -6.397543e-02 9.927271e-01 -1.198871e-01 1.095411e-02 6.990915e+01
-1.250087e-01 -9.917777e-01 -2.738298e-02 -8.177085e+01 1.451910e-02 2.576786e-02 -9.995625e-01 -6.801245e-02 9.920494e-01 -1.253516e-01 1.117851e-02 7.068268e+01
-1.306605e-01 -9.909405e-01 -3.106076e-02 -8.187674e+01 1.366675e-02 2.952611e-02 -9.994706e-01 -7.009372e-02 9.913329e-01 -1.310158e-01 9.685046e-03 7.146010e+01
-1.358280e-01 -9.901019e-01 -3.534085e-02 -8.199931e+01 1.127226e-02 3.412469e-02 -9.993540e-01 -8.515507e-02 9.906683e-01 -1.361386e-01 6.525595e-03 7.220798e+01
-1.421133e-01 -9.891319e-01 -3.770857e-02 -8.211031e+01 9.494383e-03 3.673134e-02 -9.992801e-01 -9.394388e-02 9.898049e-01 -1.423690e-01 4.171186e-03 7.295961e+01
-1.484846e-01 -9.882750e-01 -3.556466e-02 -8.223989e+01 8.193289e-03 3.473268e-02 -9.993631e-01 -8.729488e-02 9.888808e-01 -1.486814e-01 2.939955e-03 7.374908e+01
-1.528073e-01 -9.875005e-01 -3.863399e-02 -8.236265e+01 1.217884e-02 3.720844e-02 -9.992333e-01 -9.412357e-02 9.881809e-01 -1.531607e-01 6.340888e-03 7.453130e+01
-1.586910e-01 -9.864770e-01 -4.099049e-02 -8.249170e+01 1.601866e-02 3.893868e-02 -9.991132e-01 -1.028282e-01 9.871984e-01 -1.592069e-01 9.622826e-03 7.530374e+01
-1.648354e-01 -9.856117e-01 -3.740036e-02 -8.262159e+01 1.777264e-02 3.494485e-02 -9.992312e-01 -9.664818e-02 9.861609e-01 -1.653733e-01 1.175678e-02 7.605908e+01
-1.715473e-01 -9.846530e-01 -3.209276e-02 -8.275333e+01 1.517159e-02 2.993140e-02 -9.994368e-01 -9.437553e-02 9.850591e-01 -1.719376e-01 9.804101e-03 7.679034e+01
-1.803222e-01 -9.830803e-01 -3.220407e-02 -8.289624e+01 8.719356e-03 3.114185e-02 -9.994770e-01 -1.046749e-01 9.835690e-01 -1.805087e-01 2.956260e-03 7.754379e+01
-1.891365e-01 -9.813956e-01 -3.301659e-02 -8.305080e+01 5.146440e-03 3.263230e-02 -9.994542e-01 -9.667934e-02 9.819373e-01 -1.892032e-01 -1.121264e-03 7.829218e+01
-2.011655e-01 -9.790309e-01 -3.210799e-02 -8.321113e+01 8.691357e-03 3.099284e-02 -9.994818e-01 -9.845268e-02 9.795187e-01 -2.013403e-01 2.274417e-03 7.902954e+01
-2.116299e-01 -9.768903e-01 -2.996800e-02 -8.337922e+01 1.413791e-02 2.759939e-02 -9.995191e-01 -9.912600e-02 9.772476e-01 -2.119518e-01 7.970330e-03 7.977403e+01
-2.237093e-01 -9.740945e-01 -3.307630e-02 -8.356674e+01 2.106508e-02 2.909625e-02 -9.993546e-01 -8.316831e-02 9.744282e-01 -2.242617e-01 1.401028e-02 8.052921e+01
-2.335453e-01 -9.717227e-01 -3.480713e-02 -8.375444e+01 2.477197e-02 2.983934e-02 -9.992477e-01 -9.042323e-02 9.720303e-01 -2.342319e-01 1.710265e-02 8.128013e+01
-2.457869e-01 -9.687162e-01 -3.431838e-02 -8.393750e+01 2.270724e-02 2.964058e-02 -9.993027e-01 -9.293374e-02 9.690579e-01 -2.463948e-01 1.471161e-02 8.196011e+01
-2.562757e-01 -9.659265e-01 -3.617880e-02 -8.414540e+01 1.349576e-02 3.384951e-02 -9.993358e-01 -9.388227e-02 9.665095e-01 -2.565937e-01 4.361109e-03 8.268372e+01
-2.679726e-01 -9.627869e-01 -3.510137e-02 -8.433913e+01 8.524155e-03 3.406307e-02 -9.993833e-01 -8.896775e-02 9.633889e-01 -2.681065e-01 -9.210231e-04 8.338021e+01
