0.000000e+00 -1.000000e+00 0.000000e+00 0.000000e+00 0.000000e+00 0.000000e+00 -1.000000e+00 0.000000e+00 1.000000e+00 0.000000e+00 0.000000e+00 0.000000e+00
-2.278133e-04 -9.999958e-01 -2.888588e-03 -1.226048e-02 1.623342e-03 2.888215e-03 -9.999945e-01 -2.501305e-03 9.999986e-01 -2.325012e-04 1.622677e-03 5.202323e-01
-4.530833e-04 -9.999855e-01 -5.379532e-03 -2.707919e-02 2.274120e-03 5.378488e-03 -9.999830e-01 -1.150910e-02 9.999973e-01 -4.653092e-04 2.271650e-03 1.251722e+00
4.045015e-04 -9.999818e-01 -6.012866e-03 -3.896101e-02 1.756563e-03 6.013568e-03 -9.999804e-01 -3.508579e-02 9.999984e-01 3.939316e-04 1.758964e-03 2.234057e+00
7.399775e-04 -9.999719e-01 -7.458238e-03 -4.760354e-02 1.598842e-03 7.459414e-03 -9.999709e-01 -4.538586e-02 9.999985e-01 7.280314e-04 1.604317e-03 2.965570e+00
1.509179e-03 -9.999704e-01 -7.542993e-03 -4.721124e-02 1.570651e-03 7.545363e-03 -9.999703e-01 -6.216828e-02 9.999976e-01 1.497286e-03 1.581992e-03 3.714397e+00
2.572938e-03 -9.999638e-01 -8.113717e-03 -5.467306e-02 2.821160e-03 8.120970e-03 -9.999630e-01 -8.067317e-02 9.999927e-01 2.549953e-03 2.841952e-03 4.419926e+00
3.165992e-03 -9.999520e-01 -9.271538e-03 -4.892256e-02 5.320932e-03 9.288298e-03 -9.999427e-01 -9.120917e-02 9.999808e-01 3.116477e-03 5.350083e-03 5.108127e+00
4.565088e-03 -9.999437e-01 -9.575288e-03 -3.962949e-02 9.131284e-03 9.616672e-03 -9.999121e-01 -9.909605e-02 9.999479e-01 4.477252e-03 9.174672e-03 5.793290e+00
5.158308e-03 -9.999464e-01 -8.981552e-03 -3.014643e-02 1.224618e-02 9.044166e-03 -9.998841e-01 -1.083844e-01 9.999117e-01 5.047721e-03 1.229217e-02 6.437906e+00
5.789964e-03 -9.999497e-01 -8.191379e-03 -2.419032e-02 1.394764e-02 8.271474e-03 -9.998685e-01 -1.141825e-01 9.998860e-01 5.674952e-03 1.399483e-02 7.041268e+00
6.109001e-03 -9.999502e-01 -7.885396e-03 -3.282166e-02 1.377949e-02 7.968972e-03 -9.998733e-01 -1.218495e-01 9.998864e-01 5.999570e-03 1.382749e-02 7.610826e+00
6.814613e-03 -9.999351e-01 -9.130692e-03 -4.206673e-02 1.198684e-02 9.211932e-03 -9.998857e-01 -1.313449e-01 9.999049e-01 6.704386e-03 1.204884e-02 8.153587e+00
7.988960e-03 -9.999289e-01 -8.855803e-03 -3.794800e-02 9.108456e-03 8.928485e-03 -9.999186e-01 -1.305838e-01 9.999266e-01 7.907648e-03 9.179138e-03 8.686387e+00
9.942892e-03 -9.999226e-01 -7.477324e-03 -3.132532e-02 8.431479e-03 7.561263e-03 -9.999359e-01 -1.340566e-01 9.999150e-01 9.879209e-03 8.506007e-03 9.190321e+00
1.189037e-02 -9.999217e-01 -3.892251e-03 -2.205789e-02 6.688403e-03 3.971972e-03 -9.999697e-01 -1.457061e-01 9.999070e-01 1.186398e-02 6.735107e-03 9.673090e+00
1.327490e-02 -9.999090e-01 -2.408552e-03 -1.327948e-02 5.530681e-03 2.482153e-03 -9.999816e-01 -1.583693e-01 9.998966e-01 1.326134e-02 5.563128e-03 1.012844e+01
1.532681e-02 -9.998600e-01 -6.713145e-03 -2.815298e-02 3.389542e-03 6.765851e-03 -9.999714e-01 -1.622953e-01 9.998768e-01 1.530362e-02 3.492767e-03 1.052238e+01
1.849407e-02 -9.997752e-01 -1.037256e-02 -2.878560e-02 2.988212e-03 1.042956e-02 -9.999412e-01 -1.683809e-01 9.998245e-01 1.846199e-02 3.180425e-03 1.091153e+01
2.221021e-02 -9.996893e-01 -1.130923e-02 -1.595605e-02 3.482560e-03 1.138932e-02 -9.999291e-01 -1.792576e-01 9.997473e-01 2.216925e-02 3.734438e-03 1.125069e+01
2.554884e-02 -9.996412e-01 -8.036797e-03 2.009308e-03 4.091564e-03 8.143920e-03 -9.999585e-01 -1.865643e-01 9.996652e-01 2.551490e-02 4.298164e-03 1.157598e+01
2.827047e-02 -9.995964e-01 -2.784442e-03 2.350942e-02 4.370391e-03 2.909131e-03 -9.999862e-01 -1.895124e-01 9.995908e-01 2.825791e-02 4.450869e-03 1.185803e+01
3.089237e-02 -9.995226e-01 -3.524672e-04 4.388620e-02 5.364323e-03 5.184262e-04 -9.999855e-01 -1.924201e-01 9.995083e-01 3.089003e-02 5.377777e-03 1.211858e+01
3.280429e-02 -9.994615e-01 7.073462e-04 7.269911e-02 6.261118e-03 -5.022112e-04 -9.999803e-01 -1.959532e-01 9.994422e-01 3.280807e-02 6.241272e-03 1.235548e+01
3.530738e-02 -9.993765e-01 2.728155e-04 7.067987e-02 5.352666e-03 -8.387524e-05 -9.999857e-01 -2.042020e-01 9.993622e-01 3.530833e-02 5.346367e-03 1.255595e+01
3.710932e-02 -9.993111e-01 -5.366966e-04 8.064517e-02 4.423465e-03 7.013262e-04 -9.999900e-01 -2.093217e-01 9.993014e-01 3.710657e-02 4.446443e-03 1.272582e+01
3.914234e-02 -9.992318e-01 -1.910578e-03 7.402883e-02 3.612233e-03 2.053530e-03 -9.999914e-01 -2.119203e-01 9.992271e-01 3.913510e-02 3.689838e-03 1.286188e+01
4.086038e-02 -9.991550e-01 -4.442218e-03 7.504853e-02 3.358892e-03 4.583265e-03 -9.999838e-01 -2.192931e-01 9.991592e-01 4.084480e-02 3.543328e-03 1.301071e+01
4.224704e-02 -9.990932e-01 -5.277364e-03 6.743992e-02 2.528913e-03 5.388996e-03 -9.999823e-01 -2.199261e-01 9.991040e-01 4.223294e-02 2.754289e-03 1.315574e+01
4.486898e-02 -9.989803e-01 -5.002243e-03 7.527288e-02 1.236476e-03 5.062817e-03 -9.999864e-01 -2.266709e-01 9.989921e-01 4.486218e-02 1.462378e-03 1.333893e+01
4.634651e-02 -9.989169e-01 -4.134357e-03 9.144568e-02 1.159568e-04 4.144184e-03 -9.999914e-01 -2.297301e-01 9.989254e-01 4.634563e-02 3.078997e-04 1.346690e+01
4.785862e-02 -9.988461e-01 -4.008718e-03 9.115684e-02 -1.332995e-03 3.949445e-03 -9.999913e-01 -2.291870e-01 9.988532e-01 4.786355e-02 -1.142442e-03 1.360742e+01
4.916773e-02 -9.987804e-01 -4.510613e-03 1.023091e-01 -2.153951e-03 4.410032e-03 -9.999880e-01 -2.287690e-01 9.987882e-01 4.917685e-02 -1.934493e-03 1.372406e+01
5.083201e-02 -9.986939e-01 -5.158670e-03 1.007375e-01 -4.295613e-03 4.946665e-03 -9.999785e-01 -2.303500e-01 9.986980e-01 5.085307e-02 -4.038553e-03 1.385265e+01
5.148920e-02 -9.986580e-01 -5.569588e-03 1.156641e-01 -5.921642e-03 5.271587e-03 -9.999686e-01 -2.298178e-01 9.986560e-01 5.152057e-02 -5.642266e-03 1.395730e+01
5.246745e-02 -9.986130e-01 -4.392901e-03 1.132268e-01 -8.221121e-03 3.966880e-03 -9.999583e-01 -2.342801e-01 9.985888e-01 5.250138e-02 -8.001585e-03 1.411254e+01
5.160258e-02 -9.986609e-01 -3.680088e-03 1.277172e-01 -1.052418e-02 3.140997e-03 -9.999397e-01 -2.356377e-01 9.986122e-01 5.163820e-02 -1.034801e-02 1.427108e+01
4.962396e-02 -9.987617e-01 -3.535289e-03 1.371781e-01 -1.135362e-02 2.975318e-03 -9.999311e-01 -2.357171e-01 9.987034e-01 4.966068e-02 -1.119191e-02 1.438549e+01
4.648139e-02 -9.989144e-01 -3.103461e-03 1.330257e-01 -1.309947e-02 2.497014e-03 -9.999111e-01 -2.403715e-01 9.988332e-01 4.651791e-02 -1.296918e-02 1.451654e+01
4.260582e-02 -9.990848e-01 -3.773356e-03 1.375722e-01 -1.390268e-02 3.183550e-03 -9.998983e-01 -2.389509e-01 9.989952e-01 4.265395e-02 -1.375432e-02 1.463880e+01
3.774241e-02 -9.992800e-01 -3.865586e-03 1.316771e-01 -1.493507e-02 3.303827e-03 -9.998830e-01 -2.392130e-01 9.991759e-01 3.779573e-02 -1.479962e-02 1.475621e+01
3.120789e-02 -9.995060e-01 -3.712171e-03 1.312405e-01 -1.519819e-02 3.239019e-03 -9.998792e-01 -2.405073e-01 9.993973e-01 3.126054e-02 -1.508960e-02 1.485720e+01
2.423769e-02 -9.997005e-01 -3.368778e-03 1.222324e-01 -1.641714e-02 2.971286e-03 -9.998608e-01 -2.468307e-01 9.995714e-01 2.428963e-02 -1.634021e-02 1.498880e+01
1.640386e-02 -9.998599e-01 -3.329018e-03 1.180365e-01 -1.727209e-02 3.045603e-03 -9.998462e-01 -2.467350e-01 9.997163e-01 1.645884e-02 -1.721971e-02 1.509170e+01
6.195992e-03 -9.999764e-01 -2.970271e-03 1.272860e-01 -1.891003e-02 2.852629e-03 -9.998171e-01 -2.566384e-01 9.998020e-01 6.251026e-03 -1.889190e-02 1.524206e+01
-6.147990e-03 -9.999795e-01 -1.785336e-03 1.272860e-01 -2.095983e-02 1.913841e-03 -9.997785e-01 -2.594318e-01 9.997614e-01 -6.109207e-03 -2.097116e-02 1.540655e+01
-2.154268e-02 -9.997676e-01 -8.028781e-04 1.260822e-01 -2.253864e-02 1.288516e-03 -9.997451e-01 -2.656989e-01 9.995139e-01 -2.151910e-02 -2.256116e-02 1.554833e+01
-4.104485e-02 -9.991572e-01 -3.962439e-04 9.927557e-02 -2.401458e-02 1.382970e-03 -9.997107e-01 -2.699516e-01 9.988686e-01 -4.102346e-02 -2.405111e-02 1.576246e+01
-6.238920e-02 -9.980512e-01 -1.192414e-03 7.293703e-02 -2.359435e-02 2.669312e-03 -9.997181e-01 -2.755553e-01 9.977730e-01 -6.234348e-02 -2.371490e-02 1.594486e+01
-8.578750e-02 -9.963130e-01 -9.595655e-04 2.550538e-02 -2.295635e-02 2.939515e-03 -9.997321e-01 -2.855080e-01 9.960489e-01 -8.574249e-02 -2.312389e-02 1.617144e+01
-1.118243e-01 -9.937266e-01 -1.709411e-03 -1.877353e-02 -2.171805e-02 4.163719e-03 -9.997554e-01 -2.945450e-01 9.934906e-01 -1.117598e-01 -2.204741e-02 1.641326e+01
-1.419943e-01 -9.898647e-01 -2.337750e-03 -8.876774e-02 -2.088578e-02 5.357165e-03 -9.997675e-01 -3.002535e-01 9.896471e-01 -1.419125e-01 -2.143479e-02 1.667985e+01
-1.757293e-01 -9.844352e-01 -2.549141e-03 -1.437493e-01 -1.823030e-02 5.843219e-03 -9.998167e-01 -3.066505e-01 9.842697e-01 -1.756506e-01 -1.897337e-02 1.694339e+01
-2.121102e-01 -9.772403e-01 -3.272724e-03 -2.122735e-01 -1.478234e-02 6.557019e-03 -9.998692e-01 -3.129706e-01 9.771339e-01 -2.120341e-01 -1.583671e-02 1.722136e+01
-2.510352e-01 -9.679665e-01 -4.709874e-03 -2.916930e-01 -1.027789e-02 7.530843e-03 -9.999188e-01 -3.258897e-01 9.679234e-01 -2.509664e-01 -1.183916e-02 1.750010e+01
-2.929086e-01 -9.560986e-01 -8.945024e-03 -3.957658e-01 -6.075494e-03 1.121627e-02 -9.999186e-01 -3.209580e-01 9.561211e-01 -2.928304e-01 -9.094113e-03 1.777705e+01
-3.350787e-01 -9.421093e-01 -1.234279e-02 -5.388953e-01 -1.575655e-03 1.366040e-02 -9.999055e-01 -3.284973e-01 9.421888e-01 -3.350276e-01 -6.061750e-03 1.808937e+01
-3.770277e-01 -9.260931e-01 -1.420241e-02 -6.794879e-01 3.076876e-03 1.408160e-02 -9.998961e-01 -3.310254e-01 9.261969e-01 -3.770322e-01 -2.459678e-03 1.838443e+01
-4.215418e-01 -9.066449e-01 -1.724470e-02 -8.607441e-01 1.056739e-02 1.410411e-02 -9.998447e-01 -3.316978e-01 9.067474e-01 -4.216586e-01 3.635401e-03 1.867041e+01
-4.646620e-01 -8.852450e-01 -2.075071e-02 -1.035886e+00 1.631150e-02 1.487308e-02 -9.997563e-01 -3.348008e-01 8.853379e-01 -4.648872e-01 7.528720e-03 1.900367e+01
-5.077416e-01 -8.611600e-01 -2.453096e-02 -1.240610e+00 1.982239e-02 1.678902e-02 -9.996625e-01 -3.353004e-01 8.612813e-01 -5.080566e-01 8.545769e-03 1.927982e+01
-5.514667e-01 -8.337441e-01 -2.748212e-02 -1.465541e+00 2.234528e-02 1.816870e-02 -9.995852e-01 -3.358369e-01 8.338976e-01 -5.518520e-01 8.610809e-03 1.958784e+01
-5.949692e-01 -8.031768e-01 -3.030997e-02 -1.723354e+00 2.410974e-02 1.985942e-02 -9.995120e-01 -3.201636e-01 8.033868e-01 -5.954096e-01 7.548636e-03 1.983961e+01
-6.366780e-01 -7.704363e-01 -3.269649e-02 -2.006951e+00 2.619534e-02 2.076774e-02 -9.994411e-01 -3.169608e-01 7.706847e-01 -6.371787e-01 6.959480e-03 2.014672e+01
-6.786844e-01 -7.335112e-01 -3.672569e-02 -2.326712e+00 2.988216e-02 2.238484e-02 -9.993027e-01 -2.937718e-01 7.338219e-01 -6.793086e-01 6.726653e-03 2.038704e+01
-7.173627e-01 -6.956907e-01 -3.748566e-02 -2.630826e+00 3.239837e-02 2.043547e-02 -9.992661e-01 -2.839552e-01 6.959462e-01 -7.180507e-01 7.879603e-03 2.065957e+01
-7.550568e-01 -6.545450e-01 -3.821070e-02 -3.016338e+00 3.407547e-02 1.902493e-02 -9.992382e-01 -2.750072e-01 6.547733e-01 -7.557836e-01 7.939029e-03 2.092067e+01
-7.894092e-01 -6.127657e-01 -3.676077e-02 -3.386948e+00 3.556250e-02 1.413342e-02 -9.992675e-01 -2.639475e-01 6.128364e-01 -7.901383e-01 1.063443e-02 2.120274e+01
-8.223236e-01 -5.678091e-01 -3.710316e-02 -3.783146e+00 3.845118e-02 9.606573e-03 -9.992143e-01 -2.649174e-01 5.677195e-01 -8.231042e-01 1.393322e-02 2.143852e+01
-8.525612e-01 -5.212522e-01 -3.788841e-02 -4.211990e+00 3.935874e-02 8.253254e-03 -9.991910e-01 -2.414454e-01 5.211432e-01 -8.533628e-01 1.347943e-02 2.169906e+01
-8.812425e-01 -4.712226e-01 -3.689206e-02 -4.658308e+00 3.827135e-02 6.659009e-03 -9.992452e-01 -2.157970e-01 4.711125e-01 -8.819892e-01 1.216612e-02 2.188490e+01
-9.071453e-01 -4.192777e-01 -3.596746e-02 -5.140101e+00 3.847488e-02 2.476687e-03 -9.992565e-01 -2.030689e-01 4.190550e-01 -9.078547e-01 1.388494e-02 2.209751e+01
-9.300214e-01 -3.658533e-01 -3.480744e-02 -5.629536e+00 3.832326e-02 -2.349792e-03 -9.992626e-01 -1.892112e-01 3.655017e-01 -9.306695e-01 1.620605e-02 2.225009e+01
-9.493940e-01 -3.122074e-01 -3.431480e-02 -6.129868e+00 3.739282e-02 -3.875546e-03 -9.992931e-01 -1.820088e-01 3.118537e-01 -9.500061e-01 1.535374e-02 2.240132e+01
-9.649807e-01 -2.594302e-01 -3.883592e-02 -6.715207e+00 4.141046e-02 -4.463893e-03 -9.991323e-01 -1.385542e-01 2.590318e-01 -9.657515e-01 1.505070e-02 2.251374e+01
-9.771364e-01 -2.082555e-01 -4.282715e-02 -7.299181e+00 4.532040e-02 -7.213148e-03 -9.989465e-01 -1.139081e-01 2.077272e-01 -9.780478e-01 1.648645e-02 2.263960e+01
-9.860200e-01 -1.606652e-01 -4.417276e-02 -7.896793e+00 4.679453e-02 -1.256941e-02 -9.988254e-01 -1.057027e-01 1.599212e-01 -9.869289e-01 1.991194e-02 2.273020e+01
-9.922857e-01 -1.153973e-01 -4.530630e-02 -8.546510e+00 4.731679e-02 -1.474166e-02 -9.987711e-01 -8.666116e-02 1.145877e-01 -9.932100e-01 2.008817e-02 2.281963e+01
-9.962275e-01 -7.534726e-02 -4.305243e-02 -9.188265e+00 4.430941e-02 -1.509032e-02 -9.989039e-01 -5.769657e-02 7.461500e-02 -9.970432e-01 1.837199e-02 2.284704e+01
-9.984647e-01 -3.828811e-02 -4.002760e-02 -9.850821e+00 4.052113e-02 -1.220145e-02 -9.991042e-01 -3.132458e-02 3.776542e-02 -9.991922e-01 1.373419e-02 2.285046e+01
-9.991637e-01 -9.686704e-03 -3.972404e-02 -1.051593e+01 3.981885e-02 -9.798697e-03 -9.991589e-01 5.248929e-03 9.289312e-03 -9.999050e-01 1.017622e-02 2.285335e+01
-9.989690e-01 1.315029e-02 -4.345088e-02 -1.121205e+01 4.333502e-02 -8.970829e-03 -9.990203e-01 3.622184e-02 -1.352720e-02 -9.998733e-01 8.391712e-03 2.279601e+01
-9.984385e-01 2.702037e-02 -4.889157e-02 -1.194672e+01 4.863112e-02 -1.021366e-02 -9.987646e-01 6.898136e-02 -2.748635e-02 -9.995827e-01 8.883679e-03 2.278428e+01
-9.980850e-01 3.480341e-02 -5.113689e-02 -1.269524e+01 5.077501e-02 -1.120399e-02 -9.986473e-01 9.046375e-02 -3.532927e-02 -9.993314e-01 9.415390e-03 2.272823e+01
-9.980264e-01 3.938045e-02 -4.891233e-02 -1.346546e+01 4.848488e-02 -1.173775e-02 -9.987549e-01 1.212199e-01 -3.990554e-02 -9.991553e-01 9.805225e-03 2.270754e+01
-9.983227e-01 3.763228e-02 -4.399557e-02 -1.424566e+01 4.335525e-02 -1.766549e-02 -9.989035e-01 1.768858e-01 -3.836822e-02 -9.991355e-01 1.600430e-02 2.268122e+01
-9.984928e-01 3.287862e-02 -4.394453e-02 -1.505084e+01 4.303566e-02 -2.785831e-02 -9.986851e-01 1.891872e-01 -3.405961e-02 -9.990710e-01 2.640137e-02 2.264394e+01
-9.986978e-01 2.682865e-02 -4.339327e-02 -1.589043e+01 4.259598e-02 -2.960758e-02 -9.986536e-01 2.299958e-01 -2.807730e-02 -9.992015e-01 2.842623e-02 2.261655e+01
-9.989094e-01 2.138872e-02 -4.150487e-02 -1.674230e+01 4.090977e-02 -2.754771e-02 -9.987830e-01 2.811988e-01 -2.250606e-02 -9.993916e-01 2.664266e-02 2.256392e+01
-9.991480e-01 1.866102e-02 -3.681191e-02 -1.761616e+01 3.621227e-02 -3.151266e-02 -9.988471e-01 2.931384e-01 -1.979955e-02 -9.993291e-01 3.081005e-02 2.254916e+01
-9.994943e-01 1.698354e-02 -2.688592e-02 -1.849529e+01 2.636127e-02 -3.039461e-02 -9.991903e-01 2.938879e-01 -1.778697e-02 -9.993937e-01 2.993153e-02 2.254595e+01
-9.997029e-01 1.596590e-02 -1.841841e-02 -1.941253e+01 1.803667e-02 -2.373260e-02 -9.995556e-01 3.289335e-01 -1.639592e-02 -9.995908e-01 2.343758e-02 2.252861e+01
-9.997088e-01 1.731421e-02 -1.681186e-02 -2.031946e+01 1.650316e-02 -1.782071e-02 -9.997050e-01 3.652365e-01 -1.760870e-02 -9.996912e-01 1.752978e-02 2.251685e+01
-9.995456e-01 2.103982e-02 -2.158594e-02 -2.126881e+01 2.139763e-02 -9.134739e-03 -9.997293e-01 3.863002e-01 -2.123130e-02 -9.997369e-01 8.680386e-03 2.249908e+01
-9.993043e-01 2.451133e-02 -2.810874e-02 -2.219582e+01 2.801146e-02 -4.303265e-03 -9.995983e-01 3.881494e-01 -2.462244e-02 -9.996903e-01 3.613674e-03 2.249202e+01
-9.988837e-01 2.895974e-02 -3.731893e-02 -2.318978e+01 3.725928e-02 -2.596773e-03 -9.993023e-01 4.059839e-01 -2.903644e-02 -9.995772e-01 1.514855e-03 2.246766e+01
-9.984204e-01 3.148507e-02 -4.653327e-02 -2.419740e+01 4.653972e-02 -5.283580e-04 -9.989163e-01 4.473377e-01 -3.147554e-02 -9.995041e-01 -9.377829e-04 2.242057e+01
-9.979424e-01 3.241576e-02 -5.531799e-02 -2.522881e+01 5.527844e-02 -2.115553e-03 -9.984688e-01 5.049835e-01 -3.248315e-02 -9.994723e-01 3.193072e-04 2.236414e+01
-9.977731e-01 3.391537e-02 -5.743312e-02 -2.626506e+01 5.735953e-02 -3.139469e-03 -9.983487e-01 5.417100e-01 -3.403968e-02 -9.994197e-01 1.187108e-03 2.234027e+01
-9.978771e-01 3.449629e-02 -5.523899e-02 -2.725646e+01 5.522102e-02 -1.474198e-03 -9.984730e-01 5.952467e-01 -3.452504e-02 -9.994037e-01 -4.338521e-04 2.227955e+01
-9.979847e-01 3.779149e-02 -5.097350e-02 -2.828120e+01 5.114035e-02 3.460727e-03 -9.986855e-01 6.308824e-01 -3.756541e-02 -9.992797e-01 -5.386422e-03 2.224076e+01
-9.980582e-01 4.124421e-02 -4.667721e-02 -2.931698e+01 4.692073e-02 4.955637e-03 -9.988863e-01 6.589154e-01 -4.096696e-02 -9.991368e-01 -6.881223e-03 2.220909e+01
-9.980556e-01 4.537099e-02 -4.273818e-02 -3.034420e+01 4.295627e-02 3.842417e-03 -9.990696e-01 6.949578e-01 -4.516456e-02 -9.989628e-01 -5.783914e-03 2.217647e+01
-9.978395e-01 5.234858e-02 -3.969978e-02 -3.138487e+01 4.004615e-02 5.583973e-03 -9.991822e-01 7.274545e-01 -5.208409e-02 -9.986132e-01 -7.668267e-03 2.210893e+01
-9.974116e-01 5.808010e-02 -4.238865e-02 -3.242479e+01 4.271824e-02 4.444426e-03 -9.990773e-01 7.574156e-01 -5.783811e-02 -9.983020e-01 -6.914002e-03 2.204691e+01
-9.968342e-01 6.547239e-02 -4.511040e-02 -3.350359e+01 4.547072e-02 4.022896e-03 -9.989576e-01 7.851324e-01 -6.522267e-02 -9.978462e-01 -6.987237e-03 2.193831e+01
-9.962347e-01 7.215606e-02 -4.806144e-02 -3.456879e+01 4.857192e-02 5.335673e-03 -9.988055e-01 8.241994e-01 -7.181343e-02 -9.973791e-01 -8.820341e-03 2.185551e+01
-9.957242e-01 7.808631e-02 -4.935477e-02 -3.562195e+01 5.014345e-02 8.170492e-03 -9.987086e-01 8.656110e-01 -7.758222e-02 -9.969131e-01 -1.205107e-02 2.169687e+01
-9.953557e-01 8.185916e-02 -5.065623e-02 -3.670362e+01 5.180228e-02 1.193627e-02 -9.985860e-01 9.063641e-01 -8.113876e-02 -9.965724e-01 -1.612132e-02 2.160075e+01
-9.952320e-01 8.234370e-02 -5.227589e-02 -3.778152e+01 5.376358e-02 1.595281e-02 -9.984263e-01 9.626828e-01 -8.138017e-02 -9.964763e-01 -2.030384e-02 2.149616e+01
-9.950590e-01 8.445279e-02 -5.220528e-02 -3.886422e+01 5.386519e-02 1.749564e-02 -9.983949e-01 1.006248e+00 -8.340387e-02 -9.962739e-01 -2.195826e-02 2.140825e+01
-9.949324e-01 8.620076e-02 -5.175884e-02 -3.993871e+01 5.358629e-02 1.902120e-02 -9.983820e-01 1.048576e+00 -8.507678e-02 -9.960962e-01 -2.354399e-02 2.130641e+01
-9.949345e-01 8.659556e-02 -5.105423e-02 -4.100859e+01 5.299527e-02 2.026472e-02 -9.983891e-01 1.087982e+00 -8.542146e-02 -9.960374e-01 -2.475122e-02 2.120361e+01
-9.947349e-01 8.856510e-02 -5.156330e-02 -4.208103e+01 5.374593e-02 2.243753e-02 -9.983025e-01 1.139603e+00 -8.725781e-02 -9.958177e-01 -2.707940e-02 2.110367e+01
-9.947826e-01 8.917801e-02 -4.954727e-02 -4.315331e+01 5.213559e-02 2.693132e-02 -9.982768e-01 1.181044e+00 -8.768997e-02 -9.956515e-01 -3.144016e-02 2.099519e+01
-9.950099e-01 8.904913e-02 -4.500567e-02 -4.422661e+01 4.792267e-02 3.089393e-02 -9.983732e-01 1.214520e+00 -8.751386e-02 -9.955480e-01 -3.500724e-02 2.086683e+01
-9.950610e-01 8.914166e-02 -4.367219e-02 -4.533116e+01 4.678790e-02 3.316640e-02 -9.983541e-01 1.258999e+00 -8.754649e-02 -9.954666e-01 -3.717335e-02 2.076305e+01
-9.950459e-01 8.699637e-02 -4.811786e-02 -4.645277e+01 5.120618e-02 3.362214e-02 -9.981220e-01 1.307207e+00 -8.521516e-02 -9.956411e-01 -3.791032e-02 2.064758e+01
-9.949537e-01 8.630738e-02 -5.116814e-02 -4.757163e+01 5.431053e-02 3.446155e-02 -9.979292e-01 1.346360e+00 -8.436533e-02 -9.956723e-01 -3.897505e-02 2.054698e+01
-9.951046e-01 8.453003e-02 -5.120005e-02 -4.866240e+01 5.412434e-02 3.267192e-02 -9.979995e-01 1.384050e+00 -8.268812e-02 -9.958851e-01 -3.708711e-02 2.045168e+01
-9.953634e-01 8.208014e-02 -5.014522e-02 -4.977509e+01 5.294845e-02 3.233842e-02 -9.980735e-01 1.438159e+00 -8.030039e-02 -9.961010e-01 -3.653450e-02 2.036673e+01
-9.956172e-01 7.875668e-02 -5.043511e-02 -5.087262e+01 5.339310e-02 3.591451e-02 -9.979275e-01 1.487132e+00 -7.678210e-02 -9.962467e-01 -3.996217e-02 2.026923e+01
-9.959831e-01 7.327934e-02 -5.145627e-02 -5.198482e+01 5.450619e-02 4.024629e-02 -9.977020e-01 1.550407e+00 -7.104002e-02 -9.964991e-01 -4.407880e-02 2.018441e+01
-9.962786e-01 6.920075e-02 -5.138166e-02 -5.310220e+01 5.444217e-02 4.309079e-02 -9.975867e-01 1.601155e+00 -6.681968e-02 -9.966717e-01 -4.669788e-02 2.008932e+01
-9.967099e-01 6.321640e-02 -5.072623e-02 -5.421571e+01 5.358537e-02 4.438369e-02 -9.975764e-01 1.648422e+00 -6.081177e-02 -9.970124e-01 -4.762513e-02 2.001210e+01
-9.970931e-01 5.716853e-02 -5.036977e-02 -5.536145e+01 5.290037e-02 4.365051e-02 -9.976453e-01 1.682437e+00 -5.483525e-02 -9.974098e-01 -4.654786e-02 1.993618e+01
-9.973862e-01 5.162470e-02 -5.055486e-02 -5.648278e+01 5.278980e-02 4.288682e-02 -9.976843e-01 1.728775e+00 -4.933701e-02 -9.977453e-01 -4.549997e-02 1.987138e+01
-9.976372e-01 4.580283e-02 -5.120710e-02 -5.762910e+01 5.317600e-02 4.285344e-02 -9.976652e-01 1.774782e+00 -4.350149e-02 -9.980309e-01 -4.518780e-02 1.982332e+01
-9.977822e-01 3.939147e-02 -5.365730e-02 -5.878270e+01 5.530125e-02 4.190257e-02 -9.975901e-01 1.810717e+00 -3.704815e-02 -9.983449e-01 -4.398803e-02 1.977061e+01
-9.979355e-01 3.469777e-02 -5.404354e-02 -5.990788e+01 5.553879e-02 4.368202e-02 -9.975005e-01 1.867821e+00 -3.225031e-02 -9.984428e-01 -4.551892e-02 1.971402e+01
-9.981348e-01 2.824135e-02 -5.412316e-02 -6.107727e+01 5.528378e-02 4.207599e-02 -9.975837e-01 1.915920e+00 -2.589583e-02 -9.987152e-01 -4.355880e-02 1.967185e+01
-9.984721e-01 2.396460e-02 -4.979095e-02 -6.221577e+01 5.078197e-02 4.269345e-02 -9.977968e-01 1.965420e+00 -2.178605e-02 -9.988008e-01 -4.384520e-02 1.963907e+01
-9.988134e-01 1.972211e-02 -4.452974e-02 -6.336023e+01 4.533597e-02 4.251706e-02 -9.980666e-01 2.001962e+00 -1.779070e-02 -9.989011e-01 -4.336073e-02 1.960166e+01
-9.988907e-01 1.542195e-02 -4.449175e-02 -6.452195e+01 4.512291e-02 4.333130e-02 -9.980413e-01 2.051063e+00 -1.346386e-02 -9.989417e-01 -4.397911e-02 1.958667e+01
-9.988543e-01 1.217436e-02 -4.627943e-02 -6.568771e+01 4.675626e-02 4.233598e-02 -9.980088e-01 2.090691e+00 -1.019084e-02 -9.990293e-01 -4.285670e-02 1.956738e+01
-9.989014e-01 8.485636e-03 -4.608684e-02 -6.687016e+01 4.639928e-02 4.130086e-02 -9.980688e-01 2.114019e+00 -6.565822e-03 -9.991107e-01 -4.164921e-02 1.956227e+01
-9.989119e-01 7.387831e-03 -4.604819e-02 -6.803663e+01 4.632198e-02 4.258934e-02 -9.980183e-01 2.157826e+00 -5.412028e-03 -9.990653e-01 -4.288522e-02 1.953371e+01
-9.988956e-01 6.257082e-03 -4.656651e-02 -6.923026e+01 4.679342e-02 4.307111e-02 -9.979756e-01 2.197932e+00 -4.238744e-03 -9.990524e-01 -4.331633e-02 1.951714e+01
-9.989090e-01 5.765356e-03 -4.634193e-02 -7.039671e+01 4.654979e-02 4.361583e-02 -9.979633e-01 2.235293e+00 -3.732373e-03 -9.990317e-01 -4.383662e-02 1.950378e+01
-9.989255e-01 3.993916e-03 -4.617202e-02 -7.157772e+01 4.630379e-02 4.429419e-02 -9.979449e-01 2.288468e+00 -1.940556e-03 -9.990106e-01 -4.443153e-02 1.949314e+01
-9.989628e-01 2.818046e-03 -4.544543e-02 -7.274366e+01 4.552586e-02 4.448985e-02 -9.979720e-01 2.331847e+00 -7.904703e-04 -9.990059e-01 -4.457201e-02 1.949096e+01
-9.989703e-01 3.144310e-03 -4.525929e-02 -7.391875e+01 4.535166e-02 4.213140e-02 -9.980822e-01 2.370425e+00 -1.231443e-03 -9.991071e-01 -4.223062e-02 1.949435e+01
-9.989529e-01 2.672270e-03 -4.567333e-02 -7.510296e+01 4.574358e-02 3.984610e-02 -9.981582e-01 2.395432e+00 -8.474443e-04 -9.992023e-01 -3.992661e-02 1.949505e+01
-9.988368e-01 2.879664e-03 -4.813411e-02 -7.631575e+01 4.820960e-02 3.873817e-02 -9.980857e-01 2.431480e+00 -1.009525e-03 -9.992452e-01 -3.883193e-02 1.950321e+01
-9.986949e-01 3.265419e-03 -5.096879e-02 -7.750951e+01 5.105946e-02 4.061637e-02 -9.978694e-01 2.479824e+00 -1.188294e-03 -9.991695e-01 -4.073010e-02 1.949125e+01
-9.986822e-01 2.590262e-03 -5.125609e-02 -7.869729e+01 5.131941e-02 4.138005e-02 -9.978246e-01 2.518969e+00 -4.636472e-04 -9.991401e-01 -4.145845e-02 1.948011e+01
-9.987759e-01 2.735869e-03 -4.938849e-02 -7.987478e+01 4.946015e-02 4.244560e-02 -9.978738e-01 2.564444e+00 -6.337280e-04 -9.990950e-01 -4.252895e-02 1.947281e+01
-9.988768e-01 1.886667e-03 -4.734666e-02 -8.104015e+01 4.738414e-02 4.169537e-02 -9.980061e-01 2.605823e+00 9.123160e-05 -9.991286e-01 -4.173794e-02 1.946396e+01
-9.988987e-01 1.499103e-03 -4.689550e-02 -8.221924e+01 4.691781e-02 4.028031e-02 -9.980863e-01 2.644196e+00 3.927315e-04 -9.991873e-01 -4.030628e-02 1.946368e+01
-9.987971e-01 1.214586e-03 -4.902053e-02 -8.337911e+01 4.903074e-02 3.876582e-02 -9.980447e-01 2.683921e+00 6.881094e-04 -9.992476e-01 -3.877874e-02 1.947181e+01
-9.987044e-01 8.620375e-04 -5.088029e-02 -8.454416e+01 5.087455e-02 3.954872e-02 -9.979217e-01 2.717298e+00 1.152005e-03 -9.992173e-01 -3.954134e-02 1.945856e+01
-9.985985e-01 1.107100e-04 -5.292572e-02 -8.572466e+01 5.288883e-02 3.948033e-02 -9.978197e-01 2.759415e+00 1.979057e-03 -9.992204e-01 -3.943085e-02 1.945587e+01
-9.986103e-01 5.602692e-04 -5.269851e-02 -8.689393e+01 5.267726e-02 4.093328e-02 -9.977723e-01 2.806614e+00 1.598102e-03 -9.991617e-01 -4.090591e-02 1.945152e+01
-9.986818e-01 -3.757756e-04 -5.132706e-02 -8.806184e+01 5.126983e-02 4.047191e-02 -9.978644e-01 2.847412e+00 2.452278e-03 -9.991806e-01 -4.039930e-02 1.945913e+01
-9.987391e-01 3.060936e-04 -5.020101e-02 -8.922002e+01 5.017316e-02 3.994589e-02 -9.979414e-01 2.888517e+00 1.699861e-03 -9.992018e-01 -3.991088e-02 1.945530e+01
-9.986554e-01 8.779634e-04 -5.183186e-02 -9.039438e+01 5.182743e-02 3.829696e-02 -9.979215e-01 2.933489e+00 1.108864e-03 -9.992660e-01 -3.829097e-02 1.944985e+01
-9.985058e-01 7.764408e-04 -5.464124e-02 -9.156906e+01 5.463206e-02 3.737153e-02 -9.978070e-01 2.973832e+00 1.267289e-03 -9.993011e-01 -3.735811e-02 1.945819e+01
-9.983796e-01 3.657740e-04 -5.690376e-02 -9.273540e+01 5.688087e-02 3.549415e-02 -9.977498e-01 3.009524e+00 1.654799e-03 -9.993698e-01 -3.545744e-02 1.945352e+01
-9.983258e-01 -1.070949e-03 -5.783072e-02 -9.390064e+01 5.775793e-02 3.498973e-02 -9.977173e-01 3.066292e+00 3.091985e-03 -9.993871e-01 -3.486929e-02 1.946098e+01
-9.982438e-01 -1.591487e-03 -5.921844e-02 -9.505674e+01 5.911651e-02 3.770549e-02 -9.975387e-01 3.118707e+00 3.820430e-03 -9.992876e-01 -3.754519e-02 1.945491e+01
-9.982317e-01 -1.188291e-03 -5.943083e-02 -9.620530e+01 5.934262e-02 3.807081e-02 -9.975114e-01 3.180346e+00 3.447913e-03 -9.992743e-01 -3.793297e-02 1.943607e+01
-9.984311e-01 -1.624288e-03 -5.596940e-02 -9.735720e+01 5.585925e-02 4.014599e-02 -9.976312e-01 3.225975e+00 3.867387e-03 -9.991925e-01 -3.999228e-02 1.942927e+01
-9.984906e-01 -1.098886e-03 -5.491242e-02 -9.851024e+01 5.481626e-02 4.248352e-02 -9.975923e-01 3.271559e+00 3.429113e-03 -9.990966e-01 -4.235915e-02 1.941128e+01
-9.985424e-01 -1.720160e-03 -5.394635e-02 -9.965590e+01 5.382255e-02 4.302926e-02 -9.976230e-01 3.323367e+00 4.037343e-03 -9.990723e-01 -4.287396e-02 1.941390e+01
-9.985223e-01 -2.394114e-03 -5.429054e-02 -1.008090e+02 5.414343e-02 4.177680e-02 -9.976588e-01 3.365295e+00 4.656594e-03 -9.991241e-01 -4.158544e-02 1.940855e+01
-9.984472e-01 -1.909845e-03 -5.567338e-02 -1.019706e+02 5.554499e-02 4.182914e-02 -9.975796e-01 3.411185e+00 4.233992e-03 -9.991230e-01 -4.165811e-02 1.940867e+01
-9.983580e-01 -2.127237e-03 -5.724286e-02 -1.031435e+02 5.711069e-02 4.034731e-02 -9.975522e-01 3.454829e+00 4.431625e-03 -9.991835e-01 -4.015957e-02 1.940769e+01
-9.984184e-01 -2.192489e-03 -5.617704e-02 -1.042962e+02 5.603444e-02 4.226777e-02 -9.975337e-01 3.512342e+00 4.561560e-03 -9.991039e-01 -4.207807e-02 1.940429e+01
-9.983444e-01 -1.703448e-03 -5.749491e-02 -1.054512e+02 5.735583e-02 4.601694e-02 -9.972927e-01 3.577589e+00 4.344577e-03 -9.989392e-01 -4.584305e-02 1.941484e+01
-9.983866e-01 -1.969713e-03 -5.674764e-02 -1.066223e+02 5.658607e-02 4.839958e-02 -9.972239e-01 3.633519e+00 4.710807e-03 -9.988261e-01 -4.821003e-02 1.939400e+01
-9.985501e-01 -1.552294e-03 -5.380849e-02 -1.077842e+02 5.366470e-02 4.977517e-02 -9.973177e-01 3.686283e+00 4.226457e-03 -9.987593e-01 -4.961970e-02 1.938000e+01
-9.987307e-01 -1.728099e-03 -5.033978e-02 -1.089900e+02 5.018437e-02 5.145279e-02 -9.974138e-01 3.736946e+00 4.313752e-03 -9.986739e-01 -5.130075e-02 1.937194e+01
-9.987630e-01 -1.150626e-03 -4.971000e-02 -1.101795e+02 4.959658e-02 4.827894e-02 -9.976018e-01 3.781089e+00 3.547812e-03 -9.988332e-01 -4.816215e-02 1.937522e+01
-9.987668e-01 -1.695636e-04 -4.964814e-02 -1.113746e+02 4.959188e-02 4.430608e-02 -9.977863e-01 3.823260e+00 2.368902e-03 -9.990180e-01 -4.424303e-02 1.939566e+01
-9.986936e-01 -1.265304e-05 -5.109863e-02 -1.125679e+02 5.104829e-02 4.413093e-02 -9.977207e-01 3.871874e+00 2.267654e-03 -9.990258e-01 -4.407263e-02 1.939569e+01
-9.985372e-01 2.196379e-03 -5.402478e-02 -1.137609e+02 5.406914e-02 4.371554e-02 -9.975798e-01 3.915984e+00 1.706591e-04 -9.990416e-01 -4.377035e-02 1.939441e+01
-9.985254e-01 2.914447e-03 -5.420713e-02 -1.149485e+02 5.428097e-02 4.081660e-02 -9.976912e-01 3.970610e+00 -6.951675e-04 -9.991624e-01 -4.091461e-02 1.939147e+01
-9.986972e-01 2.474942e-03 -5.096923e-02 -1.161556e+02 5.102753e-02 4.015736e-02 -9.978896e-01 4.023997e+00 -4.229283e-04 -9.991903e-01 -4.023133e-02 1.937757e+01
-9.988416e-01 4.092600e-03 -4.794464e-02 -1.173782e+02 4.807286e-02 4.125256e-02 -9.979916e-01 4.075236e+00 -2.106542e-03 -9.991404e-01 -4.140152e-02 1.937100e+01
-9.988571e-01 4.654833e-03 -4.756783e-02 -1.186240e+02 4.771671e-02 4.016161e-02 -9.980532e-01 4.121821e+00 -2.735370e-03 -9.991823e-01 -4.033782e-02 1.937526e+01
-9.987994e-01 5.913289e-03 -4.862784e-02 -1.198581e+02 4.883381e-02 4.198940e-02 -9.979239e-01 4.168136e+00 -3.859159e-03 -9.991006e-01 -4.222776e-02 1.936699e+01
-9.986561e-01 6.047445e-03 -5.147217e-02 -1.211426e+02 5.169560e-02 4.577134e-02 -9.976134e-01 4.221873e+00 -3.677062e-03 -9.989336e-01 -4.602246e-02 1.934876e+01
-9.984882e-01 6.109269e-03 -5.462506e-02 -1.224072e+02 5.486609e-02 5.099590e-02 -9.971906e-01 4.269854e+00 -3.306452e-03 -9.986802e-01 -5.125400e-02 1.933082e+01
-9.984789e-01 6.032543e-03 -5.480298e-02 -1.236817e+02 5.506058e-02 5.782442e-02 -9.968072e-01 4.332975e+00 -2.844332e-03 -9.983085e-01 -5.806862e-02 1.930873e+01
-9.985784e-01 6.448607e-03 -5.291029e-02 -1.249423e+02 5.320540e-02 6.091466e-02 -9.967239e-01 4.389164e+00 -3.204469e-03 -9.981222e-01 -6.117117e-02 1.928912e+01
-9.986053e-01 6.291416e-03 -5.242066e-02 -1.262032e+02 5.271297e-02 6.286089e-02 -9.966292e-01 4.439065e+00 -2.974999e-03 -9.980025e-01 -6.310486e-02 1.926156e+01
-9.986137e-01 7.570793e-03 -5.209010e-02 -1.274691e+02 5.246451e-02 6.301918e-02 -9.966323e-01 4.489582e+00 -4.262622e-03 -9.979836e-01 -6.332901e-02 1.924682e+01
-9.986541e-01 6.780023e-03 -5.142048e-02 -1.287320e+02 5.174447e-02 6.254053e-02 -9.967002e-01 4.528805e+00 -3.541786e-03 -9.980194e-01 -6.280719e-02 1.923609e+01
-9.986210e-01 7.440569e-03 -5.196899e-02 -1.300186e+02 5.233324e-02 6.249941e-02 -9.966720e-01 4.580586e+00 -4.167776e-03 -9.980173e-01 -6.280261e-02 1.922964e+01
-9.983545e-01 8.302859e-03 -5.673922e-02 -1.312810e+02 5.714971e-02 6.278741e-02 -9.963893e-01 4.634979e+00 -4.710371e-03 -9.979924e-01 -6.315861e-02 1.921378e+01
-9.981462e-01 8.855111e-03 -6.021417e-02 -1.325127e+02 6.064369e-02 6.102062e-02 -9.962925e-01 4.680866e+00 -5.147975e-03 -9.980972e-01 -6.144451e-02 1.920362e+01
-9.982200e-01 8.949501e-03 -5.896434e-02 -1.337639e+02 5.940520e-02 6.162669e-02 -9.963298e-01 4.738065e+00 -5.282878e-03 -9.980592e-01 -6.204864e-02 1.918935e+01
-9.983143e-01 8.097963e-03 -5.747173e-02 -1.350284e+02 5.786701e-02 6.260353e-02 -9.963595e-01 4.798473e+00 -4.470550e-03 -9.980056e-01 -6.296661e-02 1.916758e+01
-9.982918e-01 6.117026e-03 -5.810385e-02 -1.362852e+02 5.836781e-02 6.044198e-02 -9.964637e-01 4.855011e+00 -2.583483e-03 -9.981530e-01 -6.069577e-02 1.915258e+01
-9.983379e-01 5.335308e-03 -5.738423e-02 -1.375272e+02 5.760309e-02 6.099396e-02 -9.964746e-01 4.901124e+00 -1.816408e-03 -9.981239e-01 -6.119991e-02 1.914740e+01
-9.982304e-01 4.603601e-03 -5.928632e-02 -1.387718e+02 5.945728e-02 6.142800e-02 -9.963390e-01 4.957172e+00 -9.449070e-04 -9.981009e-01 -6.159301e-02 1.913459e+01
-9.980175e-01 4.345545e-03 -6.278653e-02 -1.399987e+02 6.293466e-02 6.080432e-02 -9.961637e-01 5.020670e+00 -5.111817e-04 -9.981403e-01 -6.095726e-02 1.912996e+01
-9.979493e-01 3.282584e-03 -6.392542e-02 -1.412383e+02 6.400585e-02 6.203388e-02 -9.960196e-01 5.083585e+00 6.960235e-04 -9.980686e-01 -6.211678e-02 1.910883e+01
-9.980869e-01 1.458013e-03 -6.181009e-02 -1.424614e+02 6.177609e-02 6.419275e-02 -9.960236e-01 5.146575e+00 2.515544e-03 -9.979364e-01 -6.416001e-02 1.908960e+01
-9.982528e-01 2.070947e-03 -5.905129e-02 -1.436885e+02 5.906281e-02 6.391472e-02 -9.962060e-01 5.206466e+00 1.711157e-03 -9.979532e-01 -6.392537e-02 1.908420e+01
-9.983001e-01 1.796332e-03 -5.825574e-02 -1.449415e+02 5.825549e-02 6.169686e-02 -9.963934e-01 5.256717e+00 1.804343e-03 -9.980933e-01 -6.169663e-02 1.908966e+01
-9.982959e-01 1.294984e-03 -5.834061e-02 -1.461727e+02 5.831232e-02 6.035862e-02 -9.964721e-01 5.309394e+00 2.230944e-03 -9.981759e-01 -6.033128e-02 1.908626e+01
-9.982948e-01 2.046872e-03 -5.833737e-02 -1.474041e+02 5.835696e-02 5.861440e-02 -9.965736e-01 5.366921e+00 1.379551e-03 -9.982786e-01 -5.863390e-02 1.908547e+01
-9.983867e-01 1.677794e-03 -5.675583e-02 -1.486367e+02 5.676250e-02 5.473875e-02 -9.968860e-01 5.404296e+00 1.434174e-03 -9.984993e-01 -5.474568e-02 1.908899e+01
-9.984045e-01 2.869232e-03 -5.639378e-02 -1.498797e+02 5.646629e-02 5.467075e-02 -9.969066e-01 5.464357e+00 2.227343e-04 -9.985003e-01 -5.474554e-02 1.908949e+01
-9.982384e-01 3.238567e-03 -5.924102e-02 -1.510999e+02 5.932939e-02 5.279525e-02 -9.968414e-01 5.516907e+00 -1.006928e-04 -9.986001e-01 -5.289439e-02 1.908274e+01
-9.981371e-01 2.505604e-03 -6.095906e-02 -1.523377e+02 6.100864e-02 4.886575e-02 -9.969404e-01 5.568334e+00 4.808730e-04 -9.988022e-01 -4.892759e-02 1.906917e+01
-9.982204e-01 4.076447e-03 -5.949220e-02 -1.535573e+02 5.961825e-02 4.703542e-02 -9.971125e-01 5.623588e+00 -1.266436e-03 -9.988849e-01 -4.719475e-02 1.905546e+01
-9.982068e-01 4.411407e-03 -5.969747e-02 -1.547752e+02 5.984119e-02 4.838507e-02 -9.970345e-01 5.680394e+00 -1.509859e-03 -9.988190e-01 -4.856228e-02 1.904254e+01
-9.979197e-01 3.663510e-03 -6.436394e-02 -1.560244e+02 6.446584e-02 4.831708e-02 -9.967495e-01 5.736355e+00 -5.417246e-04 -9.988253e-01 -4.845274e-02 1.904378e+01
-9.975188e-01 4.257761e-03 -7.027215e-02 -1.572417e+02 7.039849e-02 5.188413e-02 -9.961687e-01 5.809270e+00 -5.954393e-04 -9.986441e-01 -5.205513e-02 1.902172e+01
-9.975127e-01 1.756022e-03 -7.046486e-02 -1.584911e+02 7.045176e-02 5.633165e-02 -9.959233e-01 5.873178e+00 2.220538e-03 -9.984106e-01 -5.631525e-02 1.901906e+01
-9.977115e-01 6.836195e-04 -6.761139e-02 -1.597097e+02 6.753411e-02 5.892702e-02 -9.959753e-01 5.942849e+00 3.303270e-03 -9.982620e-01 -5.883834e-02 1.899851e+01
-9.980260e-01 -5.268257e-04 -6.280100e-02 -1.609109e+02 6.265322e-02 6.071503e-02 -9.961869e-01 6.005932e+00 4.337781e-03 -9.981550e-01 -6.056216e-02 1.897700e+01
-9.980766e-01 -1.951237e-03 -6.196165e-02 -1.621034e+02 6.171059e-02 6.391601e-02 -9.960455e-01 6.077010e+00 5.903862e-03 -9.979534e-01 -6.367267e-02 1.899326e+01
-9.982381e-01 -2.577381e-03 -5.927947e-02 -1.633073e+02 5.901849e-02 6.000084e-02 -9.964521e-01 6.129387e+00 6.125054e-03 -9.981950e-01 -5.974302e-02 1.899800e+01
-9.985386e-01 -2.874416e-03 -5.396720e-02 -1.645535e+02 5.370772e-02 5.839408e-02 -9.968478e-01 6.179381e+00 6.016720e-03 -9.982895e-01 -5.815436e-02 1.901715e+01
-9.986679e-01 -2.767541e-03 -5.152450e-02 -1.657756e+02 5.129821e-02 5.437012e-02 -9.972023e-01 6.220464e+00 5.561192e-03 -9.985170e-01 -5.415572e-02 1.902065e+01
-9.985807e-01 -2.183990e-03 -5.321537e-02 -1.670312e+02 5.302555e-02 5.291381e-02 -9.971902e-01 6.272323e+00 4.993681e-03 -9.985967e-01 -5.272290e-02 1.902780e+01
-9.982431e-01 -3.147006e-03 -5.916812e-02 -1.682611e+02 5.892941e-02 5.128829e-02 -9.969438e-01 6.313375e+00 6.172019e-03 -9.986789e-01 -5.101273e-02 1.902469e+01
-9.981047e-01 -3.301259e-03 -6.145003e-02 -1.694839e+02 6.119183e-02 5.262288e-02 -9.967379e-01 6.377785e+00 6.524167e-03 -9.986090e-01 -5.232113e-02 1.901370e+01
-9.982533e-01 -5.021505e-03 -5.886557e-02 -1.706873e+02 5.852715e-02 5.185698e-02 -9.969380e-01 6.430393e+00 8.058719e-03 -9.986419e-01 -5.147250e-02 1.901042e+01
-9.982212e-01 -6.952722e-03 -5.921280e-02 -1.719018e+02 5.875140e-02 5.416082e-02 -9.968023e-01 6.494052e+00 1.013750e-02 -9.985080e-01 -5.365599e-02 1.901904e+01
-9.981636e-01 -6.489816e-03 -6.022754e-02 -1.731197e+02 5.980104e-02 5.297621e-02 -9.968036e-01 6.550567e+00 9.659698e-03 -9.985747e-01 -5.249082e-02 1.902570e+01
-9.981769e-01 -8.124588e-03 -5.980641e-02 -1.743346e+02 5.929395e-02 5.304659e-02 -9.968301e-01 6.592819e+00 1.127136e-02 -9.985590e-01 -5.246814e-02 1.905015e+01
-9.982352e-01 -9.666732e-03 -5.859206e-02 -1.754831e+02 5.798976e-02 5.387539e-02 -9.968624e-01 6.642874e+00 1.279307e-02 -9.985009e-01 -5.321974e-02 1.904614e+01
-9.981365e-01 -1.065223e-02 -6.008331e-02 -1.766327e+02 5.941817e-02 5.447905e-02 -9.967455e-01 6.695081e+00 1.389085e-02 -9.984581e-01 -5.374460e-02 1.904237e+01
-9.979736e-01 -1.384549e-02 -6.210444e-02 -1.777584e+02 6.127737e-02 5.377280e-02 -9.966713e-01 6.736197e+00 1.713893e-02 -9.984572e-01 -5.281542e-02 1.904780e+01
-9.979040e-01 -1.401017e-02 -6.317640e-02 -1.788897e+02 6.232134e-02 5.480028e-02 -9.965506e-01 6.779340e+00 1.742393e-02 -9.983990e-01 -5.381228e-02 1.907538e+01
-9.978567e-01 -1.430253e-02 -6.385402e-02 -1.799538e+02 6.297071e-02 5.545166e-02 -9.964737e-01 6.828584e+00 1.779290e-02 -9.983589e-01 -5.443217e-02 1.908120e+01
-9.977688e-01 -1.471222e-02 -6.512275e-02 -1.809936e+02 6.423996e-02 5.410608e-02 -9.964666e-01 6.866301e+00 1.818378e-02 -9.984268e-01 -5.304025e-02 1.909740e+01
-9.978132e-01 -1.479249e-02 -6.442126e-02 -1.820088e+02 6.352407e-02 5.471118e-02 -9.964795e-01 6.909433e+00 1.826498e-02 -9.983926e-01 -5.365186e-02 1.910394e+01
-9.977254e-01 -1.710118e-02 -6.520344e-02 -1.829810e+02 6.415521e-02 5.598226e-02 -9.963685e-01 6.943264e+00 2.068931e-02 -9.982853e-01 -5.475779e-02 1.912431e+01
-9.976509e-01 -1.733146e-02 -6.627472e-02 -1.839539e+02 6.518041e-02 5.750208e-02 -9.962153e-01 6.992703e+00 2.107680e-02 -9.981949e-01 -5.623733e-02 1.914442e+01
-9.977490e-01 -1.617805e-02 -6.507766e-02 -1.849027e+02 6.408063e-02 5.596085e-02 -9.963744e-01 7.030008e+00 1.976120e-02 -9.983019e-01 -5.479818e-02 1.915960e+01
-9.979641e-01 -1.349540e-02 -6.233419e-02 -1.858232e+02 6.152141e-02 5.400542e-02 -9.966437e-01 7.065316e+00 1.681649e-02 -9.984494e-01 -5.306521e-02 1.917197e+01
-9.981845e-01 -9.226612e-03 -5.951950e-02 -1.867476e+02 5.894889e-02 5.310661e-02 -9.968474e-01 7.106218e+00 1.235840e-02 -9.985462e-01 -5.246630e-02 1.918693e+01
-9.983518e-01 -4.752255e-03 -5.719468e-02 -1.876701e+02 5.685090e-02 5.460713e-02 -9.968882e-01 7.147175e+00 7.860704e-03 -9.984966e-01 -5.424696e-02 1.918270e+01
-9.984014e-01 -1.242790e-03 -5.650695e-02 -1.885754e+02 5.634833e-02 5.611389e-02 -9.968330e-01 7.189592e+00 4.409679e-03 -9.984236e-01 -5.595416e-02 1.918643e+01
-9.983994e-01 2.255573e-03 -5.651056e-02 -1.895045e+02 5.654810e-02 5.603085e-02 -9.968264e-01 7.228856e+00 9.179197e-04 -9.984265e-01 -5.606872e-02 1.917720e+01
-9.983374e-01 4.178775e-03 -5.748823e-02 -1.904091e+02 5.763105e-02 5.487770e-02 -9.968285e-01 7.272576e+00 -1.010701e-03 -9.984843e-01 -5.502729e-02 1.918462e+01
-9.982438e-01 6.284037e-03 -5.890493e-02 -1.913269e+02 5.915278e-02 5.205480e-02 -9.968908e-01 7.308115e+00 -3.198215e-03 -9.986244e-01 -5.233509e-02 1.918733e+01
-9.982051e-01 7.110061e-03 -5.946466e-02 -1.922312e+02 5.975729e-02 5.262841e-02 -9.968246e-01 7.346828e+00 -3.957952e-03 -9.985889e-01 -5.295883e-02 1.917116e+01
-9.982279e-01 7.737067e-03 -5.900167e-02 -1.931434e+02 5.933152e-02 5.336168e-02 -9.968111e-01 7.385594e+00 -4.563967e-03 -9.985453e-01 -5.372617e-02 1.916475e+01
-9.982724e-01 8.854328e-03 -5.808576e-02 -1.940399e+02 5.848310e-02 5.443600e-02 -9.968031e-01 7.427674e+00 -5.664065e-03 -9.984780e-01 -5.485978e-02 1.915227e+01
