0.000000e+00 -1.000000e+00 0.000000e+00 0.000000e+00 0.000000e+00 0.000000e+00 -1.000000e+00 0.000000e+00 1.000000e+00 0.000000e+00 0.000000e+00 0.000000e+00
5.900858e-03 -9.999818e-01 1.295865e-03 1.424012e-02 1.313018e-03 -1.288138e-03 -9.999983e-01 -9.603709e-04 9.999817e-01 5.902549e-03 1.305393e-03 1.707596e-01
1.172317e-02 -9.999245e-01 3.679102e-03 2.714080e-02 1.301248e-03 -3.664096e-03 -9.999924e-01 -2.918056e-03 9.999304e-01 1.172787e-02 1.258195e-03 4.345607e-01
1.727969e-02 -9.998261e-01 7.011750e-03 3.310933e-02 9.228422e-05 -7.011203e-03 -9.999754e-01 -9.554558e-03 9.998507e-01 1.727992e-02 -2.888326e-05 8.251268e-01
1.645053e-02 -9.998282e-01 8.549042e-03 3.948106e-02 -1.326856e-03 -8.572021e-03 -9.999624e-01 -1.157239e-02 9.998638e-01 1.643856e-02 -1.467642e-03 1.169300e+00
9.510702e-03 -9.998959e-01 1.084644e-02 4.266776e-02 -2.501537e-03 -1.087069e-02 -9.999378e-01 -1.344299e-02 9.999517e-01 9.482977e-03 -2.604664e-03 1.493787e+00
-1.841028e-03 -9.999295e-01 1.172817e-02 5.186196e-02 -3.881339e-03 -1.172095e-02 -9.999238e-01 -2.243059e-02 9.999908e-01 -1.886409e-03 -3.859487e-03 1.813285e+00
-1.693598e-02 -9.997877e-01 1.173702e-02 4.516105e-02 -4.678884e-03 -1.165933e-02 -9.999211e-01 -2.826780e-02 9.998456e-01 -1.698956e-02 -4.480428e-03 2.134186e+00
-3.517668e-02 -9.993423e-01 8.803560e-03 2.019488e-02 -4.737750e-03 -8.642158e-03 -9.999514e-01 -3.143239e-02 9.993699e-01 -3.521668e-02 -4.430632e-03 2.486897e+00
-5.481789e-02 -9.984769e-01 6.241254e-03 -2.033686e-02 -5.373523e-03 -5.955559e-03 -9.999678e-01 -3.439997e-02 9.984819e-01 -5.484966e-02 -5.038867e-03 2.858030e+00
-7.512995e-02 -9.971573e-01 5.734998e-03 -6.166210e-02 -6.126238e-03 -5.289583e-03 -9.999672e-01 -3.389313e-02 9.971550e-01 -7.516263e-02 -5.711416e-03 3.204157e+00
-9.712227e-02 -9.952601e-01 4.969426e-03 -1.003413e-01 -6.169932e-03 -4.390858e-03 -9.999713e-01 -3.976662e-02 9.952533e-01 -9.715015e-02 -5.714237e-03 3.568377e+00
-1.169128e-01 -9.931254e-01 5.769484e-03 -1.366425e-01 -5.443439e-03 -5.168444e-03 -9.999718e-01 -4.591260e-02 9.931273e-01 -1.169410e-01 -4.801761e-03 3.939819e+00
-1.345960e-01 -9.908857e-01 5.432949e-03 -2.253604e-01 -4.886363e-03 -4.819059e-03 -9.999765e-01 -5.720405e-02 9.908885e-01 -1.346194e-01 -4.193201e-03 4.347199e+00
-1.513599e-01 -9.884693e-01 4.312403e-03 -2.926260e-01 -4.552227e-03 -3.665571e-03 -9.999829e-01 -6.069162e-02 9.884682e-01 -1.513770e-01 -3.944917e-03 4.750663e+00
-1.650338e-01 -9.862785e-01 4.300603e-03 -3.930413e-01 -4.819308e-03 -3.553943e-03 -9.999821e-01 -6.401444e-02 9.862761e-01 -1.650516e-01 -4.166659e-03 5.174479e+00
-1.763298e-01 -9.843176e-01 5.167649e-03 -4.636233e-01 -5.911681e-03 -4.190830e-03 -9.999737e-01 -7.159708e-02 9.843134e-01 -1.763557e-01 -5.080003e-03 5.601166e+00
-1.849611e-01 -9.827155e-01 7.724776e-03 -5.353568e-01 -7.401573e-03 -6.467182e-03 -9.999517e-01 -8.265556e-02 9.827180e-01 -1.850094e-01 -6.077463e-03 6.045088e+00
-1.927382e-01 -9.812253e-01 6.996171e-03 -6.216809e-01 -9.300308e-03 -5.302804e-03 -9.999427e-01 -8.625863e-02 9.812061e-01 -1.927923e-01 -8.103644e-03 6.495993e+00
-2.008479e-01 -9.795920e-01 7.729571e-03 -7.386768e-01 -1.117643e-02 -5.598458e-03 -9.999219e-01 -8.626061e-02 9.795587e-01 -2.009186e-01 -9.823901e-03 6.975498e+00
-2.076700e-01 -9.781635e-01 8.324350e-03 -8.408968e-01 -1.400355e-02 -5.536180e-03 -9.998866e-01 -9.887484e-02 9.780987e-01 -2.077630e-01 -1.254807e-02 7.465273e+00
-2.162791e-01 -9.762599e-01 1.182912e-02 -9.450707e-01 -1.586203e-02 -8.600755e-03 -9.998372e-01 -1.068953e-01 9.762027e-01 -2.164315e-01 -1.362530e-02 7.957234e+00
-2.237733e-01 -9.744818e-01 1.762616e-02 -1.066984e+00 -1.726355e-02 -1.411894e-02 -9.997513e-01 -1.218272e-01 9.744883e-01 -2.240220e-01 -1.366357e-02 8.486906e+00
-2.323035e-01 -9.724621e-01 1.877500e-02 -1.193868e+00 -1.898948e-02 -1.476483e-02 -9.997107e-01 -1.368677e-01 9.724579e-01 -2.325928e-01 -1.503663e-02 8.996632e+00
-2.413381e-01 -9.703119e-01 1.583374e-02 -1.351412e+00 -2.359067e-02 -1.044524e-02 -9.996671e-01 -1.432800e-01 9.701543e-01 -2.416313e-01 -2.036947e-02 9.540872e+00
-2.497450e-01 -9.682109e-01 1.396610e-02 -1.505905e+00 -2.754827e-02 -7.312854e-03 -9.995937e-01 -1.663714e-01 9.679197e-01 -2.500283e-01 -2.484619e-02 1.009236e+01
-2.580978e-01 -9.659995e-01 1.518106e-02 -1.652541e+00 -2.868005e-02 -8.045617e-03 -9.995562e-01 -1.799416e-01 9.656930e-01 -2.584186e-01 -2.562836e-02 1.065719e+01
-2.663346e-01 -9.637276e-01 1.717716e-02 -1.798331e+00 -3.051629e-02 -9.381136e-03 -9.994903e-01 -2.033225e-01 9.633974e-01 -2.667230e-01 -2.691087e-02 1.122717e+01
-2.733320e-01 -9.617530e-01 1.791481e-02 -1.985494e+00 -3.340915e-02 -9.121137e-03 -9.994001e-01 -2.279791e-01 9.613394e-01 -2.737665e-01 -2.963825e-02 1.182447e+01
-2.809891e-01 -9.595664e-01 1.666078e-02 -2.163872e+00 -3.683302e-02 -6.564885e-03 -9.992999e-01 -2.477797e-01 9.590039e-01 -2.814060e-01 -3.349907e-02 1.240261e+01
-2.893449e-01 -9.570661e-01 1.743847e-02 -2.347471e+00 -4.149334e-02 -5.660309e-03 -9.991227e-01 -2.764540e-01 9.563252e-01 -2.898147e-01 -3.807408e-02 1.297956e+01
-2.944089e-01 -9.555020e-01 1.841727e-02 -2.538742e+00 -4.894515e-02 -4.170739e-03 -9.987928e-01 -3.073392e-01 9.544253e-01 -2.949550e-01 -4.553929e-02 1.359359e+01
-2.978730e-01 -9.544162e-01 1.900955e-02 -2.742068e+00 -5.782336e-02 -1.837452e-03 -9.983251e-01 -3.390722e-01 9.528527e-01 -2.984733e-01 -5.464022e-02 1.419905e+01
-3.018694e-01 -9.531578e-01 1.910386e-02 -2.950996e+00 -6.574078e-02 8.210668e-04 -9.978364e-01 -3.764390e-01 9.510799e-01 -3.024722e-01 -6.290919e-02 1.484033e+01
-3.063056e-01 -9.517477e-01 1.879643e-02 -3.177797e+00 -7.440028e-02 4.250131e-03 -9.972194e-01 -4.134907e-01 9.490213e-01 -3.068523e-01 -7.211213e-02 1.548457e+01
-3.120626e-01 -9.498686e-01 1.914874e-02 -3.402501e+00 -8.178604e-02 6.778008e-03 -9.966269e-01 -4.657997e-01 9.465347e-01 -3.125761e-01 -7.980116e-02 1.610710e+01
-3.167700e-01 -9.483406e-01 1.751843e-02 -3.644030e+00 -8.839852e-02 1.112811e-02 -9.960230e-01 -5.234062e-01 9.443741e-01 -3.170588e-01 -8.735695e-02 1.677848e+01
-3.209898e-01 -9.469525e-01 1.569686e-02 -3.883224e+00 -9.414736e-02 1.541269e-02 -9.954389e-01 -5.894781e-01 9.423915e-01 -3.210036e-01 -9.410040e-02 1.743922e+01
-3.246344e-01 -9.457474e-01 1.320638e-02 -4.128537e+00 -9.971195e-02 2.033535e-02 -9.948086e-01 -6.602836e-01 9.405690e-01 -3.242659e-01 -1.009039e-01 1.811318e+01
-3.302109e-01 -9.438403e-01 1.123411e-02 -4.379868e+00 -1.023972e-01 2.398801e-02 -9.944543e-01 -7.317451e-01 9.383366e-01 -3.295300e-01 -1.045677e-01 1.879754e+01
-3.355305e-01 -9.419590e-01 1.150852e-02 -4.632375e+00 -1.039269e-01 2.487159e-02 -9.942739e-01 -8.082707e-01 9.362791e-01 -3.348053e-01 -1.062400e-01 1.950003e+01
-3.421003e-01 -9.396183e-01 9.205033e-03 -4.907133e+00 -1.035191e-01 2.794960e-02 -9.942347e-01 -8.917162e-01 9.339439e-01 -3.410809e-01 -1.068300e-01 2.023967e+01
-3.476748e-01 -9.375690e-01 9.303722e-03 -5.182114e+00 -1.018705e-01 2.790849e-02 -9.944061e-01 -9.728692e-01 9.320647e-01 -3.466778e-01 -1.052137e-01 2.095320e+01
-3.548930e-01 -9.348490e-01 1.040794e-02 -5.451241e+00 -9.947466e-02 2.668909e-02 -9.946821e-01 -1.055832e+00 9.295998e-01 -3.540410e-01 -1.024656e-01 2.168142e+01
-3.604151e-01 -9.327367e-01 1.016052e-02 -5.720973e+00 -9.653828e-02 2.646445e-02 -9.949774e-01 -1.141679e+00 9.277830e-01 -3.595857e-01 -9.958299e-02 2.240339e+01
-3.702902e-01 -9.288802e-01 8.163710e-03 -6.029570e+00 -9.200998e-02 2.793096e-02 -9.953663e-01 -1.218871e+00 9.243481e-01 -3.693255e-01 -9.580881e-02 2.315679e+01
-3.795004e-01 -9.251708e-01 6.188838e-03 -6.351659e+00 -8.708990e-02 2.906269e-02 -9.957764e-01 -1.299494e+00 9.210835e-01 -3.784366e-01 -9.160234e-02 2.389391e+01
-3.866118e-01 -9.222353e-01 3.660795e-03 -6.677405e+00 -8.362154e-02 3.110148e-02 -9.960121e-01 -1.376613e+00 9.184436e-01 -3.853762e-01 -8.914293e-02 2.462855e+01
-3.948410e-01 -9.187469e-01 2.184744e-03 -7.021619e+00 -8.124500e-02 3.254705e-02 -9.961626e-01 -1.446531e+00 9.151502e-01 -3.935034e-01 -8.749449e-02 2.543031e+01
-4.032639e-01 -9.150825e-01 1.509243e-03 -7.355272e+00 -8.087375e-02 3.399697e-02 -9.961444e-01 -1.520899e+00 9.115030e-01 -4.018311e-01 -8.771590e-02 2.618077e+01
-4.115683e-01 -9.113784e-01 9.274205e-04 -7.711412e+00 -7.981230e-02 3.502861e-02 -9.961942e-01 -1.591835e+00 9.078775e-01 -4.100760e-01 -8.715589e-02 2.691648e+01
-4.229414e-01 -9.061570e-01 -3.179609e-04 -8.081703e+00 -7.775720e-02 3.664214e-02 -9.962987e-01 -1.655028e+00 9.028147e-01 -4.213513e-01 -8.595771e-02 2.770015e+01
-4.315758e-01 -9.020765e-01 -5.559195e-04 -8.452764e+00 -7.511544e-02 3.655120e-02 -9.965047e-01 -1.722304e+00 8.989438e-01 -4.300255e-01 -8.353449e-02 2.850840e+01
-4.387375e-01 -8.986149e-01 -8.856066e-04 -8.821766e+00 -7.104254e-02 3.566804e-02 -9.968354e-01 -1.793626e+00 8.958027e-01 -4.372861e-01 -7.948878e-02 2.929023e+01
-4.459866e-01 -8.950368e-01 -2.263256e-03 -9.229582e+00 -6.574452e-02 3.528137e-02 -9.972125e-01 -1.858231e+00 8.926218e-01 -4.445947e-01 -7.457878e-02 3.010074e+01
-4.527109e-01 -8.916557e-01 -1.678272e-03 -9.649890e+00 -6.190882e-02 3.330985e-02 -9.975258e-01 -1.924726e+00 8.895056e-01 -4.514869e-01 -7.028110e-02 3.090874e+01
-4.608836e-01 -8.874602e-01 -8.572761e-04 -1.010695e+01 -5.987063e-02 3.205629e-02 -9.976913e-01 -1.977857e+00 8.854388e-01 -4.597682e-01 -6.790701e-02 3.173815e+01
-4.666297e-01 -8.844525e-01 -6.875995e-04 -1.053787e+01 -5.874678e-02 3.177000e-02 -9.977673e-01 -2.035544e+00 8.824996e-01 -4.655475e-01 -6.678356e-02 3.256400e+01
-4.722829e-01 -8.814470e-01 -4.023047e-04 -1.099531e+01 -5.670852e-02 3.084012e-02 -9.979143e-01 -2.091543e+00 8.796210e-01 -4.712751e-01 -6.455081e-02 3.337752e+01
-4.778946e-01 -8.784171e-01 -7.236219e-05 -1.145660e+01 -5.477408e-02 2.988154e-02 -9.980515e-01 -2.152021e+00 8.767078e-01 -4.769595e-01 -6.239472e-02 3.422004e+01
-4.827074e-01 -8.757813e-01 7.860441e-04 -1.191952e+01 -5.472670e-02 2.926810e-02 -9.980723e-01 -2.204954e+00 8.740701e-01 -4.818199e-01 -6.205655e-02 3.505026e+01
-4.859225e-01 -8.740010e-01 1.264007e-03 -1.240736e+01 -5.539732e-02 2.935612e-02 -9.980327e-01 -2.266853e+00 8.722445e-01 -4.850366e-01 -6.268211e-02 3.590545e+01
-4.883963e-01 -8.726199e-01 1.896563e-03 -1.289547e+01 -5.607632e-02 2.921627e-02 -9.979990e-01 -2.322178e+00 8.708183e-01 -4.875253e-01 -6.320243e-02 3.676485e+01
-4.890209e-01 -8.722698e-01 1.980155e-03 -1.340686e+01 -5.515984e-02 2.865855e-02 -9.980662e-01 -2.381627e+00 8.705263e-01 -4.881844e-01 -6.212890e-02 3.764664e+01
-4.907076e-01 -8.713222e-01 1.891500e-03 -1.389967e+01 -5.317904e-02 2.778222e-02 -9.981984e-01 -2.439275e+00 8.697000e-01 -4.899242e-01 -5.996902e-02 3.852415e+01
-4.903654e-01 -8.715100e-01 3.480026e-03 -1.438959e+01 -5.270639e-02 2.566964e-02 -9.982800e-01 -2.498402e+00 8.699217e-01 -4.897054e-01 -5.852165e-02 3.941346e+01
-4.911822e-01 -8.710485e-01 3.813005e-03 -1.489021e+01 -5.314920e-02 2.560084e-02 -9.982584e-01 -2.557194e+00 8.694339e-01 -4.905294e-01 -5.887021e-02 4.029222e+01
-4.924348e-01 -8.703328e-01 5.364014e-03 -1.541295e+01 -5.428304e-02 2.456115e-02 -9.982235e-01 -2.615637e+00 8.686548e-01 -4.918512e-01 -5.933908e-02 4.121129e+01
-4.944415e-01 -8.691890e-01 6.174806e-03 -1.593571e+01 -5.269107e-02 2.288115e-02 -9.983487e-01 -2.675660e+00 8.676124e-01 -4.939504e-01 -5.711189e-02 4.211969e+01
-4.983226e-01 -8.669734e-01 5.627323e-03 -1.650833e+01 -4.857355e-02 2.143769e-02 -9.985895e-01 -2.737472e+00 8.656300e-01 -4.978931e-01 -5.279486e-02 4.304204e+01
-5.022681e-01 -8.646941e-01 5.556916e-03 -1.705721e+01 -4.394129e-02 1.910476e-02 -9.988514e-01 -2.792621e+00 8.635948e-01 -5.019354e-01 -4.759148e-02 4.398510e+01
-5.085336e-01 -8.610223e-01 5.843255e-03 -1.759262e+01 -4.224304e-02 1.817018e-02 -9.989421e-01 -2.850966e+00 8.600053e-01 -5.082425e-01 -4.561235e-02 4.491385e+01
-5.180851e-01 -8.552717e-01 9.905809e-03 -1.814536e+01 -4.348907e-02 1.477388e-02 -9.989446e-01 -2.908995e+00 8.542227e-01 -5.179692e-01 -4.484910e-02 4.581138e+01
-5.276361e-01 -8.493811e-01 1.232861e-02 -1.869905e+01 -4.649566e-02 1.438551e-02 -9.988149e-01 -2.969799e+00 8.481971e-01 -5.275840e-01 -4.708285e-02 4.670031e+01
-5.371639e-01 -8.433908e-01 1.211829e-02 -1.925026e+01 -4.636547e-02 1.517920e-02 -9.988092e-01 -3.028502e+00 8.422026e-01 -5.370861e-01 -4.725793e-02 4.759595e+01
-5.474105e-01 -8.368018e-01 1.022182e-02 -1.983912e+01 -4.219259e-02 1.539811e-02 -9.989908e-01 -3.086539e+00 8.357999e-01 -5.472894e-01 -4.373593e-02 4.851143e+01
-5.554064e-01 -8.315412e-01 7.934773e-03 -2.043824e+01 -3.876832e-02 1.636050e-02 -9.991143e-01 -3.146452e+00 8.306749e-01 -5.552221e-01 -4.132418e-02 4.937981e+01
-5.610816e-01 -8.277178e-01 8.407499e-03 -2.103128e+01 -4.027983e-02 1.715661e-02 -9.990411e-01 -3.201267e+00 8.267799e-01 -5.608823e-01 -4.296659e-02 5.024837e+01
-5.653846e-01 -8.247577e-01 1.072656e-02 -2.167793e+01 -4.390560e-02 1.710673e-02 -9.988892e-01 -3.243277e+00 8.236580e-01 -5.652275e-01 -4.588336e-02 5.113856e+01
-5.692772e-01 -8.220421e-01 1.305053e-02 -2.230539e+01 -4.952700e-02 1.844467e-02 -9.986024e-01 -3.305569e+00 8.206525e-01 -5.691279e-01 -5.121341e-02 5.198241e+01
-5.743791e-01 -8.184999e-01 1.211064e-02 -2.294568e+01 -5.095613e-02 2.098461e-02 -9.984804e-01 -3.356532e+00 8.170019e-01 -5.741234e-01 -5.376071e-02 5.285873e+01
-5.797483e-01 -8.147320e-01 1.018404e-02 -2.357387e+01 -4.738707e-02 2.123677e-02 -9.986508e-01 -3.418881e+00 8.134165e-01 -5.794487e-01 -5.091975e-02 5.373332e+01
-5.850986e-01 -8.109319e-01 7.011498e-03 -2.420654e+01 -4.236557e-02 2.193096e-02 -9.988614e-01 -3.477693e+00 8.098548e-01 -5.847294e-01 -4.718736e-02 5.461180e+01
-5.888334e-01 -8.082371e-01 5.294726e-03 -2.484105e+01 -3.988757e-02 2.251563e-02 -9.989505e-01 -3.533544e+00 8.072696e-01 -5.884266e-01 -4.549657e-02 5.546730e+01
-5.921653e-01 -8.058055e-01 4.214507e-03 -2.547070e+01 -4.038514e-02 2.445363e-02 -9.988849e-01 -3.587800e+00 8.048038e-01 -5.916752e-01 -4.702316e-02 5.631799e+01
-5.958495e-01 -8.030748e-01 5.856667e-03 -2.609583e+01 -4.213612e-02 2.397909e-02 -9.988241e-01 -3.643352e+00 8.019900e-01 -5.953956e-01 -4.812638e-02 5.716421e+01
-6.000797e-01 -7.998905e-01 8.916325e-03 -2.673050e+01 -4.385592e-02 2.176725e-02 -9.988007e-01 -3.690153e+00 7.987371e-01 -5.997511e-01 -4.814202e-02 5.801707e+01
-6.057803e-01 -7.955621e-01 1.054236e-02 -2.740205e+01 -4.370939e-02 2.004636e-02 -9.988431e-01 -3.741259e+00 7.944304e-01 -6.055403e-01 -4.691722e-02 5.889025e+01
-6.136987e-01 -7.894889e-01 9.009695e-03 -2.809513e+01 -4.273954e-02 2.182410e-02 -9.988478e-01 -3.796178e+00 7.883827e-01 -6.133767e-01 -4.713581e-02 5.974049e+01
-6.200758e-01 -7.844895e-01 9.069358e-03 -2.876554e+01 -4.240518e-02 2.197023e-02 -9.988589e-01 -3.849270e+00 7.833951e-01 -6.197528e-01 -4.688963e-02 6.057389e+01
-6.266097e-01 -7.792625e-01 1.049809e-02 -2.944567e+01 -4.332632e-02 2.138286e-02 -9.988321e-01 -3.907259e+00 7.781280e-01 -6.263328e-01 -4.716128e-02 6.140242e+01
-6.328263e-01 -7.741730e-01 1.367763e-02 -3.014285e+01 -4.401902e-02 1.833482e-02 -9.988624e-01 -3.967783e+00 7.730415e-01 -6.327085e-01 -4.568110e-02 6.225068e+01
-6.383213e-01 -7.696206e-01 1.516742e-02 -3.084242e+01 -4.473660e-02 1.741948e-02 -9.988469e-01 -4.021852e+00 7.684690e-01 -6.382638e-01 -4.554944e-02 6.309149e+01
-6.446031e-01 -7.643222e-01 1.727328e-02 -3.153563e+01 -4.565198e-02 1.592828e-02 -9.988304e-01 -4.081260e+00 7.631531e-01 -6.446378e-01 -4.516024e-02 6.391531e+01
-6.520463e-01 -7.579586e-01 1.828735e-02 -3.225731e+01 -4.697127e-02 1.631054e-02 -9.987631e-01 -4.145525e+00 7.567227e-01 -6.520987e-01 -4.623750e-02 6.475279e+01
-6.600861e-01 -7.509372e-01 1.948241e-02 -3.298267e+01 -4.704896e-02 1.544452e-02 -9.987732e-01 -4.203374e+00 7.497151e-01 -6.601930e-01 -4.552553e-02 6.556520e+01
-6.672544e-01 -7.446059e-01 1.826222e-02 -3.372404e+01 -4.542148e-02 1.620550e-02 -9.988365e-01 -4.263189e+00 7.434436e-01 -6.673076e-01 -4.463430e-02 6.638895e+01
-6.733301e-01 -7.390906e-01 1.927935e-02 -3.447110e+01 -4.517275e-02 1.509788e-02 -9.988651e-01 -4.324787e+00 7.379607e-01 -6.734368e-01 -4.355261e-02 6.721700e+01
-6.796934e-01 -7.332140e-01 2.034841e-02 -3.520782e+01 -4.595097e-02 1.487684e-02 -9.988329e-01 -4.387139e+00 7.320556e-01 -6.798352e-01 -4.380359e-02 6.802489e+01
-6.854762e-01 -7.277589e-01 2.212161e-02 -3.597980e+01 -4.785885e-02 1.471950e-02 -9.987456e-01 -4.450634e+00 7.265204e-01 -6.856751e-01 -4.491957e-02 6.883570e+01
-6.919029e-01 -7.216736e-01 2.139226e-02 -3.676443e+01 -4.754430e-02 1.597774e-02 -9.987413e-01 -4.510631e+00 7.204235e-01 -6.920491e-01 -4.536651e-02 6.961783e+01
-6.965911e-01 -7.171524e-01 2.129095e-02 -3.753534e+01 -4.659163e-02 1.560350e-02 -9.987922e-01 -4.571401e+00 7.159539e-01 -6.967418e-01 -4.428255e-02 7.039999e+01
-7.027696e-01 -7.110862e-01 2.170988e-02 -3.836700e+01 -4.650382e-02 1.546603e-02 -9.987984e-01 -4.633377e+00 7.098960e-01 -7.029347e-01 -4.393728e-02 7.119221e+01
-7.078887e-01 -7.059804e-01 2.202983e-02 -3.917289e+01 -4.695651e-02 1.591722e-02 -9.987701e-01 -4.694588e+00 7.047614e-01 -7.080525e-01 -4.441800e-02 7.198440e+01
-7.137577e-01 -6.999802e-01 2.403505e-02 -4.001004e+01 -4.950720e-02 1.619150e-02 -9.986425e-01 -4.753156e+00 6.986408e-01 -7.139786e-01 -4.621087e-02 7.280087e+01
-7.188363e-01 -6.946757e-01 2.645682e-02 -4.084139e+01 -5.220199e-02 1.598923e-02 -9.985085e-01 -4.819790e+00 6.932166e-01 -7.191453e-01 -4.775710e-02 7.360077e+01
-7.235181e-01 -6.897773e-01 2.699615e-02 -4.166600e+01 -5.329234e-02 1.682284e-02 -9.984372e-01 -4.883720e+00 6.882452e-01 -7.238261e-01 -4.893148e-02 7.438593e+01
-7.278521e-01 -6.852525e-01 2.569700e-02 -4.252395e+01 -5.246439e-02 1.828379e-02 -9.984554e-01 -4.954147e+00 6.837242e-01 -7.280760e-01 -4.925925e-02 7.520772e+01
-7.315917e-01 -6.812487e-01 2.595665e-02 -4.339353e+01 -5.160901e-02 1.737777e-02 -9.985161e-01 -5.018500e+00 6.797868e-01 -7.318457e-01 -4.787201e-02 7.599355e+01
-7.362347e-01 -6.761670e-01 2.750726e-02 -4.426146e+01 -5.180772e-02 1.578865e-02 -9.985322e-01 -5.093487e+00 6.747403e-01 -7.365792e-01 -4.665482e-02 7.677676e+01
-7.402147e-01 -6.717779e-01 2.822551e-02 -4.511661e+01 -5.211285e-02 1.546780e-02 -9.985214e-01 -5.161294e+00 6.703480e-01 -7.405911e-01 -4.645775e-02 7.755277e+01
-7.447647e-01 -6.666675e-01 2.966470e-02 -4.602730e+01 -5.201200e-02 1.367239e-02 -9.985529e-01 -5.228113e+00 6.652972e-01 -7.452298e-01 -4.485742e-02 7.831975e+01
-7.483180e-01 -6.626589e-01 3.005685e-02 -4.691063e+01 -5.169276e-02 1.308145e-02 -9.985774e-01 -5.295518e+00 6.613230e-01 -7.488071e-01 -4.404375e-02 7.910149e+01
-7.508726e-01 -6.596743e-01 3.194137e-02 -4.778830e+01 -5.238058e-02 1.127171e-02 -9.985636e-01 -5.369389e+00 6.583667e-01 -7.514671e-01 -4.301773e-02 7.987122e+01
-7.542683e-01 -6.555749e-01 3.606589e-02 -4.868945e+01 -5.490004e-02 8.235661e-03 -9.984579e-01 -5.439475e+00 6.542670e-01 -7.550852e-01 -4.220299e-02 8.066836e+01
-7.574897e-01 -6.516057e-01 4.023936e-02 -4.958378e+01 -5.639245e-02 3.900651e-03 -9.984010e-01 -5.506370e+00 6.504069e-01 -7.585478e-01 -3.970035e-02 8.145472e+01
-7.622960e-01 -6.457458e-01 4.378551e-02 -5.049767e+01 -5.694873e-02 -4.686943e-04 -9.983770e-01 -5.588829e+00 6.447183e-01 -7.635523e-01 -3.641712e-02 8.223204e+01
-7.669816e-01 -6.399707e-01 4.665484e-02 -5.138012e+01 -5.765271e-02 -3.685091e-03 -9.983299e-01 -5.668058e+00 6.390738e-01 -7.683905e-01 -3.406965e-02 8.299524e+01
-7.733358e-01 -6.322155e-01 4.749038e-02 -5.230346e+01 -5.707785e-02 -5.175403e-03 -9.983563e-01 -5.755228e+00 6.314221e-01 -7.747753e-01 -3.208318e-02 8.374802e+01
-7.795026e-01 -6.247105e-01 4.596261e-02 -5.321682e+01 -5.489632e-02 -4.963759e-03 -9.984797e-01 -5.831945e+00 6.239889e-01 -7.808407e-01 -3.042505e-02 8.449966e+01
-7.883149e-01 -6.135207e-01 4.638974e-02 -5.418598e+01 -5.399893e-02 -6.117194e-03 -9.985223e-01 -5.912865e+00 6.128978e-01 -7.896550e-01 -2.830718e-02 8.524262e+01
-7.955948e-01 -6.039808e-01 4.728713e-02 -5.515825e+01 -5.618687e-02 -4.155809e-03 -9.984116e-01 -5.989906e+00 6.032180e-01 -7.969880e-01 -3.062945e-02 8.597272e+01
-8.035628e-01 -5.932049e-01 4.893725e-02 -5.615380e+01 -5.696803e-02 -5.191680e-03 -9.983625e-01 -6.065534e+00 5.924875e-01 -8.050348e-01 -2.962187e-02 8.669636e+01
-8.105006e-01 -5.835685e-01 5.036603e-02 -5.716447e+01 -5.849669e-02 -4.913858e-03 -9.982755e-01 -6.135580e+00 5.828096e-01 -8.120491e-01 -3.015414e-02 8.741432e+01
-8.169532e-01 -5.743693e-01 5.183981e-02 -5.817818e+01 -5.769130e-02 -8.044823e-03 -9.983020e-01 -6.220156e+00 5.738111e-01 -8.185568e-01 -2.656386e-02 8.811254e+01
-8.227017e-01 -5.661941e-01 5.085418e-02 -5.914805e+01 -5.656699e-02 -7.477243e-03 -9.983708e-01 -6.304324e+00 5.656519e-01 -8.242380e-01 -2.587636e-02 8.881088e+01
-8.290893e-01 -5.567775e-01 5.108453e-02 -6.016691e+01 -5.731073e-02 -6.257162e-03 -9.983368e-01 -6.388450e+00 5.561711e-01 -8.306381e-01 -2.672158e-02 8.950998e+01
-8.373187e-01 -5.442033e-01 5.234596e-02 -6.123419e+01 -5.780257e-02 -7.089172e-03 -9.983029e-01 -6.464755e+00 5.436509e-01 -8.389234e-01 -2.552045e-02 9.016270e+01
-8.427060e-01 -5.358316e-01 5.225942e-02 -6.223302e+01 -5.853054e-02 -5.309599e-03 -9.982715e-01 -6.544352e+00 5.351828e-01 -8.443082e-01 -2.688808e-02 9.081475e+01
-8.496691e-01 -5.245858e-01 5.359170e-02 -6.333920e+01 -5.939139e-02 -5.782037e-03 -9.982180e-01 -6.625396e+00 5.239609e-01 -8.513379e-01 -2.624307e-02 9.146020e+01
-8.557094e-01 -5.146593e-01 5.373192e-02 -6.442847e+01 -5.985114e-02 -4.701782e-03 -9.981962e-01 -6.709007e+00 5.139836e-01 -8.573819e-01 -2.677958e-02 9.209146e+01
-8.601243e-01 -5.074537e-01 5.173873e-02 -6.548135e+01 -5.805048e-02 -3.390550e-03 -9.983079e-01 -6.792159e+00 5.067704e-01 -8.616723e-01 -2.654164e-02 9.272015e+01
-8.667769e-01 -4.960016e-01 5.177015e-02 -6.668564e+01 -5.678828e-02 -4.966097e-03 -9.983739e-01 -6.878441e+00 4.954521e-01 -8.683074e-01 -2.386258e-02 9.334739e+01
-8.706625e-01 -4.890632e-01 5.257355e-02 -6.777898e+01 -5.715531e-02 -5.569436e-03 -9.983498e-01 -6.958784e+00 4.885490e-01 -8.722305e-01 -2.310346e-02 9.395879e+01
-8.753764e-01 -4.802009e-01 5.588542e-02 -6.894002e+01 -5.872512e-02 -9.121316e-03 -9.982325e-01 -7.041941e+00 4.798619e-01 -8.771111e-01 -2.021527e-02 9.457340e+01
-8.782129e-01 -4.747049e-01 5.828734e-02 -7.006195e+01 -6.069008e-02 -1.027587e-02 -9.981037e-01 -7.131469e+00 4.744037e-01 -8.800850e-01 -1.978548e-02 9.519098e+01
-8.816809e-01 -4.679026e-01 6.087643e-02 -7.118691e+01 -6.311230e-02 -1.091364e-02 -9.979467e-01 -7.221831e+00 4.676062e-01 -8.837126e-01 -1.990806e-02 9.579520e+01
-8.832690e-01 -4.644379e-01 6.429106e-02 -7.228178e+01 -6.604458e-02 -1.251085e-02 -9.977382e-01 -7.314592e+00 4.641918e-01 -8.855173e-01 -1.962316e-02 9.637253e+01
-8.864146e-01 -4.582695e-01 6.525388e-02 -7.340832e+01 -6.613954e-02 -1.413448e-02 -9.977103e-01 -7.411723e+00 4.581425e-01 -8.887009e-01 -1.778072e-02 9.694871e+01
-8.884268e-01 -4.547351e-01 6.256009e-02 -7.453344e+01 -6.235845e-02 -1.545938e-02 -9.979341e-01 -7.512589e+00 4.547628e-01 -8.904926e-01 -1.462205e-02 9.752752e+01
-8.900121e-01 -4.516223e-01 6.257582e-02 -7.567284e+01 -5.972659e-02 -2.057794e-02 -9.980026e-01 -7.605025e+00 4.520079e-01 -8.919719e-01 -8.659248e-03 9.808147e+01
-8.919761e-01 -4.476281e-01 6.330717e-02 -7.679980e+01 -5.881909e-02 -2.393544e-02 -9.979817e-01 -7.685744e+00 4.482400e-01 -8.938994e-01 -4.979235e-03 9.861766e+01
-8.929211e-01 -4.456078e-01 6.423134e-02 -7.790219e+01 -5.882724e-02 -2.596527e-02 -9.979305e-01 -7.769467e+00 4.463533e-01 -8.948517e-01 -3.028940e-03 9.915147e+01
-8.954594e-01 -4.407798e-01 6.217396e-02 -7.908097e+01 -5.566829e-02 -2.768950e-02 -9.980653e-01 -7.859163e+00 4.416486e-01 -8.971881e-01 2.573650e-04 9.971875e+01
-8.964337e-01 -4.388239e-01 6.196927e-02 -8.018763e+01 -5.416254e-02 -3.030074e-02 -9.980723e-01 -7.939039e+00 4.398557e-01 -8.980621e-01 3.394796e-03 1.002539e+02
-8.977204e-01 -4.363092e-01 6.109286e-02 -8.130936e+01 -5.340907e-02 -2.986862e-02 -9.981259e-01 -8.026736e+00 4.373163e-01 -8.993009e-01 3.510804e-03 1.007997e+02
-8.992729e-01 -4.331415e-01 6.080132e-02 -8.241608e+01 -5.263563e-02 -3.083126e-02 -9.981377e-01 -8.107154e+00 4.342094e-01 -9.007985e-01 4.927038e-03 1.013241e+02
-9.004364e-01 -4.308966e-01 5.951833e-02 -8.353094e+01 -4.974579e-02 -3.392328e-02 -9.981856e-01 -8.189186e+00 4.321339e-01 -9.017634e-01 9.110462e-03 1.018683e+02
-9.000368e-01 -4.317480e-01 5.939284e-02 -8.461470e+01 -4.831466e-02 -3.659239e-02 -9.981617e-01 -8.264929e+00 4.331277e-01 -9.012517e-01 1.207474e-02 1.023804e+02
-9.003529e-01 -4.308142e-01 6.135030e-02 -8.568151e+01 -4.894688e-02 -3.982821e-02 -9.980070e-01 -8.339672e+00 4.323990e-01 -9.015613e-01 1.477243e-02 1.028735e+02
-9.008608e-01 -4.294409e-01 6.348424e-02 -8.673045e+01 -4.999655e-02 -4.263015e-02 -9.978392e-01 -8.418571e+00 4.312192e-01 -9.020883e-01 1.693327e-02 1.033618e+02
-9.015254e-01 -4.279690e-01 6.398740e-02 -8.779513e+01 -5.063299e-02 -4.252746e-02 -9.978114e-01 -8.496395e+00 4.297536e-01 -9.027923e-01 1.667024e-02 1.038535e+02
-9.024459e-01 -4.261920e-01 6.286431e-02 -8.885090e+01 -5.086620e-02 -3.948889e-02 -9.979244e-01 -8.574539e+00 4.277899e-01 -9.037704e-01 1.395782e-02 1.043690e+02
-9.021353e-01 -4.268471e-01 6.287729e-02 -8.989091e+01 -5.187136e-02 -3.737562e-02 -9.979541e-01 -8.653962e+00 4.283239e-01 -9.035511e-01 1.157673e-02 1.048511e+02
-9.003087e-01 -4.306972e-01 6.280348e-02 -9.089951e+01 -5.243814e-02 -3.590925e-02 -9.979783e-01 -8.733210e+00 4.320817e-01 -9.017818e-01 9.744446e-03 1.053273e+02
-8.978109e-01 -4.357749e-01 6.352860e-02 -9.190704e+01 -5.366663e-02 -3.491659e-02 -9.979482e-01 -8.805744e+00 4.370990e-01 -8.993782e-01 7.961927e-03 1.057941e+02
-8.953811e-01 -4.407048e-01 6.381229e-02 -9.289732e+01 -5.404589e-02 -3.469192e-02 -9.979357e-01 -8.874150e+00 4.420088e-01 -8.969815e-01 7.244204e-03 1.062673e+02
-8.928725e-01 -4.459559e-01 6.246646e-02 -9.390443e+01 -5.327195e-02 -3.313857e-02 -9.980300e-01 -8.948936e+00 4.471474e-01 -8.944412e-01 5.831581e-03 1.067399e+02
-8.893099e-01 -4.533201e-01 6.023840e-02 -9.490482e+01 -5.187172e-02 -3.087995e-02 -9.981762e-01 -9.021562e+00 4.543535e-01 -8.908127e-01 3.947349e-03 1.072494e+02
-8.841586e-01 -4.632497e-01 6.052552e-02 -9.589763e+01 -5.179029e-02 -3.156669e-02 -9.981589e-01 -9.093392e+00 4.643074e-01 -8.856655e-01 3.918125e-03 1.077466e+02
-8.796743e-01 -4.717393e-01 6.029191e-02 -9.687640e+01 -5.147633e-02 -3.158408e-02 -9.981747e-01 -9.162509e+00 4.727825e-01 -8.811722e-01 3.500291e-03 1.082525e+02
-8.739535e-01 -4.822285e-01 6.050604e-02 -9.782511e+01 -5.243219e-02 -3.021773e-02 -9.981672e-01 -9.230300e+00 4.831731e-01 -8.755242e-01 1.124593e-03 1.087545e+02
-8.674814e-01 -4.937135e-01 6.101609e-02 -9.876712e+01 -5.435423e-02 -2.785199e-02 -9.981332e-01 -9.295774e+00 4.944912e-01 -8.691785e-01 -2.674330e-03 1.092718e+02
-8.604244e-01 -5.058475e-01 6.154799e-02 -9.970726e+01 -5.563879e-02 -2.680161e-02 -9.980912e-01 -9.372063e+00 5.065315e-01 -8.622065e-01 -5.083980e-03 1.098169e+02
-8.538545e-01 -5.170682e-01 5.977450e-02 -1.006511e+02 -5.468685e-02 -2.508683e-02 -9.981884e-01 -9.448517e+00 5.176311e-01 -8.555765e-01 -6.856326e-03 1.103827e+02
-8.465350e-01 -5.292696e-01 5.702845e-02 -1.015644e+02 -5.265014e-02 -2.335972e-02 -9.983398e-01 -9.518465e+00 5.297230e-01 -8.481321e-01 -8.091292e-03 1.109320e+02
-8.382317e-01 -5.425390e-01 5.494490e-02 -1.024866e+02 -5.112753e-02 -2.212348e-02 -9.984471e-01 -9.585513e+00 5.429120e-01 -8.397393e-01 -9.194070e-03 1.115107e+02
-8.302367e-01 -5.547860e-01 5.403267e-02 -1.033894e+02 -5.082123e-02 -2.119205e-02 -9.984829e-01 -9.648998e+00 5.550894e-01 -8.317232e-01 -1.060048e-02 1.121054e+02
-8.229798e-01 -5.654594e-01 5.440576e-02 -1.042838e+02 -5.108868e-02 -2.171141e-02 -9.984581e-01 -9.711651e+00 5.657687e-01 -8.244904e-01 -1.102052e-02 1.127060e+02
-8.153036e-01 -5.763693e-01 5.548352e-02 -1.051608e+02 -5.155791e-02 -2.317863e-02 -9.984010e-01 -9.790091e+00 5.767337e-01 -8.168606e-01 -1.081878e-02 1.133073e+02
-8.083085e-01 -5.859715e-01 5.722629e-02 -1.060110e+02 -5.226138e-02 -2.540443e-02 -9.983103e-01 -9.853969e+00 5.864351e-01 -8.099334e-01 -1.008906e-02 1.138979e+02
-8.006006e-01 -5.965273e-01 5.651427e-02 -1.068558e+02 -5.164975e-02 -2.526281e-02 -9.983457e-01 -9.924285e+00 5.969681e-01 -8.021951e-01 -1.058506e-02 1.145106e+02
-7.932779e-01 -6.064732e-01 5.385515e-02 -1.076801e+02 -4.978826e-02 -2.354183e-02 -9.984823e-01 -9.993375e+00 6.068206e-01 -7.947553e-01 -1.152003e-02 1.151571e+02
-7.854087e-01 -6.169807e-01 4.967796e-02 -1.084900e+02 -4.623797e-02 -2.155264e-02 -9.986979e-01 -1.005123e+01 6.172481e-01 -7.866831e-01 -1.160030e-02 1.158042e+02
-7.773902e-01 -6.270912e-01 4.920568e-02 -1.092897e+02 -4.559642e-02 -2.184138e-02 -9.987211e-01 -1.010933e+01 6.273639e-01 -7.786396e-01 -1.161384e-02 1.164266e+02
-7.700120e-01 -6.361995e-01 4.828826e-02 -1.100660e+02 -4.606177e-02 -2.005530e-02 -9.987373e-01 -1.016879e+01 6.363645e-01 -7.712639e-01 -1.386165e-02 1.170359e+02
-7.615549e-01 -6.462373e-01 4.910769e-02 -1.108218e+02 -4.652048e-02 -2.106922e-02 -9.986951e-01 -1.023704e+01 6.464286e-01 -7.628456e-01 -1.401790e-02 1.176704e+02
-7.543033e-01 -6.546646e-01 4.940419e-02 -1.115823e+02 -4.583391e-02 -2.255661e-02 -9.986944e-01 -1.029677e+01 6.549243e-01 -7.555828e-01 -1.299131e-02 1.182994e+02
-7.459980e-01 -6.643156e-01 4.660232e-02 -1.123066e+02 -4.366769e-02 -2.103148e-02 -9.988247e-01 -1.036256e+01 6.645149e-01 -7.471563e-01 -1.331968e-02 1.189795e+02
-7.380267e-01 -6.733010e-01 4.452375e-02 -1.130211e+02 -4.217708e-02 -1.982407e-02 -9.989135e-01 -1.040983e+01 6.734521e-01 -7.391027e-01 -1.376717e-02 1.196362e+02
-7.298284e-01 -6.822329e-01 4.369066e-02 -1.137435e+02 -4.143753e-02 -1.964493e-02 -9.989480e-01 -1.046556e+01 6.823734e-01 -7.308710e-01 -1.393261e-02 1.202918e+02
-7.233747e-01 -6.890979e-01 4.327929e-02 -1.144283e+02 -4.161565e-02 -1.905423e-02 -9.989520e-01 -1.051507e+01 6.892004e-01 -7.244177e-01 -1.489391e-02 1.209275e+02
-7.163861e-01 -6.964476e-01 4.185458e-02 -1.150989e+02 -4.047212e-02 -1.840703e-02 -9.990111e-01 -1.056758e+01 6.965293e-01 -7.173716e-01 -1.500017e-02 1.215847e+02
-7.095080e-01 -7.035892e-01 3.950488e-02 -1.157656e+02 -3.807715e-02 -1.770066e-02 -9.991180e-01 -1.061761e+01 7.036679e-01 -7.103865e-01 -1.423191e-02 1.222435e+02
-7.028618e-01 -7.103942e-01 3.640437e-02 -1.164436e+02 -3.494598e-02 -1.663147e-02 -9.992508e-01 -1.067562e+01 7.104675e-01 -7.036074e-01 -1.313580e-02 1.229083e+02
-6.944842e-01 -7.186682e-01 3.475214e-02 -1.170889e+02 -3.380274e-02 -1.565750e-02 -9.993058e-01 -1.072454e+01 7.187135e-01 -6.951768e-01 -1.341907e-02 1.235779e+02
-6.873844e-01 -7.254926e-01 3.410592e-02 -1.177219e+02 -3.309284e-02 -1.562465e-02 -9.993302e-01 -1.077540e+01 7.255395e-01 -6.880526e-01 -1.326847e-02 1.242118e+02
-6.781508e-01 -7.342545e-01 3.133431e-02 -1.183482e+02 -3.190530e-02 -1.318212e-02 -9.994040e-01 -1.080846e+01 7.342299e-01 -6.787463e-01 -1.448714e-02 1.248766e+02
-6.692064e-01 -7.425243e-01 2.864373e-02 -1.189485e+02 -2.912695e-02 -1.230595e-02 -9.995000e-01 -1.084689e+01 7.425055e-01 -6.697061e-01 -1.339225e-02 1.255233e+02
-6.590790e-01 -7.516955e-01 2.384973e-02 -1.195335e+02 -2.572863e-02 -9.157484e-03 -9.996270e-01 -1.088323e+01 7.516335e-01 -6.594467e-01 -1.330459e-02 1.261887e+02
-6.473966e-01 -7.618526e-01 2.141131e-02 -1.201039e+02 -2.446452e-02 -7.305984e-03 -9.996740e-01 -1.092283e+01 7.617606e-01 -6.477093e-01 -1.390849e-02 1.268556e+02
-6.361493e-01 -7.712803e-01 2.099160e-02 -1.206587e+02 -2.545379e-02 -6.213019e-03 -9.996567e-01 -1.095462e+01 7.711460e-01 -6.364653e-01 -1.567960e-02 1.275033e+02
-6.234309e-01 -7.815852e-01 2.141462e-02 -1.211895e+02 -2.696256e-02 -5.881855e-03 -9.996191e-01 -1.098255e+01 7.814134e-01 -6.237708e-01 -1.740660e-02 1.281814e+02
-6.113338e-01 -7.910983e-01 2.084557e-02 -1.217104e+02 -2.640301e-02 -5.937168e-03 -9.996337e-01 -1.101969e+01 7.909323e-01 -6.116602e-01 -1.725779e-02 1.288353e+02
-5.992813e-01 -8.003045e-01 1.935577e-02 -1.222381e+02 -2.478120e-02 -5.621120e-03 -9.996771e-01 -1.104771e+01 8.001549e-01 -5.995674e-01 -1.646387e-02 1.294969e+02
-5.850246e-01 -8.108413e-01 1.681180e-02 -1.227183e+02 -2.200935e-02 -4.848697e-03 -9.997460e-01 -1.107688e+01 8.107169e-01 -5.852460e-01 -1.500948e-02 1.301965e+02
-5.721877e-01 -8.199856e-01 1.499577e-02 -1.231833e+02 -1.968240e-02 -4.549698e-03 -9.997959e-01 -1.111007e+01 8.198864e-01 -5.723661e-01 -1.353600e-02 1.309082e+02
-5.593685e-01 -8.288061e-01 1.368537e-02 -1.236488e+02 -1.717397e-02 -4.918651e-03 -9.998404e-01 -1.113321e+01 8.287412e-01 -5.595143e-01 -1.148255e-02 1.316088e+02
-5.458493e-01 -8.377883e-01 1.262069e-02 -1.240933e+02 -1.486702e-02 -5.376012e-03 -9.998750e-01 -1.114973e+01 8.377514e-01 -5.459687e-01 -9.520923e-03 1.323224e+02
-5.346148e-01 -8.450006e-01 1.268729e-02 -1.245798e+02 -1.322874e-02 -6.643329e-03 -9.998904e-01 -1.117406e+01 8.449923e-01 -5.347241e-01 -7.626671e-03 1.330238e+02
-5.248668e-01 -8.510888e-01 1.275409e-02 -1.250294e+02 -1.292111e-02 -7.015547e-03 -9.998919e-01 -1.119557e+01 8.510863e-01 -5.249749e-01 -7.314784e-03 1.337340e+02
-5.141938e-01 -8.576013e-01 1.116903e-02 -1.254652e+02 -1.210564e-02 -5.764198e-03 -9.999101e-01 -1.121299e+01 8.575886e-01 -5.142828e-01 -7.417899e-03 1.344464e+02
-5.038417e-01 -8.637453e-01 9.363082e-03 -1.258733e+02 -1.102730e-02 -4.406867e-03 -9.999295e-01 -1.123306e+01 8.637256e-01 -5.039094e-01 -7.304411e-03 1.351635e+02
-4.939685e-01 -8.694405e-01 8.265792e-03 -1.263000e+02 -1.053131e-02 -3.523124e-03 -9.999383e-01 -1.124827e+01 8.694160e-01 -4.940251e-01 -7.416036e-03 1.358681e+02
-4.824579e-01 -8.758757e-01 8.729151e-03 -1.267031e+02 -1.056249e-02 -4.147430e-03 -9.999356e-01 -1.127128e+01 8.758555e-01 -4.825190e-01 -7.250467e-03 1.366210e+02
-4.735093e-01 -8.807346e-01 9.773681e-03 -1.271161e+02 -1.129433e-02 -5.024175e-03 -9.999236e-01 -1.128738e+01 8.807164e-01 -4.735835e-01 -7.568310e-03 1.373690e+02
-4.649109e-01 -8.852988e-01 1.019510e-02 -1.275289e+02 -1.156968e-02 -5.439288e-03 -9.999183e-01 -1.130634e+01 8.852819e-01 -4.649909e-01 -7.713842e-03 1.381496e+02
-4.590864e-01 -8.883401e-01 9.563582e-03 -1.279344e+02 -1.106309e-02 -5.047572e-03 -9.999261e-01 -1.132152e+01 8.883227e-01 -4.591583e-01 -7.510514e-03 1.388964e+02
-4.516083e-01 -8.921834e-01 7.666675e-03 -1.283340e+02 -7.666235e-03 -4.712293e-03 -9.999595e-01 -1.133221e+01 8.921834e-01 -4.516488e-01 -4.711576e-03 1.397208e+02
-4.460905e-01 -8.949788e-01 4.032603e-03 -1.287435e+02 -3.513391e-03 -2.754560e-03 -9.999900e-01 -1.134191e+01 8.949809e-01 -4.461003e-01 -1.915627e-03 1.405077e+02
-4.386097e-01 -8.986769e-01 1.169040e-03 -1.291494e+02 -6.666572e-04 -9.754746e-04 -9.999993e-01 -1.135311e+01 8.986774e-01 -4.386102e-01 -1.712569e-04 1.413202e+02
-4.322695e-01 -9.017438e-01 -1.064168e-03 -1.295681e+02 1.445434e-03 4.872227e-04 -9.999988e-01 -1.136091e+01 9.017433e-01 -4.322706e-01 1.092799e-03 1.421227e+02
-4.251987e-01 -9.050939e-01 -3.325731e-03 -1.299825e+02 4.010821e-03 1.790205e-03 -9.999903e-01 -1.136293e+01 9.050912e-01 -4.252079e-01 2.868977e-03 1.429801e+02
-4.171787e-01 -9.088113e-01 -4.891713e-03 -1.303776e+02 6.978530e-03 2.178987e-03 -9.999733e-01 -1.136336e+01 9.087977e-01 -4.172016e-01 5.433141e-03 1.438734e+02
-4.101980e-01 -9.119828e-01 -4.986524e-03 -1.307856e+02 8.901660e-03 1.463709e-03 -9.999593e-01 -1.136279e+01 9.119530e-01 -4.102257e-01 7.517751e-03 1.447518e+02
-4.014178e-01 -9.158794e-01 -5.363166e-03 -1.311579e+02 1.016075e-02 1.402127e-03 -9.999474e-01 -1.136110e+01 9.158387e-01 -4.014512e-01 8.743180e-03 1.456710e+02
-3.940332e-01 -9.190844e-01 -4.651056e-03 -1.315457e+02 1.003983e-02 7.559638e-04 -9.999493e-01 -1.134642e+01 9.190414e-01 -3.940599e-01 8.929575e-03 1.465493e+02
-3.852369e-01 -9.228140e-01 -2.623291e-03 -1.319024e+02 1.015040e-02 -1.394814e-03 -9.999475e-01 -1.135690e+01 9.227619e-01 -3.852433e-01 9.904262e-03 1.474621e+02
-3.770139e-01 -9.262070e-01 -1.075615e-03 -1.322799e+02 8.834109e-03 -2.434673e-03 -9.999580e-01 -1.134563e+01 9.261655e-01 -3.770076e-01 9.100119e-03 1.483707e+02
-3.653795e-01 -9.308586e-01 -4.550519e-04 -1.326266e+02 7.629463e-03 -2.505871e-03 -9.999678e-01 -1.135322e+01 9.308274e-01 -3.653712e-01 8.017545e-03 1.492796e+02
-3.528821e-01 -9.356653e-01 -2.154000e-03 -1.329991e+02 6.797470e-03 -2.615844e-04 -9.999769e-01 -1.135081e+01 9.356431e-01 -3.528886e-01 6.452465e-03 1.502151e+02
-3.361459e-01 -9.417924e-01 -5.748166e-03 -1.333420e+02 7.880246e-03 3.290580e-03 -9.999635e-01 -1.135698e+01 9.417769e-01 -3.361790e-01 6.315441e-03 1.512131e+02
-3.186349e-01 -9.478291e-01 -9.578507e-03 -1.336964e+02 1.073035e-02 6.497679e-03 -9.999213e-01 -1.134780e+01 9.478168e-01 -3.187126e-01 8.100152e-03 1.522040e+02
-2.975069e-01 -9.546338e-01 -1.280365e-02 -1.340508e+02 1.268081e-02 9.458514e-03 -9.998748e-01 -1.134487e+01 9.546354e-01 -2.976320e-01 9.291556e-03 1.532405e+02
-2.784255e-01 -9.603529e-01 -1.419588e-02 -1.343842e+02 1.361508e-02 1.083242e-02 -9.998486e-01 -1.134278e+01 9.603613e-01 -2.785767e-01 1.005926e-02 1.542517e+02
-2.564945e-01 -9.664199e-01 -1.559414e-02 -1.346976e+02 1.510163e-02 1.212488e-02 -9.998124e-01 -1.132621e+01 9.664277e-01 -2.566819e-01 1.148455e-02 1.552883e+02
-2.350378e-01 -9.718477e-01 -1.640792e-02 -1.349852e+02 1.801255e-02 1.252289e-02 -9.997593e-01 -1.132341e+01 9.718193e-01 -2.352768e-01 1.456211e-02 1.563243e+02
-2.114174e-01 -9.772130e-01 -1.890817e-02 -1.352136e+02 2.181095e-02 1.462367e-02 -9.996551e-01 -1.130088e+01 9.771525e-01 -2.117569e-01 1.822225e-02 1.574160e+02
-1.898265e-01 -9.816015e-01 -2.060095e-02 -1.354626e+02 2.600694e-02 1.594797e-02 -9.995345e-01 -1.128654e+01 9.814731e-01 -1.902739e-01 2.250111e-02 1.584842e+02
-1.681270e-01 -9.855010e-01 -2.282671e-02 -1.356831e+02 2.958259e-02 1.810180e-02 -9.993984e-01 -1.126298e+01 9.853213e-01 -1.687011e-01 2.611027e-02 1.595810e+02
-1.440305e-01 -9.892567e-01 -2.502812e-02 -1.358201e+02 2.988164e-02 2.093247e-02 -9.993342e-01 -1.123771e+01 9.891220e-01 -1.446825e-01 2.654570e-02 1.607421e+02
-1.227505e-01 -9.921209e-01 -2.506666e-02 -1.359984e+02 2.805452e-02 2.177874e-02 -9.993691e-01 -1.121327e+01 9.920409e-01 -1.233763e-01 2.516013e-02 1.618792e+02
-1.023737e-01 -9.944280e-01 -2.515196e-02 -1.361473e+02 2.703883e-02 2.249366e-02 -9.993813e-01 -1.118574e+01 9.943784e-01 -1.029904e-01 2.458541e-02 1.630158e+02
-8.161604e-02 -9.963731e-01 -2.407331e-02 -1.362246e+02 2.888780e-02 2.177883e-02 -9.993454e-01 -1.116684e+01 9.962451e-01 -8.225804e-02 2.700552e-02 1.642433e+02
-6.195806e-02 -9.977745e-01 -2.464004e-02 -1.363365e+02 3.090927e-02 2.275745e-02 -9.992631e-01 -1.114228e+01 9.976000e-01 -6.267400e-02 2.943047e-02 1.654166e+02
-3.940708e-02 -9.989023e-01 -2.532461e-02 -1.363458e+02 3.165380e-02 2.408362e-02 -9.992087e-01 -1.112035e+01 9.987217e-01 -4.017752e-02 3.066999e-02 1.667022e+02
-2.008092e-02 -9.994434e-01 -2.663942e-02 -1.364153e+02 3.213714e-02 2.598578e-02 -9.991456e-01 -1.108846e+01 9.992817e-01 -2.091987e-02 3.159743e-02 1.679201e+02
2.841426e-03 -9.996352e-01 -2.685730e-02 -1.363722e+02 3.252528e-02 2.693559e-02 -9.991079e-01 -1.105924e+01 9.994669e-01 1.965350e-03 3.258995e-02 1.691892e+02
2.232206e-02 -9.993348e-01 -2.884022e-02 -1.363955e+02 3.213035e-02 2.954960e-02 -9.990468e-01 -1.102592e+01 9.992344e-01 2.137413e-02 3.276858e-02 1.704053e+02
4.278922e-02 -9.986245e-01 -3.030064e-02 -1.363377e+02 3.125404e-02 3.165152e-02 -9.990102e-01 -1.099563e+01 9.985951e-01 4.179985e-02 3.256540e-02 1.716630e+02
6.207906e-02 -9.976141e-01 -3.020469e-02 -1.362872e+02 2.929946e-02 3.207159e-02 -9.990560e-01 -1.096795e+01 9.976411e-01 6.113548e-02 3.122053e-02 1.729055e+02
8.097052e-02 -9.961924e-01 -3.231895e-02 -1.361728e+02 2.703064e-02 3.460823e-02 -9.990354e-01 -1.093696e+01 9.963499e-01 8.001880e-02 2.972996e-02 1.741605e+02
9.901398e-02 -9.945465e-01 -3.276506e-02 -1.360687e+02 2.531217e-02 3.543347e-02 -9.990515e-01 -1.090897e+01 9.947640e-01 9.809070e-02 2.868254e-02 1.754378e+02
