1.000000000000 0.000000000000 -0.000000000000 0.000000000000 0.000000000000 1.000000000000 0.000000000000 -0.000000000000 0.000000000000 -0.000000000000 1.000000000000 -0.000000000000
0.999999038334 0.000014505275 0.001386766264 0.004419183543 -0.000014484960 0.999999999788 -0.000014660743 -0.017121640000 -0.001386766574 0.000014640644 0.999999038332 0.958868746669
0.999997746280 0.000022213913 0.002122955650 0.002896755667 -0.000022166303 0.999999999502 -0.000022451827 -0.033041580000 -0.002122956298 0.000022404721 0.999997746276 1.917197120015
0.999993838389 0.000036755795 0.003510246359 0.010367312241 -0.000036625626 0.999999998639 -0.000037148906 -0.063418530000 -0.003510247969 0.000037020118 0.999993838377 2.862268509615
0.999997427872 0.000023733025 0.002267969246 0.028772773580 -0.000023678689 0.999999999432 -0.000023987172 -0.095036210000 -0.002267969975 0.000023933411 0.999997427868 3.811513260480
0.999999557674 0.000009835292 0.000940507922 0.028286246710 -0.000009825949 0.999999999902 -0.000009940754 -0.122217300000 -0.000940508086 0.000009931510 0.999999557674 4.752328902945
0.999999902803 0.000004609288 0.000440878275 0.029003442958 -0.000004607236 0.999999999979 -0.000004658738 -0.144870500000 -0.000440878328 0.000004656707 0.999999902803 5.706924600388
0.999999857787 -0.000005572658 -0.000533287083 0.019858725825 0.000005575664 0.999999999969 0.000005632502 -0.153567300000 0.000533287089 -0.000005635475 0.999999857786 6.626341737405
0.999999282807 -0.000012510208 -0.001197592505 0.031240722827 0.000012525362 0.999999999842 0.000012644642 -0.167881400000 0.001197592431 -0.000012659635 0.999999282805 7.565980442932
0.999998702148 -0.000016825516 -0.001611030488 0.025806387538 0.000016852939 0.999999999713 0.000017006397 -0.179166100000 0.001611030316 -0.000017033528 0.999998702144 8.478290240577
0.999995178295 -0.000032406151 -0.003105211532 0.015956229971 0.000032508026 0.999999998935 0.000032755055 -0.186584800000 0.003105210688 -0.000032855846 0.999995178282 9.397388714278
0.999991326748 -0.000043439487 -0.004164677875 0.018131952041 0.000043622736 0.999999998084 0.000043907681 -0.191630100000 0.004164676256 -0.000044088981 0.999991326725 10.312121855702
0.999990319654 -0.000045886753 -0.004399828854 0.017155890364 0.000046091279 0.999999997862 0.000046381441 -0.199718500000 0.004399827029 -0.000046583792 0.999990319628 11.224656233970
0.999984246627 -0.000058500708 -0.005612760262 0.006019360643 0.000058833541 0.999999996521 0.000059132150 -0.215560100000 0.005612757181 -0.000059461446 0.999984246586 12.128986385364
0.999979689974 -0.000066399026 -0.006373008111 -0.009052840265 0.000066828129 0.999999995515 0.000067116270 -0.235485800000 0.006373004079 -0.000067540812 0.999979689922 13.031475484448
0.999969111899 -0.000081822647 -0.007859297317 -0.009187039697 0.000082475236 0.999999993178 0.000082707819 -0.260252200000 0.007859291053 -0.000083353473 0.999969111821 13.919188005057
0.999953291029 -0.000100525982 -0.009664660067 -0.027114109845 0.000101512822 0.999999989684 0.000101615465 -0.276057400000 0.009664650438 -0.000102591820 0.999953290913 14.838264629996
0.999937186349 -0.000116483117 -0.011207577202 -0.037700799654 0.000117810203 0.999999986128 0.000117747501 -0.285110600000 0.011207564126 -0.000119060488 0.999937186193 15.725530614676
0.999917924533 -0.000133041279 -0.012811186328 -0.049202152453 0.000134775312 0.999999981874 0.000134487726 -0.293361000000 0.012811169112 -0.000136203339 0.999917924331 16.587067288014
0.999891833994 -0.000152581971 -0.014707039965 -0.081495229808 0.000154867222 0.999999976112 0.000154244034 -0.298243900000 0.014707017122 -0.000156505010 0.999891833730 17.473197950020
0.999864297285 -0.000170749081 -0.016472943002 -0.117444689799 0.000173616104 0.999999970031 0.000172612343 -0.304405500000 0.016472914204 -0.000175448911 0.999864296954 18.363231807985
0.999849409269 -0.000179790505 -0.017352995468 -0.136269531634 0.000182972068 0.999999966743 0.000181754167 -0.313840200000 0.017352963444 -0.000184901935 0.999849408902 19.221650203272
0.999800320092 -0.000206750631 -0.019981921408 -0.173245976725 0.000210969306 0.999999955902 0.000209014729 -0.323688200000 0.019981878730 -0.000213188594 0.999800319608 20.111456901638
0.999764770408 -0.000224203973 -0.021687636252 -0.200973386849 0.000229173709 0.999999948051 0.000226663416 -0.322039800000 0.021687585845 -0.000231580366 0.999764769839 20.982475608393
0.999735855963 -0.000237425415 -0.022981773392 -0.215744698131 0.000243006029 0.999999941665 0.000240033286 -0.320508900000 0.022981716692 -0.000245554626 0.999735855325 21.821852102041
0.999704764652 -0.000250839215 -0.024296513882 -0.235028883412 0.000257076697 0.999999934799 0.000253598070 -0.317218500000 0.024296450409 -0.000259769302 0.999704763939 22.690895930129
0.999689711266 -0.000257073102 -0.024908132732 -0.259976965398 0.000263628617 0.999999931475 0.000259902260 -0.315926600000 0.024908065978 -0.000266388148 0.999689710518 23.534109499751
0.999655228604 -0.000270791961 -0.026255486372 -0.286015757145 0.000278075993 0.999999923859 0.000273776141 -0.314024100000 0.026255412099 -0.000280982810 0.999655227774 24.383999300881
0.999637015793 -0.000277753598 -0.026939923459 -0.310271853024 0.000285422414 0.999999919837 0.000280816606 -0.305738300000 0.026939845213 -0.000288403971 0.999637014920 25.223076677212
0.999631480454 -0.000279833652 -0.027144519596 -0.341944932869 0.000287619413 0.999999918615 0.000282920234 -0.298849200000 0.027144440142 -0.000290623302 0.999631479567 26.052793370410
0.999592294598 -0.000294120557 -0.028550972602 -0.365260383337 0.000302734200 0.999999909961 0.000297369319 -0.293049000000 0.028550884595 -0.000305891477 0.999592293617 26.874046072467
0.999574563934 -0.000300351990 -0.029165062770 -0.395252608133 0.000309340230 0.999999906045 0.000303671633 -0.293405100000 0.029164970891 -0.000312564410 0.999574562911 27.683395855871
0.999554693565 -0.000307178353 -0.029838233360 -0.427355058006 0.000316586395 0.999999901657 0.000310575746 -0.298276700000 0.029838137140 -0.000319883867 0.999554692496 28.480841247486
0.999508783780 -0.000322372403 -0.031338270122 -0.452784599191 0.000332750383 0.999999891518 0.000325943229 -0.303038600000 0.031338163871 -0.000336210987 0.999508782601 29.257467070041
0.999444670920 -0.000342410600 -0.033320151095 -0.481844642551 0.000354143095 0.999999877359 0.000346210956 -0.302456100000 0.033320030826 -0.000357818845 0.999444669589 30.030503796368
0.999385123421 -0.000359973435 -0.035060596699 -0.506268713680 0.000372963992 0.999999864209 0.000363975725 -0.289316600000 0.035060463404 -0.000376828316 0.999385121948 30.790552881820
0.999323099992 -0.000377351400 -0.036785858111 -0.537860447372 0.000391652329 0.999999850511 0.000381554198 -0.284946000000 0.036785711242 -0.000395703244 0.999323098372 31.557909290375
0.999223686742 -0.000403559134 -0.039393665865 -0.578849095104 0.000419960370 0.999999828557 0.000408065643 -0.285958200000 0.039393497227 -0.000424292691 0.999223684885 32.306319817881
0.999162480533 -0.000418830128 -0.040916524620 -0.612443618354 0.000436524469 0.999999815040 0.000423514346 -0.291315500000 0.040916342575 -0.000441020768 0.999162478531 33.040058035907
0.999072407152 -0.000440279201 -0.043059625169 -0.656351669435 0.000459876526 0.999999795148 0.000445213949 -0.298098900000 0.043059423385 -0.000464603145 0.999072404936 33.759327135849
0.999015201108 -0.000453339134 -0.044366905783 -0.706910387254 0.000474145052 0.999999782514 0.000458426958 -0.301180900000 0.044366691459 -0.000479011912 0.999015198757 34.465120027985
0.998930744008 -0.000471913208 -0.046229274842 -0.750117255763 0.000494503453 0.999999763863 0.000477219437 -0.301298700000 0.046229042000 -0.000499569770 0.998930741457 35.164662128188
0.998861220081 -0.000486632046 -0.047707715095 -0.783583443810 0.000510691125 0.999999748509 0.000492111934 -0.293500200000 0.047707467004 -0.000515915502 0.998861217364 35.858999793232
0.998813515190 -0.000496459660 -0.048696152482 -0.822140172884 0.000521526602 0.999999737974 0.000502055788 -0.284560100000 0.048695893927 -0.000526856515 0.998813512360 36.549239319306
0.998791693235 -0.000500885741 -0.049141657486 -0.855435814980 0.000526413715 0.999999733154 0.000506534296 -0.282922200000 0.049141394144 -0.000531791160 0.998791690354 37.214304649641
0.998839503396 -0.000491132223 -0.048160202609 -0.898027664696 0.000515650111 0.999999743713 0.000496665310 -0.275350300000 0.048159949755 -0.000520922815 0.998839500628 37.867095241726
0.998932112600 -0.000471618491 -0.046199695607 -0.933075985977 0.000494179822 0.999999764165 0.000476921248 -0.264395200000 0.046199463064 -0.000499242974 0.998932110051 38.522769168621
0.999019338127 -0.000452408228 -0.044273663368 -0.964099696365 0.000473126743 0.999999783428 0.000457485127 -0.259033300000 0.044273449951 -0.000477983607 0.999019335785 39.164492693410
0.999147591536 -0.000422456009 -0.041278466135 -0.995961896802 0.000440464911 0.999999811752 0.000427182502 -0.254690900000 0.041278280827 -0.000445000144 0.999147589499 39.797795751715
0.999283318821 -0.000388064456 -0.037850998088 -1.026330331111 0.000403205843 0.999999841726 0.000392391210 -0.256141600000 0.037850842510 -0.000407371789 0.999283317107 40.422860083379
0.999405109180 -0.000354181364 -0.034486261610 -1.057041133078 0.000366749682 0.999999868622 0.000358116980 -0.255999300000 0.034486132688 -0.000370551815 0.999405107755 41.040065084201
0.999543620502 -0.000310914357 -0.030206853567 -1.093760462767 0.000320556340 0.999999899212 0.000314354346 -0.254243900000 0.030206754928 -0.000323893924 0.999543619406 41.630898608051
0.999694467035 -0.000255120755 -0.024716542393 -1.115549461191 0.000261575795 0.999999932525 0.000257927886 -0.250492700000 0.024716476676 -0.000264314365 0.999694466298 42.211056231275
0.999812372052 -0.000200477445 -0.019369576331 -1.141297402556 0.000204441497 0.999999958563 0.000202671495 -0.247275900000 0.019369536271 -0.000206593441 0.999812371597 42.780392168868
0.999918116793 -0.000132886386 -0.012796173196 -1.150142156538 0.000134616357 0.999999981916 0.000134331128 -0.246126500000 0.012796156022 -0.000136042721 0.999918116591 43.344908743737
0.999985525971 -0.000056081603 -0.005380028346 -1.156717104480 0.000056387407 0.999999996803 0.000056686793 -0.246330700000 0.005380025531 -0.000056989346 0.999985525933 43.875464132553
0.999998646722 0.000017209325 0.001645070391 -1.160758610433 -0.000017180738 0.999999999701 -0.000017393728 -0.246031100000 -0.001645070806 0.000017365443 0.999998646720 44.384585280107
0.999956954234 0.000097432037 0.009277940228 -1.164480041114 -0.000096522629 0.999999990494 -0.000098468068 -0.240156900000 -0.009277950392 0.000097568312 0.999956954138 44.876434594205
0.999846774131 0.000184579824 0.017504118255 -1.158383753808 -0.000181342660 0.999999966162 -0.000186526363 -0.234850200000 -0.017504153333 0.000183323565 0.999846773781 45.335544328544
0.999677244153 0.000268938246 0.025403447238 -1.144368209927 -0.000262119442 0.999999928723 -0.000271751969 -0.236866100000 -0.025403520314 0.000265005560 0.999677243409 45.777362584276
0.999439404501 0.000355845721 0.033477604484 -1.135563136713 -0.000344002100 0.999999876198 -0.000359538578 -0.238030100000 -0.033477730655 0.000347820706 0.999439403201 46.197521610940
0.999157211545 0.000437922660 0.041044788869 -1.110999554493 -0.000420117170 0.999999813879 -0.000442432802 -0.239525600000 -0.041044977893 0.000424816366 0.999157209585 46.597929612018
0.998787953892 0.000527246808 0.049217323831 -1.092500196069 -0.000501640036 0.999999732331 -0.000532632382 -0.239174700000 -0.049217594978 0.000507297501 0.998787951067 46.960496613935
0.998296815423 0.000627746746 0.058335872048 -1.065839675888 -0.000591763720 0.999999623868 -0.000634100211 -0.238752500000 -0.058336252299 0.000598499257 0.998296811447 47.311462681285
0.997776273586 0.000720130836 0.066648247689 -1.046723177201 -0.000673150351 0.999999508911 -0.000727358453 -0.240415400000 -0.066648743481 0.000680876816 0.997776268387 47.630154468488
0.997099549258 0.000826115151 0.076103915408 -1.014129842143 -0.000764837543 0.999999359462 -0.000834327663 -0.244398400000 -0.076104561311 0.000773700721 0.997099542470 47.935111582013
0.996339329845 0.000932164389 0.085481403215 -0.978331520041 -0.000854825660 0.999999191575 -0.000941343661 -0.253270600000 -0.085482217662 0.000864826146 0.996339321272 48.217720038104
0.995392031808 0.001050897129 0.095883251455 -0.944045730921 -0.000953544876 0.999998982372 -0.001061137098 -0.260777200000 -0.095884275831 0.000964818576 0.995392021008 48.477605523930
0.994162537747 0.001189346649 0.107886204383 -0.904674511632 -0.001066018924 0.999998710850 -0.001200795285 -0.267589300000 -0.107887501118 0.001078777119 0.994162524056 48.743257640540
0.992567734944 0.001350436265 0.121685934829 -0.866620333950 -0.001193415202 0.999998358651 -0.001363254170 -0.273442500000 -0.121687584722 0.001207900448 0.992567717503 49.008500244572
0.990551017703 0.001533235087 0.137136169875 -0.822947417946 -0.001333606911 0.999997913277 -0.001547560101 -0.280568000000 -0.137138266212 0.001350051704 0.990550995518 49.263698184694
0.988095875334 0.001733659748 0.153829560832 -0.770675620715 -0.001482161862 0.999997371080 -0.001749582163 -0.286092200000 -0.153832200521 0.001500754853 0.988095847371 49.521493613534
0.985378967386 0.001935208400 0.170365910398 -0.714925611646 -0.001626310490 0.999996771075 -0.001952681239 -0.291571400000 -0.170369151232 0.001647063426 0.985378933029 49.764890289875
0.982081655813 0.002158998687 0.188443512467 -0.652190659744 -0.001780438578 0.999996042892 -0.002178129758 -0.296761900000 -0.188447482724 0.001803589481 0.982081613694 50.006277931176
0.978126079129 0.002405190874 0.207999002819 -0.591196498524 -0.001943061417 0.999995169338 -0.002426072144 -0.302290800000 -0.208003847969 0.001968849932 0.978126027698 50.250741427086
0.973776196609 0.002654901449 0.227492563813 -0.528364443726 -0.002100872151 0.999994208704 -0.002677481745 -0.306784300000 -0.227498370926 0.002129335568 0.973776134935 50.484423320029
0.968594419392 0.002930570219 0.248628755226 -0.448731224053 -0.002267065661 0.999993064353 -0.002954940515 -0.311706200000 -0.248635708125 0.002298481587 0.968594345516 50.716526251307
0.962543794446 0.003229445881 0.271107006650 -0.369895511403 -0.002438109939 0.999991728125 -0.003255659288 -0.317908500000 -0.271115297296 0.002472726406 0.962543706321 50.950635564772
0.955317111749 0.003561401447 0.295561374378 -0.284144936428 -0.002617387574 0.999990132175 -0.003589547749 -0.325504100000 -0.295571262619 0.002655558214 0.955317006602 51.189847724936
0.946837014641 0.003924095839 0.321689697724 -0.186900562371 -0.002800923179 0.999988259419 -0.003954222248 -0.334079600000 -0.321701460469 0.002842976402 0.946836889519 51.424838707528
0.937244868078 0.004307185007 0.348645230234 -0.077209169553 -0.002981359315 0.999986141076 -0.004339259595 -0.343953700000 -0.348659113115 0.003027512679 0.937244720360 51.674792092426
0.926236654273 0.004718950136 0.376912962719 0.040433818711 -0.003160554191 0.999983710007 -0.004752961287 -0.354495800000 -0.376929278537 0.003211113769 0.926236480621 51.903871121550
0.913170327807 0.005177173984 0.407545257899 0.169401617139 -0.003342726085 0.999980824421 -0.005213156129 -0.364272100000 -0.407564461312 0.003398188042 0.913170123370 52.148674910630
0.898578243645 0.005657780944 0.438776840346 0.300719419324 -0.003515046440 0.999977601885 -0.005695630184 -0.373393900000 -0.438799268329 0.003575649177 0.898578004828 52.372175729054
0.881419546426 0.006189389129 0.472293614735 0.458446854288 -0.003684143243 0.999973812534 -0.006229073957 -0.382434500000 -0.472319834231 0.003750431065 0.881419267178 52.589215923257
0.861832710003 0.006760626543 0.507147567615 0.622748398050 -0.003841570029 0.999969486950 -0.006802024629 -0.391906800000 -0.507178114923 0.003913965354 0.861832384601 52.813391629114
0.840417614240 0.007350007588 0.541889462811 0.796464324904 -0.003978514847 0.999964757610 -0.007392901302 -0.402597300000 -0.541924741656 0.004057210210 0.840417238372 53.034878238426
0.816093846831 0.007983004369 0.577864240784 0.985481863406 -0.004097623957 0.999959385915 -0.008027205783 -0.414760100000 -0.577904893571 0.004183083984 0.816093413642 53.256369884068
0.789320308872 0.008642736728 0.613920781547 1.195086345461 -0.004191712391 0.999953473209 -0.008687980244 -0.430253400000 -0.613967349263 0.004284221086 0.789319812587 53.479515379551
0.759862720392 0.009331235381 0.650016571996 1.424191927757 -0.004257861238 0.999946967754 -0.009377224358 -0.446740400000 -0.650069647359 0.004357724119 0.759862154683 53.711057962979
0.727122337423 0.010057779605 0.686434202015 1.681463552270 -0.004292700124 0.999939737321 -0.010104181945 -0.464713100000 -0.686494509984 0.004400321582 0.727121694550 53.937895943754
0.690829726933 0.010822736377 0.722936455932 1.963796280796 -0.004290903719 0.999931722409 -0.010869163153 -0.477639900000 -0.723004780947 0.004406691760 0.690828998522 54.146621205289
0.652609278625 0.011588903297 0.757605956738 2.255995397366 -0.004249588066 0.999923281751 -0.011634932669 -0.477769100000 -0.757682724391 0.004373553359 0.652608460130 54.349112954415
0.611003672713 0.012383050493 0.791530875696 2.591642038933 -0.004164734532 0.999914093509 -0.012428219247 -0.483219500000 -0.791616833475 0.004297173314 0.611002756152 54.558555120706
0.565050470757 0.013217846152 0.824950426028 2.938088536078 -0.004028677885 0.999903945139 -0.013261609959 -0.479275800000 -0.825046533973 0.004170021204 0.565049445880 54.762418723385
0.517540129639 0.014039551085 0.855543717731 3.318502917265 -0.003846632858 0.999893452887 -0.014081418227 -0.486089200000 -0.855650319501 0.003996738337 0.517538992774 54.946768393727
0.469407250268 0.014833550301 0.882857147879 3.717872002660 -0.003623729754 0.999882823153 -0.014873082997 -0.491392100000 -0.882974380716 0.003782299280 0.469405999944 55.124127456259
0.419332541760 0.015622222312 0.907698246574 4.145257422915 -0.003354474455 0.999871764582 -0.015658925403 -0.516619600000 -0.907826539115 0.003521448514 0.419331173398 55.291853568154
0.370280388604 0.016360754283 0.928775913799 4.574164323780 -0.003056682615 0.999860931834 -0.016394320253 -0.539617700000 -0.928915039967 0.003231524286 0.370278904612 55.432788715248
0.322258965483 0.017053321872 0.946497902567 5.022042978482 -0.002734702599 0.999850326714 -0.017083489867 -0.564592400000 -0.946647634510 0.002916919788 0.322257368289 55.552398124381
0.273742156511 0.017724154283 0.961639755972 5.508418119218 -0.002380521391 0.999839612191 -0.017750579283 -0.595773500000 -0.961800202901 0.002569880220 0.273740444945 55.647846932272
0.229789034309 0.018307958868 0.973068214964 5.992092686854 -0.002035729270 0.999829905520 -0.018330736151 -0.626679600000 -0.973238368822 0.002231301163 0.229787219128 55.716663504738
0.187663350584 0.018846910016 0.982052540462 6.492804876829 -0.001684691962 0.999820602424 -0.018865970350 -0.653241400000 -0.982231997525 0.001885997708 0.187661436094 55.780390320050
0.149888253846 0.019313531260 0.988514253507 7.011761553475 -0.001353239509 0.999812260117 -0.019329079609 -0.682130900000 -0.988702052861 0.001559508028 0.149886250303 55.841868328646
0.116703498423 0.019710701957 0.992971153456 7.538222199198 -0.001049316554 0.999804931547 -0.019723028267 -0.724289000000 -0.993166281279 0.001259807960 0.116701416648 55.888826702889
0.087467906372 0.020050863769 0.995965490228 8.087368272963 -0.000771818606 0.999798475117 -0.020060246902 -0.773785200000 -0.996167074326 0.000985925776 0.087465755674 55.922775711942
0.062418129575 0.020335128963 0.997842867835 8.657417067616 -0.000526857672 0.999792943088 -0.020341913099 -0.813750800000 -0.998049983780 0.000743985707 0.062415919821 55.945785416024
0.041704433039 0.020565202562 0.998918285862 9.231999518466 -0.000319313423 0.999788368645 -0.020569784072 -0.857379000000 -0.999129976066 0.000538885905 0.041702174452 55.953829142088
0.025423950970 0.020742877962 0.999461497400 9.810262449966 -0.000153031406 0.999784773240 -0.020745694373 -0.902061600000 -0.999676782843 0.000374491280 0.025421654001 55.955082501609
0.012145946881 0.020885732465 0.999708052974 10.411494365000 -0.000015361784 0.999781840906 -0.020887087259 -0.947374000000 -0.999926270601 0.000238338933 0.012143618609 55.967291999430
0.000614424370 0.021008301275 0.999779076989 11.023569331243 0.000105695650 0.999779294268 -0.021008370648 -0.996538700000 -0.999999841115 0.000118583149 0.000612068911 55.976040134819
-0.008346174738 0.021102583898 0.999742442510 11.640696088877 0.000200723425 0.999777315396 -0.021101644129 -1.055254000000 -0.999965185392 0.000024556524 -0.008348551322 55.967317506856
-0.015769729259 0.021180058074 0.999651264109 12.258335321449 0.000280086537 0.999775675967 -0.021178275441 -1.117194000000 -0.999875646319 -0.000053983993 -0.015772123345 55.950546436313
-0.019792243369 0.021221797360 0.999578827050 12.902088169779 0.000323330826 0.999774787629 -0.021219555430 -1.167977000000 -0.999804097542 -0.000096785136 -0.019794646938 55.937803801259
-0.023861486493 0.021263849317 0.999489073105 13.559334388049 0.000367249686 0.999773888972 -0.021261140907 -1.217524000000 -0.999715242198 -0.000140257551 -0.023863899655 55.936761262931
-0.025855321573 0.021284390567 0.999439045743 14.239640117640 0.000388832150 0.999773448650 -0.021281452913 -1.269538000000 -0.999665655128 -0.000161621946 -0.025857739436 55.924719355218
-0.027089217416 0.021297081796 0.999406092489 14.926470431346 0.000402209415 0.999773176155 -0.021294002049 -1.317429000000 -0.999632974352 -0.000174864481 -0.027091638189 55.914637226663
-0.027993507404 0.021306372747 0.999380973966 15.611199537568 0.000412023379 0.999772976450 -0.021303188757 -1.366117000000 -0.999608055520 -0.000184579814 -0.027995930308 55.884121296128
-0.029006189454 0.021316767194 0.999351872723 16.298940722022 0.000423023846 0.999772752808 -0.021313466355 -1.417061000000 -0.999579177905 -0.000195469937 -0.029008614746 55.851565382205
-0.028108278040 0.021307551324 0.999377727420 16.983525580364 0.000413269559 0.999772951104 -0.021304354097 -1.462354000000 -0.999604834319 -0.000185813483 -0.028110701215 55.837582952301
-0.025465050843 0.021280373123 0.999449151280 17.683863067406 0.000384604352 0.999773534838 -0.021277480376 -1.502437000000 -0.999675674483 -0.000157436797 -0.025467467786 55.821818073495
-0.024102285674 0.021266332331 0.999483242490 18.416027960617 0.000369854032 0.999773835793 -0.021263596258 -1.545746000000 -0.999709464757 -0.000142835537 -0.024104699404 55.813593546981
-0.021036648098 0.021234675547 0.999553138689 19.150079791108 0.000336743152 0.999774512813 -0.021232291161 -1.593908000000 -0.999778683980 -0.000110060739 -0.021039054601 55.808232005192
-0.018361902607 0.021206974936 0.999606439459 19.892303848563 0.000307934469 0.999775103508 -0.021204896532 -1.647724000000 -0.999831394093 -0.000081546147 -0.018364302804 55.798496781636
-0.016305815483 0.021185630502 0.999642545362 20.657806961786 0.000285839991 0.999775557577 -0.021183786762 -1.696725000000 -0.999867045955 -0.000059678284 -0.016308210832 55.791318918539
-0.013692466385 0.021158437272 0.999682332516 21.394690313203 0.000257821048 0.999776134713 -0.021156891112 -1.741686000000 -0.999906256009 -0.000031948060 -0.013694855574 55.772296823793
-0.010511500083 0.021125241329 0.999721542023 22.117926724469 0.000223812779 0.999776837202 -0.021124056350 -1.787932000000 -0.999944763070 0.000001707746 -0.010513881772 55.764410601746
-0.008011719563 0.021099079871 0.999745252659 22.843632616080 0.000197161424 0.999777389257 -0.021098177930 -1.839076000000 -0.999967921683 0.000028081319 -0.008014095359 55.768829465012
-0.005416830353 0.021071853947 0.999763253952 23.560228672789 0.000169565176 0.999777962317 -0.021071245072 -1.895775000000 -0.999985349951 0.000055388475 -0.005419200031 55.777777934058
-0.001632739942 0.021032024592 0.999777433797 24.304036362297 0.000129448129 0.999778798001 -0.021031841735 -1.955801000000 -0.999998694161 0.000095082588 -0.001635100699 55.773487772515
0.001216181010 0.021001939569 0.999778659735 25.043419365272 0.000099344056 0.999779427160 -0.021002076389 -2.008471000000 -0.999999290976 0.000124867188 0.001213826970 55.764054633672
0.004510189436 0.020967048593 0.999769958585 25.786219798327 0.000064642582 0.999780154614 -0.020967553896 -2.059391000000 -0.999989862412 0.000159198142 0.004507843162 55.760417751833
0.007914894441 0.020930865878 0.999749559802 26.525562985491 0.000028894163 0.999780906514 -0.020931750769 -2.113697000000 -0.999968711771 0.000194562310 0.007912556193 55.786393273610
0.011044666487 0.020897498043 0.999720580435 27.263772498871 -0.000003860634 0.999781597697 -0.020898730722 -2.167614000000 -0.999939041257 0.000226962737 0.011042335618 55.795263381511
0.015113067437 0.020853969989 0.999668263056 28.005684854332 -0.000046285604 0.999782496169 -0.020855653115 -2.226546000000 -0.999885825454 0.000268925418 0.015110746160 55.811149775100
0.018446860468 0.020818172520 0.999613048168 28.739741943821 -0.000080921113 0.999783232409 -0.020820223374 -2.288673000000 -0.999829874365 0.000303180726 0.018444547050 55.803349047171
0.021974871830 0.020780162983 0.999542504789 29.492795885514 -0.000117447801 0.999784011540 -0.020782601629 -2.343893000000 -0.999758551894 0.000339303704 0.021972566730 55.825754438643
0.024746052198 0.020750215968 0.999478359190 30.229947911813 -0.000146047459 0.999784623531 -0.020752958237 -2.395401000000 -0.999693794334 0.000367585276 0.024743753631 55.834885982588
0.028278773888 0.020711922778 0.999385439290 30.978861944639 -0.000182390009 0.999785403703 -0.020715050858 -2.445222000000 -0.999600094300 0.000403521078 0.028276483649 55.853371621096
0.030613737145 0.020686541082 0.999317164462 31.702614724293 -0.000206339034 0.999785919359 -0.020689923394 -2.496112000000 -0.999531303840 0.000427200492 0.030611452411 55.882152683068
0.034032188553 0.020649278623 0.999207359120 32.435770105281 -0.000241298129 0.999786674295 -0.020653032034 -2.537443000000 -0.999420743598 0.000461763764 0.034029911878 55.918955947625
0.036996196847 0.020616870723 0.999102674983 33.179059077980 -0.000271510772 0.999787328871 -0.020620944837 -2.578228000000 -0.999315404915 0.000491632141 0.036993927160 55.963944227575
0.039228932801 0.020592397646 0.999018004392 33.927373211385 -0.000294208663 0.999787821952 -0.020596712687 -2.620601000000 -0.999230241264 0.000514070049 0.039226668378 55.993140965366
0.041683737271 0.020565430186 0.998919145001 34.667412268384 -0.000319103807 0.999788364074 -0.020570009470 -2.667716000000 -0.999130839775 0.000538678707 0.041681478635 56.030374705873
0.043676725721 0.020543489592 0.998834439632 35.480110755556 -0.000339269041 0.999788804209 -0.020548282910 -2.711893000000 -0.999045694291 0.000558610851 0.043674471784 56.075185854550
0.046155505854 0.020516142867 0.998723528463 36.135075549568 -0.000364291454 0.999789351626 -0.020521201765 -2.761384000000 -0.998934235728 0.000583342735 0.046153257760 56.108764225476
0.049904322445 0.020474662256 0.998544078133 36.920847089045 -0.000402012015 0.999790179520 -0.020480121494 -2.812393000000 -0.998753957538 0.000620622598 0.049902083190 56.155812356559
0.052175985673 0.020449454583 0.998428472906 37.689083923186 -0.000424797725 0.999790681198 -0.020455155644 -2.867554000000 -0.998637850654 0.000643140489 0.052173751773 56.206850063703
0.054908489761 0.020419061392 0.998282549625 38.419098984617 -0.000452134093 0.999791284648 -0.020425052564 -2.922992000000 -0.998491323947 0.000670153935 0.054906262303 56.260701616342
0.058090081490 0.020383574277 0.998103191838 39.176111389976 -0.000483864402 0.999791987275 -0.020389902179 -2.973413000000 -0.998311263560 0.000701507191 0.058087861533 56.328858578600
0.060306852513 0.020358785801 0.997972210346 39.966146126241 -0.000505909603 0.999792476830 -0.020365347644 -3.024315000000 -0.998179792531 0.000723289006 0.060304637782 56.405217751124
0.063928940718 0.020318171570 0.997747559112 40.721905240609 -0.000541819156 0.999793276737 -0.020325114468 -3.080932000000 -0.997954341419 0.000758767006 0.063926734526 56.456899308145
0.067810712213 0.020274492341 0.997492146122 41.512664498927 -0.000580150035 0.999794133993 -0.020281841969 -3.135919000000 -0.997698071204 0.000796633748 0.067808515172 56.515577113048
0.070891981921 0.020239707764 0.997278602228 42.295683274394 -0.000610463380 0.999794814465 -0.020247379034 -3.188774000000 -0.997483846862 0.000826577460 0.070889792145 56.597558354704
0.075218694817 0.020190694514 0.996962593671 43.066955901363 -0.000652860507 0.999795769983 -0.020198815623 -3.244326000000 -0.997166882820 0.000868453736 0.075216515242 56.657093516644
0.079238403175 0.020144982178 0.996652088028 43.851485966570 -0.000692072468 0.999796657701 -0.020153519307 -3.297181000000 -0.996855489487 0.000907179905 0.079236233076 56.715557019682
0.083924580792 0.020091475446 0.996269505114 44.677097084481 -0.000737570515 0.999797692603 -0.020100495262 -3.352539000000 -0.996471871702 0.000952109306 0.083922421740 56.808342240205
0.088602869593 0.020037827368 0.995865425896 45.423922843630 -0.000782760550 0.999798725764 -0.020047326574 -3.402580000000 -0.996066759354 0.000996729167 0.088600721571 56.889129285046
0.094913923595 0.019965088764 0.995285221400 46.200845569659 -0.000843355456 0.999800119506 -0.019975230735 -3.461241000000 -0.995485161155 0.001056550966 0.094911790451 56.977207880125
0.102219780320 0.019880357345 0.994563129016 46.987621065543 -0.000912974724 0.999801732942 -0.019891237742 -3.525277000000 -0.994761455375 0.001125269607 0.102217664400 57.072297166212
0.110028619215 0.019789165740 0.993731362936 47.750555333145 -0.000986760299 0.999803457457 -0.019800828672 -3.592468000000 -0.993927964819 0.001198085822 0.110026521704 57.171399242290
0.116952728884 0.019707763032 0.992941888127 48.551221067173 -0.001051643116 0.999804986588 -0.019720114012 -3.662244000000 -0.993136960911 0.001262103278 0.116950647696 57.299061311633
0.123346291442 0.019632143355 0.992169441857 49.360249278148 -0.001111100105 0.999806398551 -0.019645124787 -3.727642000000 -0.992363102702 0.001320756338 0.123344225327 57.389175737290
0.130121100171 0.019551537341 0.991305284368 50.192724623419 -0.001173625337 0.999807894710 -0.019565181697 -3.792894000000 -0.991497449079 0.001382424580 0.130119050027 57.541172693360
0.137736958257 0.019460336844 0.990277615569 50.992542819455 -0.001243324919 0.999809576607 -0.019474720114 -3.850124000000 -0.990468098406 0.001451154475 0.137734926068 57.669364615470
0.145783202327 0.019363304528 0.989127014489 51.844375545081 -0.001316285437 0.999811353551 -0.019378461193 -3.912550000000 -0.989315720400 0.001523083231 0.145781189106 57.796292398337
0.152642268037 0.019280037029 0.988093390706 52.620848391458 -0.001377929280 0.999812868317 -0.019295847057 -3.968025000000 -0.988280581864 0.001583841620 0.152640270986 57.918929482147
0.157577043837 0.019219814927 0.987319606130 53.406094904765 -0.001421964086 0.999813958120 -0.019236091637 -4.023164000000 -0.987505707493 0.001627236003 0.157575058421 58.027759680599
0.162769839512 0.019156158603 0.986478054357 54.162184102069 -0.001468015850 0.999815104905 -0.019172923333 -4.082523000000 -0.986663008941 0.001672610795 0.162767866337 58.173786008746
0.168438927315 0.019086328519 0.985527255206 54.946410712416 -0.001517956468 0.999816356874 -0.019103622434 -4.143701000000 -0.985710957824 0.001721808751 0.168436967505 58.328399244459
0.173321119517 0.019025910093 0.984681540049 55.726202728884 -0.001560684017 0.999817435065 -0.019043656723 -4.204409000000 -0.984864164478 0.001763893706 0.173319171216 58.482783872121
0.178428420360 0.018962426736 0.983770123730 56.483873188051 -0.001605102500 0.999818562968 -0.018980643958 -4.262120000000 -0.983951620255 0.001807636970 0.178426484100 58.613456631999
0.183418689371 0.018900121618 0.982853143191 57.258183132680 -0.001648226694 0.999819665026 -0.018918795682 -4.318314000000 -0.983033537655 0.001850098450 0.183416764875 58.773704753878
0.187346790874 0.018850885300 0.982112903622 58.026296613377 -0.001681979296 0.999820532514 -0.018869916900 -4.369152000000 -0.982292430596 0.001883327327 0.187344875638 58.911339599825
0.190551026077 0.018810596193 0.981497019560 58.745942099236 -0.001709386000 0.999821240142 -0.018829918090 -4.420802000000 -0.981675838902 0.001910305465 0.190549118395 59.047909558527
0.194143904252 0.018765285473 0.980793525709 59.446557624393 -0.001739981944 0.999822033598 -0.018784931429 -4.467621000000 -0.980971551590 0.001940419414 0.194142005040 59.202006918637
0.195778822005 0.018744619798 0.980468879515 60.152057760762 -0.001753857143 0.999822394656 -0.018764412708 -4.516372000000 -0.980646544335 0.001954074776 0.195776926647 59.361913612447
0.197871098221 0.018718129800 0.980049280279 60.864996066070 -0.001771570622 0.999822856717 -0.018738110309 -4.564529000000 -0.980226483036 0.001971506457 0.197869207796 59.511690594480
0.199728933934 0.018694567297 0.979672801411 61.567607852445 -0.001787258576 0.999823267004 -0.018714713947 -4.614787000000 -0.979849593876 0.001986943751 0.199727047888 59.662370053520
0.201556837182 0.018671346992 0.979298807290 62.225451032665 -0.001802656345 0.999823670681 -0.018691656705 -4.657586000000 -0.979475196075 0.002002094497 0.201554955445 59.805717492349
0.203779600460 0.018643060600 0.978839232235 62.911613828721 -0.001821330227 0.999824161560 -0.018663568062 -4.706379000000 -0.979015130137 0.002020467457 0.203777723964 59.967138760430
0.205083720763 0.018626439041 0.978567143899 63.586643039609 -0.001832260791 0.999824449563 -0.018647062251 -4.758759000000 -0.978742753795 0.002031221192 0.205081847341 60.107687912096
0.205841534602 0.018616771677 0.978408202305 64.238415271077 -0.001838603744 0.999824616920 -0.018637462053 -4.814707000000 -0.978583644842 0.002037461298 0.205839662966 60.243462907261
0.205883303714 0.018616238646 0.978399423960 64.899816448138 -0.001838953169 0.999824626144 -0.018636932722 -4.867829000000 -0.978574857273 0.002037805051 0.205881432177 60.380614106860
0.205589440418 0.018619988331 0.978461143791 65.546243499224 -0.001836494410 0.999824561247 -0.018640656371 -4.913385000000 -0.978636642002 0.002035386184 0.205587568188 60.528976977019
0.204218734295 0.018637465772 0.978747814955 66.161104468355 -0.001825012971 0.999824258538 -0.018658012232 -4.965400000000 -0.978923615878 0.002024090680 0.204216858834 60.655615248127
0.202021345345 0.018665440309 0.979203201153 66.797399261800 -0.001806563317 0.999823773264 -0.018685791396 -5.018319000000 -0.979379487355 0.002005938632 0.202019464703 60.796417568305
0.200221775283 0.018688310270 0.979572314582 67.385193103046 -0.001791413797 0.999823375844 -0.018708500924 -5.076711000000 -0.979748998207 0.001991032409 0.200219890399 60.915128853809
0.198450244392 0.018710788734 0.979932313260 67.985813572188 -0.001776465165 0.999822984617 -0.018730821079 -5.130339000000 -0.980109388116 0.001976322906 0.198448355332 61.044584956691
0.196386100282 0.018736936139 0.980347570237 68.572414673363 -0.001759003439 0.999822528768 -0.018756783552 -5.182058000000 -0.980525100945 0.001959139335 0.196384206356 61.161403848784
0.192441095336 0.018786777839 0.981128642599 69.107511013118 -0.001725499100 0.999821657548 -0.018806270401 -5.231855000000 -0.981307044533 0.001926165199 0.192439192110 61.263584717309
0.189706741661 0.018821222975 0.981660351235 69.699917131580 -0.001702175602 0.999821053689 -0.018840468499 -5.285896000000 -0.981839357031 0.001903208109 0.189704831988 61.376941258517
0.187632454591 0.018847298049 0.982058436519 70.293917725878 -0.001684427257 0.999820595600 -0.018866355579 -5.342758000000 -0.982237900405 0.001885737130 0.187630540029 61.490361329915
0.185267738400 0.018876966108 0.982506720891 70.858166316921 -0.001664136005 0.999820073373 -0.018895808700 -5.393054000000 -0.982686707007 0.001865761459 0.185265818263 61.655216958818
0.183674924667 0.018896915048 0.982805352013 71.427682721043 -0.001650433602 0.999819721614 -0.018915612490 -5.440828000000 -0.982985689890 0.001852271250 0.183673000775 61.755395142132
0.181444679723 0.018924800481 0.983219004783 71.989532015089 -0.001631200695 0.999819229083 -0.018943294182 -5.485365000000 -0.983399835191 0.001833334953 0.181442750573 61.868064200890
0.179608203617 0.018947721454 0.983555696561 72.533267452578 -0.001615322475 0.999818823513 -0.018966046947 -5.532216000000 -0.983736932540 0.001817700533 0.179606270138 61.954471183292
0.178378733544 0.018963045716 0.983779122303 73.093352225091 -0.001604671748 0.999818551995 -0.018981258375 -5.583135000000 -0.983960629800 0.001807212802 0.178376797167 62.068997332156
0.177210883988 0.018977586573 0.983989880505 73.651659053836 -0.001594539471 0.999818294086 -0.018995691888 -5.630170000000 -0.984171645913 0.001797235186 0.177208944858 62.176710487535
0.177599497967 0.018972749614 0.983919907430 74.190195720383 -0.001597912752 0.999818379908 -0.018990890667 -5.676448000000 -0.984101587015 0.001800557019 0.177597559753 62.249592245985
0.179535516668 0.018948627895 0.983568949767 74.741506234321 -0.001614693260 0.999818807461 -0.018966946721 -5.720800000000 -0.983750201799 0.001817080959 0.179533583017 62.357090164462
0.181544990973 0.018923547433 0.983200512025 75.295335533438 -0.001632066921 0.999819251236 -0.018942050311 -5.768173000000 -0.983381320281 0.001834187851 0.181543062059 62.438346150912
0.185179348267 0.018878073868 0.982523362896 75.829333078608 -0.001663376349 0.999820053853 -0.018896908413 -5.817062000000 -0.982703368532 0.001865013586 0.185177427922 62.533941466943
0.191074776083 0.018803999933 0.981395318421 76.399919207789 -0.001713854996 0.999821355808 -0.018823369165 -5.862448000000 -0.981574022097 0.001914704294 0.191072869635 62.650543600135
0.197982718144 0.018716715233 0.980026764716 76.953385663076 -0.001772514246 0.999822881368 -0.018736705735 -5.912287000000 -0.980203942822 0.001972435033 0.197980827982 62.770422170199
0.205395786690 0.018622458819 0.978501766333 77.522037518196 -0.001834873580 0.999824518480 -0.018643109696 -5.961148000000 -0.978677307311 0.002033791636 0.205393914004 62.890194510085
0.218040985370 0.018460260561 0.975764971564 78.127680508670 -0.001939830175 0.999827311064 -0.018482022708 -6.008758000000 -0.975937719923 0.002137022579 0.218039142494 62.784480128230
0.225834544622 0.018359398948 0.973992619797 78.712660024591 -0.002003622928 0.999829032205 -0.018381836396 -6.059871000000 -0.974163646987 0.002199742166 0.225832720119 62.913617375499
0.233888504511 0.018254445680 0.972092009751 79.289129075686 -0.002068825505 0.999830810853 -0.018277573248 -6.107865000000 -0.972261258259 0.002263827976 0.233886698994 63.085090465024
0.243045211059 0.018134225784 0.969845404325 79.859354639925 -0.002142059160 0.999832833034 -0.018158128341 -6.150779000000 -0.970012630609 0.002335782333 0.243043427128 63.249476943288
0.250517435074 0.018035410506 0.967944043839 80.486548187032 -0.002201109404 0.999834483210 -0.018059937849 -6.192815000000 -0.968109619905 0.002393780988 0.250515668758 63.723641972252
0.261715826896 0.017886113521 0.964979194910 81.083932233751 -0.002288400612 0.999836956279 -0.017911564274 -6.239009000000 -0.965142297837 0.002479483272 0.261714086979 63.920462167426
0.271226451525 0.017758173369 0.962351699400 81.709909499446 -0.002361391231 0.999839056620 -0.017784396076 -6.285674000000 -0.962512701920 0.002551112158 0.271224734028 64.101571910729
0.281236341354 0.017622371465 0.959476683812 82.331383911475 -0.002437068062 0.999841267218 -0.017649394356 -6.324963000000 -0.959635475656 0.002625343477 0.281234647454 64.299054205436
